0.553533,0.937812,0.776026,0.219611,0.007750,0.903243,0.834092,0.337246,0.984808,0.805536,1.937812,1.337246,1.903243,1.805536,1.776026,1.984808,0.000000,0.000000,0.000000,0.000000
0.765655,0.780966,0.535409,0.299267,0.156882,0.297589,0.181716,0.584358,0.111175,0.922551,1.780966,1.584358,1.297589,1.922551,1.535409,1.111175,0.000000,0.000000,0.000000,0.000000
0.787217,0.198269,0.797832,0.667211,0.979086,0.198228,0.752309,0.706824,0.195494,0.907388,1.198269,1.706824,1.198228,1.907388,1.797832,1.195494,0.000000,0.000000,0.000000,0.000000
0.783315,0.645904,0.673649,0.918034,0.450734,0.804741,0.371626,0.603772,0.500703,0.167400,1.645904,1.603772,1.804741,1.167400,1.673649,1.500703,0.000000,0.000000,0.000000,0.000000
0.929953,0.310740,0.970262,0.034838,0.493885,0.330759,0.787636,0.070417,0.557159,0.483440,1.310740,1.070417,1.330759,1.483440,1.970262,1.557159,0.000000,0.000000,0.000000,0.000000
0.602954,0.575115,0.286109,0.887822,0.472535,0.768390,0.123087,0.853276,0.478197,0.162727,1.575115,1.853276,1.768390,1.162727,1.286109,1.478197,0.000000,0.000000,0.000000,0.000000
0.350423,0.481595,0.073000,0.450926,0.249281,0.157250,0.377475,0.883342,0.873676,0.610051,1.481595,1.883342,1.157250,1.610051,1.073000,1.873676,0.000000,0.000000,0.000000,0.000000
0.517271,0.090757,0.733024,0.663093,0.080769,0.735872,0.621008,0.144882,0.018857,0.506074,1.090757,1.144882,1.735872,1.506074,1.733024,1.018857,0.000000,0.000000,0.000000,0.000000
0.020638,0.433509,0.399475,0.437948,0.146443,0.835676,0.700292,0.742435,0.696036,0.851558,1.433509,1.742435,1.835676,1.851558,1.399475,1.696036,0.000000,0.000000,0.000000,0.000000
0.487096,0.037519,0.901520,0.441669,0.637089,0.473658,0.357358,0.295374,0.672209,0.227326,1.037519,1.295374,1.473658,1.227326,1.901520,1.672209,0.000000,0.000000,0.000000,0.000000
0.584535,0.423919,0.081787,0.724209,0.477397,0.890863,0.741147,0.820039,0.593088,0.167765,1.423919,1.820039,1.890863,1.167765,1.081787,1.593088,0.000000,0.000000,0.000000,0.000000
0.278414,0.214689,0.585168,0.387569,0.192754,0.585268,0.974890,0.481544,0.864493,0.219781,1.214689,1.481544,1.585268,1.219781,1.585168,1.864493,0.000000,0.000000,0.000000,0.000000
0.866525,0.151464,0.318650,0.780498,0.539904,0.030871,0.072348,0.281309,0.265407,0.511263,1.151464,1.281309,1.030871,1.511263,1.318650,1.265407,0.000000,0.000000,0.000000,0.000000
0.585440,0.601216,0.587904,0.062088,0.693540,0.838118,0.288745,0.557884,0.605047,0.607408,1.601216,1.557884,1.838118,1.607408,1.587904,1.605047,0.000000,0.000000,0.000000,0.000000
0.828825,0.038304,0.163658,0.555172,0.372589,0.504647,0.709408,0.139156,0.531173,0.823496,1.038304,1.139156,1.504647,1.823496,1.163658,1.531173,0.000000,0.000000,0.000000,0.000000
0.560115,0.573612,0.536112,0.727429,0.563077,0.791353,0.417708,0.285214,0.595665,0.734232,1.573612,1.285214,1.791353,1.734232,1.536112,1.595665,0.000000,0.000000,0.000000,0.000000
0.931054,0.153772,0.047371,0.861303,0.329118,0.441503,0.094228,0.551679,0.097176,0.640841,1.153772,1.551679,1.441503,1.640841,1.047371,1.097176,0.000000,0.000000,0.000000,0.000000
0.281332,0.283894,0.108331,0.701462,0.765003,0.274672,0.538544,0.887661,0.850033,0.032501,1.283894,1.887661,1.274672,1.032501,1.108331,1.850033,0.000000,0.000000,0.000000,0.000000
0.504454,0.271610,0.363432,0.841850,0.025747,0.580904,0.112212,0.157601,0.822057,0.579137,1.271610,1.157601,1.580904,1.579137,1.363432,1.822057,0.000000,0.000000,0.000000,0.000000
0.301751,0.773354,0.317035,0.979166,0.754141,0.459439,0.597823,0.518060,0.617461,0.442651,1.773354,1.518060,1.459439,1.442651,1.317035,1.617461,0.000000,0.000000,0.000000,0.000000
0.227271,0.755821,0.521288,0.196823,0.277574,0.675774,0.290869,0.772697,0.739613,0.845410,1.755821,1.772697,1.675774,1.845410,1.521288,1.739613,0.000000,0.000000,0.000000,0.000000
0.690381,0.576517,0.410814,0.158406,0.024761,0.037826,0.437603,0.260218,0.247397,0.740311,1.576517,1.260218,1.037826,1.740311,1.410814,1.247397,0.000000,0.000000,0.000000,0.000000
0.616408,0.292866,0.226835,0.672596,0.991830,0.084738,0.781319,0.951406,0.662075,0.039712,1.292866,1.951406,1.084738,1.039712,1.226835,1.662075,0.000000,0.000000,0.000000,0.000000
0.431605,0.311338,0.292754,0.433733,0.374029,0.229821,0.027932,0.985083,0.462219,0.129504,1.311338,1.985083,1.229821,1.129504,1.292754,1.462219,0.000000,0.000000,0.000000,0.000000
0.061034,0.163314,0.452108,0.037270,0.239213,0.491987,0.299380,0.268767,0.119348,0.680690,1.163314,1.268767,1.491987,1.680690,1.452108,1.119348,0.000000,0.000000,0.000000,0.000000
0.106388,0.268744,0.893207,0.764673,0.143883,0.505711,0.892465,0.317879,0.103145,0.261680,1.268744,1.317879,1.505711,1.261680,1.893207,1.103145,0.000000,0.000000,0.000000,0.000000
0.685202,0.463089,0.829521,0.027111,0.493550,0.382495,0.466912,0.492443,0.583866,0.126480,1.463089,1.492443,1.382495,1.126480,1.829521,1.583866,0.000000,0.000000,0.000000,0.000000
0.425106,0.372911,0.818961,0.992720,0.364780,0.393189,0.171057,0.505787,0.158277,0.335246,1.372911,1.505787,1.393189,1.335246,1.818961,1.158277,0.000000,0.000000,0.000000,0.000000
0.424378,0.670834,0.769401,0.356245,0.647741,0.580282,0.392836,0.280813,0.416061,0.252937,1.670834,1.280813,1.580282,1.252937,1.769401,1.416061,0.000000,0.000000,0.000000,0.000000
0.723038,0.770077,0.056153,0.146351,0.157622,0.264976,0.450539,0.773394,0.335567,0.309076,1.770077,1.773394,1.264976,1.309076,1.056153,1.335567,0.000000,0.000000,0.000000,0.000000
0.773474,0.247038,0.106794,0.521091,0.736728,0.918000,0.086252,0.623835,0.393011,0.637244,1.247038,1.623835,1.918000,1.637244,1.106794,1.393011,0.000000,0.000000,0.000000,0.000000
0.343702,0.574403,0.373807,0.119118,0.761305,0.097237,0.818210,0.807778,0.224028,0.243013,1.574403,1.807778,1.097237,1.243013,1.373807,1.224028,0.000000,0.000000,0.000000,0.000000
0.590064,0.343355,0.703603,0.609515,0.867376,0.055948,0.889694,0.189691,0.564547,0.770685,1.343355,1.189691,1.055948,1.770685,1.703603,1.564547,0.000000,0.000000,0.000000,0.000000
0.896786,0.251824,0.141001,0.699519,0.836609,0.289537,0.640338,0.036314,0.290346,0.869767,1.251824,1.036314,1.289537,1.869767,1.141001,1.290346,0.000000,0.000000,0.000000,0.000000
0.438454,0.929843,0.637179,0.290223,0.857924,0.952650,0.861771,0.214226,0.236536,0.801593,1.929843,1.214226,1.952650,1.801593,1.637179,1.236536,0.000000,0.000000,0.000000,0.000000
0.698370,0.897908,0.056056,0.189595,0.923853,0.283380,0.478406,0.319362,0.941264,0.891025,1.897908,1.319362,1.283380,1.891025,1.056056,1.941264,0.000000,0.000000,0.000000,0.000000
0.402605,0.247635,0.064743,0.956676,0.394366,0.820062,0.880822,0.637388,0.004717,0.277817,1.247635,1.637388,1.820062,1.277817,1.064743,1.004717,0.000000,0.000000,0.000000,0.000000
0.154973,0.520971,0.587605,0.639324,0.345119,0.589433,0.969411,0.187669,0.196964,0.359719,1.520971,1.187669,1.589433,1.359719,1.587605,1.196964,0.000000,0.000000,0.000000,0.000000
0.124801,0.695656,0.123811,0.005904,0.381640,0.303852,0.375267,0.089556,0.058284,0.127685,1.695656,1.089556,1.303852,1.127685,1.123811,1.058284,0.000000,0.000000,0.000000,0.000000
0.932460,0.095160,0.946068,0.663259,0.516941,0.881978,0.645116,0.305330,0.565205,0.455899,1.095160,1.305330,1.881978,1.455899,1.946068,1.565205,0.000000,0.000000,0.000000,0.000000
0.620813,0.468341,0.186542,0.241326,0.058172,0.354672,0.084584,0.710641,0.456292,0.589513,1.468341,1.710641,1.354672,1.589513,1.186542,1.456292,0.000000,0.000000,0.000000,0.000000
0.450621,0.031638,0.471713,0.936414,0.537013,0.331428,0.446824,0.040413,0.524688,0.197998,1.031638,1.040413,1.331428,1.197998,1.471713,1.524688,0.000000,0.000000,0.000000,0.000000
0.334366,0.155604,0.995054,0.873414,0.775832,0.850381,0.485282,0.557956,0.253646,0.590681,1.155604,1.557956,1.850381,1.590681,1.995054,1.253646,0.000000,0.000000,0.000000,0.000000
0.202638,0.228558,0.543835,0.600562,0.730432,0.333115,0.442789,0.866881,0.743897,0.344189,1.228558,1.866881,1.333115,1.344189,1.543835,1.743897,0.000000,0.000000,0.000000,0.000000
0.013661,0.593637,0.428856,0.115329,0.347293,0.920217,0.578685,0.003159,0.587804,0.232553,1.593637,1.003159,1.920217,1.232553,1.428856,1.587804,0.000000,0.000000,0.000000,0.000000
0.381918,0.967894,0.611298,0.622959,0.209963,0.021873,0.348707,0.961222,0.872690,0.096635,1.967894,1.961222,1.021873,1.096635,1.611298,1.872690,0.000000,0.000000,0.000000,0.000000
0.388847,0.383227,0.773456,0.743159,0.019330,0.270950,0.687441,0.148474,0.572541,0.757484,1.383227,1.148474,1.270950,1.757484,1.773456,1.572541,0.000000,0.000000,0.000000,0.000000
0.144428,0.704260,0.989906,0.353659,0.753611,0.281282,0.118212,0.314494,0.945052,0.660935,1.704260,1.314494,1.281282,1.660935,1.989906,1.945052,0.000000,0.000000,0.000000,0.000000
0.446514,0.411481,0.851970,0.144750,0.812412,0.853206,0.587306,0.520761,0.222121,0.738410,1.411481,1.520761,1.853206,1.738410,1.851970,1.222121,0.000000,0.000000,0.000000,0.000000
0.833917,0.369461,0.080214,0.475074,0.779120,0.170402,0.186296,0.825104,0.869307,0.062671,1.369461,1.825104,1.170402,1.062671,1.080214,1.869307,0.000000,0.000000,0.000000,0.000000
0.063215,0.362819,0.100918,0.616553,0.998554,0.087028,0.675988,0.032592,0.961537,0.598264,1.362819,1.032592,1.087028,1.598264,1.100918,1.961537,0.000000,0.000000,0.000000,0.000000
0.627358,0.230596,0.174188,0.369136,0.932100,0.777166,0.534218,0.262371,0.442580,0.536583,1.230596,1.262371,1.777166,1.536583,1.174188,1.442580,0.000000,0.000000,0.000000,0.000000
0.454211,0.182223,0.220627,0.528820,0.545705,0.483840,0.926454,0.965563,0.261886,0.832356,1.182223,1.965563,1.483840,1.832356,1.220627,1.261886,0.000000,0.000000,0.000000,0.000000
0.588103,0.606546,0.788563,0.909332,0.223614,0.917650,0.625794,0.503973,0.696295,0.875095,1.606546,1.503973,1.917650,1.875095,1.788563,1.696295,0.000000,0.000000,0.000000,0.000000
0.388227,0.399022,0.106710,0.812205,0.982375,0.624184,0.764337,0.393969,0.678073,0.684462,1.399022,1.393969,1.624184,1.684462,1.106710,1.678073,0.000000,0.000000,0.000000,0.000000
0.188742,0.783231,0.608316,0.831065,0.887883,0.599613,0.096227,0.189648,0.446351,0.884103,1.783231,1.189648,1.599613,1.884103,1.608316,1.446351,0.000000,0.000000,0.000000,0.000000
0.679881,0.924570,0.806409,0.028751,0.741969,0.957726,0.159491,0.416447,0.867893,0.939255,1.924570,1.416447,1.957726,1.939255,1.806409,1.867893,0.000000,0.000000,0.000000,0.000000
0.486634,0.400994,0.391310,0.988080,0.452192,0.024419,0.571760,0.296714,0.345294,0.201582,1.400994,1.296714,1.024419,1.201582,1.391310,1.345294,0.000000,0.000000,0.000000,0.000000
0.824600,0.568746,0.304858,0.242846,0.559230,0.164942,0.486413,0.968379,0.350272,0.090855,1.568746,1.968379,1.164942,1.090855,1.304858,1.350272,0.000000,0.000000,0.000000,0.000000
0.243590,0.434711,0.501749,0.773903,0.605406,0.517108,0.296620,0.218368,0.022326,0.759039,1.434711,1.218368,1.517108,1.759039,1.501749,1.022326,0.000000,0.000000,0.000000,0.000000
0.572720,0.439195,0.547612,0.482258,0.287329,0.657958,0.275427,0.588148,0.152417,0.807692,1.439195,1.588148,1.657958,1.807692,1.547612,1.152417,0.000000,0.000000,0.000000,0.000000
0.439554,0.764925,0.045318,0.567954,0.741305,0.426588,0.361452,0.493898,0.093725,0.467841,1.764925,1.493898,1.426588,1.467841,1.045318,1.093725,0.000000,0.000000,0.000000,0.000000
0.371471,0.204790,0.192396,0.934991,0.941593,0.477559,0.625576,0.241354,0.620140,0.932671,1.204790,1.241354,1.477559,1.932671,1.192396,1.620140,0.000000,0.000000,0.000000,0.000000
0.694814,0.832251,0.108607,0.914849,0.742085,0.145121,0.465512,0.261791,0.253571,0.451871,1.832251,1.261791,1.145121,1.451871,1.108607,1.253571,0.000000,0.000000,0.000000,0.000000
0.061291,0.008934,0.718477,0.641723,0.366346,0.467734,0.780542,0.635398,0.887326,0.256557,1.008934,1.635398,1.467734,1.256557,1.718477,1.887326,0.000000,0.000000,0.000000,0.000000
0.090622,0.739202,0.124089,0.188510,0.252327,0.962880,0.559399,0.977130,0.335313,0.304623,1.739202,1.977130,1.962880,1.304623,1.124089,1.335313,0.000000,0.000000,0.000000,0.000000
0.608258,0.301692,0.206989,0.802982,0.596783,0.028686,0.834612,0.249506,0.437910,0.297109,1.301692,1.249506,1.028686,1.297109,1.206989,1.437910,0.000000,0.000000,0.000000,0.000000
0.050001,0.415528,0.017064,0.881884,0.986299,0.514470,0.399144,0.316695,0.569910,0.155877,1.415528,1.316695,1.514470,1.155877,1.017064,1.569910,0.000000,0.000000,0.000000,0.000000
0.117106,0.818717,0.547612,0.859612,0.718354,0.951052,0.906339,0.311651,0.361126,0.403573,1.818717,1.311651,1.951052,1.403573,1.547612,1.361126,0.000000,0.000000,0.000000,0.000000
0.283301,0.904617,0.969242,0.284166,0.165890,0.070441,0.734588,0.715675,0.541716,0.576030,1.904617,1.715675,1.070441,1.576030,1.969242,1.541716,0.000000,0.000000,0.000000,0.000000
0.174741,0.013877,0.760596,0.299959,0.369174,0.491881,0.515119,0.885181,0.911486,0.315735,1.013877,1.885181,1.491881,1.315735,1.760596,1.911486,0.000000,0.000000,0.000000,0.000000
0.809214,0.702026,0.720719,0.244573,0.126405,0.751337,0.600055,0.974858,0.359038,0.134446,1.702026,1.974858,1.751337,1.134446,1.720719,1.359038,0.000000,0.000000,0.000000,0.000000
0.986224,0.891165,0.892457,0.094118,0.108396,0.786248,0.346768,0.435553,0.777893,0.421504,1.891165,1.435553,1.786248,1.421504,1.892457,1.777893,0.000000,0.000000,0.000000,0.000000
0.778328,0.884745,0.110079,0.896264,0.034780,0.220060,0.477902,0.100001,0.501437,0.237359,1.884745,1.100001,1.220060,1.237359,1.110079,1.501437,0.000000,0.000000,0.000000,0.000000
0.573121,0.413516,0.382402,0.871203,0.610005,0.685028,0.638678,0.338909,0.281786,0.396643,1.413516,1.338909,1.685028,1.396643,1.382402,1.281786,0.000000,0.000000,0.000000,0.000000
0.958145,0.884501,0.444481,0.803765,0.586108,0.697311,0.716068,0.602097,0.000821,0.243908,1.884501,1.602097,1.697311,1.243908,1.444481,1.000821,0.000000,0.000000,0.000000,0.000000
0.112390,0.539853,0.885106,0.898418,0.425110,0.845722,0.228446,0.795277,0.650128,0.147945,1.539853,1.795277,1.845722,1.147945,1.885106,1.650128,0.000000,0.000000,0.000000,0.000000
0.346094,0.117923,0.288189,0.413372,0.923458,0.419906,0.370140,0.236338,0.773362,0.515407,1.117923,1.236338,1.419906,1.515407,1.288189,1.773362,0.000000,0.000000,0.000000,0.000000
0.704801,0.751215,0.281675,0.914837,0.289726,0.061947,0.913164,0.010217,0.474206,0.419779,1.751215,1.010217,1.061947,1.419779,1.281675,1.474206,0.000000,0.000000,0.000000,0.000000
0.955835,0.205809,0.939214,0.266273,0.638356,0.470425,0.052643,0.831247,0.141352,0.558554,1.205809,1.831247,1.470425,1.558554,1.939214,1.141352,0.000000,0.000000,0.000000,0.000000
0.188370,0.835549,0.500551,0.996285,0.869385,0.115334,0.275794,0.868776,0.966153,0.344732,1.835549,1.868776,1.115334,1.344732,1.500551,1.966153,0.000000,0.000000,0.000000,0.000000
0.116053,0.750391,0.484275,0.864897,0.820394,0.904653,0.392369,0.097980,0.577639,0.410660,1.750391,1.097980,1.904653,1.410660,1.484275,1.577639,0.000000,0.000000,0.000000,0.000000
0.145337,0.006575,0.974320,0.701388,0.164888,0.199474,0.526445,0.719791,0.849832,0.231864,1.006575,1.719791,1.199474,1.231864,1.974320,1.849832,0.000000,0.000000,0.000000,0.000000
0.220679,0.407595,0.837369,0.716143,0.126306,0.741850,0.300561,0.479292,0.017026,0.425351,1.407595,1.479292,1.741850,1.425351,1.837369,1.017026,0.000000,0.000000,0.000000,0.000000
0.940549,0.405442,0.013917,0.512156,0.737064,0.008385,0.076418,0.005335,0.232686,0.390801,1.405442,1.005335,1.008385,1.390801,1.013917,1.232686,0.000000,0.000000,0.000000,0.000000
0.394810,0.831410,0.824060,0.046108,0.438777,0.493216,0.963044,0.508198,0.954434,0.417592,1.831410,1.508198,1.493216,1.417592,1.824060,1.954434,0.000000,0.000000,0.000000,0.000000
0.512654,0.655098,0.509064,0.973973,0.812902,0.804786,0.970635,0.203121,0.914237,0.449863,1.655098,1.203121,1.804786,1.449863,1.509064,1.914237,0.000000,0.000000,0.000000,0.000000
0.756368,0.819601,0.308892,0.367916,0.933104,0.638584,0.672737,0.488678,0.329187,0.610151,1.819601,1.488678,1.638584,1.610151,1.308892,1.329187,0.000000,0.000000,0.000000,0.000000
0.274492,0.632300,0.463137,0.753293,0.548312,0.332368,0.824907,0.954512,0.168166,0.484669,1.632300,1.954512,1.332368,1.484669,1.463137,1.168166,0.000000,0.000000,0.000000,0.000000
0.843862,0.940682,0.650129,0.238833,0.441145,0.157907,0.209513,0.781027,0.878051,0.032021,1.940682,1.781027,1.157907,1.032021,1.650129,1.878051,0.000000,0.000000,0.000000,0.000000
0.042397,0.256731,0.224203,0.741745,0.027932,0.220063,0.592885,0.451473,0.561743,0.193799,1.256731,1.451473,1.220063,1.193799,1.224203,1.561743,0.000000,0.000000,0.000000,0.000000
0.814850,0.511979,0.088800,0.839918,0.117877,0.344643,0.830702,0.852802,0.822196,0.194849,1.511979,1.852802,1.344643,1.194849,1.088800,1.822196,0.000000,0.000000,0.000000,0.000000
0.742001,0.908043,0.459585,0.179799,0.655457,0.970402,0.840647,0.098324,0.838139,0.909421,1.908043,1.098324,1.970402,1.909421,1.459585,1.838139,0.000000,0.000000,0.000000,0.000000
0.651738,0.511727,0.382528,0.577957,0.083418,0.589468,0.410732,0.963635,0.151233,0.986344,1.511727,1.963635,1.589468,1.986344,1.382528,1.151233,0.000000,0.000000,0.000000,0.000000
0.000186,0.453192,0.571473,0.625076,0.163870,0.622453,0.919326,0.427103,0.635284,0.603333,1.453192,1.427103,1.622453,1.603333,1.571473,1.635284,0.000000,0.000000,0.000000,0.000000
0.904130,0.626171,0.365842,0.614652,0.811079,0.714730,0.618602,0.157694,0.828046,0.434053,1.626171,1.157694,1.714730,1.434053,1.365842,1.828046,0.000000,0.000000,0.000000,0.000000
0.940406,0.584452,0.567874,0.246596,0.308685,0.252935,0.570789,0.169924,0.541091,0.448404,1.584452,1.169924,1.252935,1.448404,1.567874,1.541091,0.000000,0.000000,0.000000,0.000000
0.768164,0.966032,0.738702,0.159668,0.007113,0.270295,0.724359,0.738401,0.085464,0.419985,1.966032,1.738401,1.270295,1.419985,1.738702,1.085464,0.000000,0.000000,0.000000,0.000000
0.112904,0.043152,0.836779,0.317395,0.620089,0.739001,0.385671,0.084226,0.231900,0.857872,1.043152,1.084226,1.739001,1.857872,1.836779,1.231900,0.000000,0.000000,0.000000,0.000000
0.669380,0.134512,0.722826,0.521241,0.962075,0.016834,0.507067,0.864616,0.947758,0.693477,1.134512,1.864616,1.016834,1.693477,1.722826,1.947758,0.000000,0.000000,0.000000,0.000000
0.791107,0.577759,0.798621,0.568739,0.443865,0.621656,0.553438,0.135020,0.666835,0.558696,1.577759,1.135020,1.621656,1.558696,1.798621,1.666835,0.000000,0.000000,0.000000,0.000000
0.312610,0.939452,0.211381,0.535579,0.334461,0.179187,0.049903,0.222706,0.709339,0.530350,1.939452,1.222706,1.179187,1.530350,1.211381,1.709339,0.000000,0.000000,0.000000,0.000000
0.024913,0.650883,0.910412,0.241694,0.069226,0.711278,0.790621,0.782367,0.790313,0.323449,1.650883,1.782367,1.711278,1.323449,1.910412,1.790313,0.000000,0.000000,0.000000,0.000000
0.495857,0.879837,0.468060,0.073956,0.755624,0.903489,0.241623,0.664989,0.337742,0.090663,1.879837,1.664989,1.903489,1.090663,1.468060,1.337742,0.000000,0.000000,0.000000,0.000000
0.834234,0.939949,0.849098,0.903743,0.724647,0.406284,0.757174,0.649183,0.412890,0.516769,1.939949,1.649183,1.406284,1.516769,1.849098,1.412890,0.000000,0.000000,0.000000,0.000000
0.851401,0.302558,0.993824,0.453063,0.837089,0.731512,0.109295,0.449678,0.666455,0.433023,1.302558,1.449678,1.731512,1.433023,1.993824,1.666455,0.000000,0.000000,0.000000,0.000000
0.336909,0.600963,0.908815,0.487156,0.411569,0.471609,0.214189,0.636876,0.719749,0.637995,1.600963,1.636876,1.471609,1.637995,1.908815,1.719749,0.000000,0.000000,0.000000,0.000000
0.990878,0.287972,0.249716,0.407988,0.519754,0.181454,0.724558,0.188064,0.246722,0.462674,1.287972,1.188064,1.181454,1.462674,1.249716,1.246722,0.000000,0.000000,0.000000,0.000000
0.330765,0.583784,0.904645,0.886674,0.443442,0.815328,0.767178,0.041699,0.033435,0.041491,1.583784,1.041699,1.815328,1.041491,1.904645,1.033435,0.000000,0.000000,0.000000,0.000000
0.221895,0.962183,0.320566,0.319752,0.208058,0.969233,0.396007,0.146489,0.492366,0.779959,1.962183,1.146489,1.969233,1.779959,1.320566,1.492366,0.000000,0.000000,0.000000,0.000000
0.488392,0.868397,0.560871,0.998208,0.483091,0.648144,0.519326,0.076280,0.356571,0.155084,1.868397,1.076280,1.648144,1.155084,1.560871,1.356571,0.000000,0.000000,0.000000,0.000000
0.427938,0.301402,0.853380,0.455255,0.666561,0.488927,0.096853,0.871122,0.433963,0.416652,1.301402,1.871122,1.488927,1.416652,1.853380,1.433963,0.000000,0.000000,0.000000,0.000000
0.662297,0.540311,0.937904,0.455610,0.335910,0.369514,0.014280,0.300293,0.717666,0.385425,1.540311,1.300293,1.369514,1.385425,1.937904,1.717666,0.000000,0.000000,0.000000,0.000000
0.989438,0.364831,0.998876,0.808147,0.916867,0.730771,0.365427,0.688004,0.713189,0.438907,1.364831,1.688004,1.730771,1.438907,1.998876,1.713189,0.000000,0.000000,0.000000,0.000000
0.156507,0.120564,0.956246,0.886608,0.197218,0.002631,0.724474,0.662988,0.111963,0.847289,1.120564,1.662988,1.002631,1.847289,1.956246,1.111963,0.000000,0.000000,0.000000,0.000000
0.383035,0.747404,0.142958,0.375888,0.410166,0.442871,0.251470,0.047742,0.546063,0.281314,1.747404,1.047742,1.442871,1.281314,1.142958,1.546063,0.000000,0.000000,0.000000,0.000000
0.566206,0.289819,0.765537,0.587040,0.833990,0.353545,0.111391,0.323499,0.316518,0.057465,1.289819,1.323499,1.353545,1.057465,1.765537,1.316518,0.000000,0.000000,0.000000,0.000000
0.669654,0.160681,0.495678,0.913802,0.518601,0.022124,0.758932,0.464034,0.603355,0.051441,1.160681,1.464034,1.022124,1.051441,1.495678,1.603355,0.000000,0.000000,0.000000,0.000000
0.756793,0.434983,0.632568,0.922016,0.445770,0.690742,0.607684,0.537023,0.688115,0.859463,1.434983,1.537023,1.690742,1.859463,1.632568,1.688115,0.000000,0.000000,0.000000,0.000000
0.692018,0.727284,0.533714,0.870525,0.037398,0.245007,0.438956,0.422561,0.894123,0.892768,1.727284,1.422561,1.245007,1.892768,1.533714,1.894123,0.000000,0.000000,0.000000,0.000000
0.798487,0.199134,0.835137,0.903089,0.589166,0.982744,0.216402,0.671415,0.084172,0.776856,1.199134,1.671415,1.982744,1.776856,1.835137,1.084172,0.000000,0.000000,0.000000,0.000000
0.797494,0.177019,0.411671,0.258455,0.740870,0.461559,0.500082,0.084558,0.302123,0.794948,1.177019,1.084558,1.461559,1.794948,1.411671,1.302123,0.000000,0.000000,0.000000,0.000000
0.923262,0.696465,0.189654,0.522176,0.524856,0.896554,0.580889,0.466232,0.914680,0.771617,1.696465,1.466232,1.896554,1.771617,1.189654,1.914680,0.000000,0.000000,0.000000,0.000000
0.041240,0.030633,0.418462,0.412014,0.682832,0.959225,0.036195,0.657236,0.797148,0.416150,1.030633,1.657236,1.959225,1.416150,1.418462,1.797148,0.000000,0.000000,0.000000,0.000000
0.009576,0.080555,0.927423,0.200548,0.527843,0.308976,0.110887,0.558259,0.227263,0.991705,1.080555,1.558259,1.308976,1.991705,1.927423,1.227263,0.000000,0.000000,0.000000,0.000000
0.766511,0.542594,0.863685,0.025509,0.004201,0.383491,0.831456,0.201959,0.713087,0.582262,1.542594,1.201959,1.383491,1.582262,1.863685,1.713087,0.000000,0.000000,0.000000,0.000000
0.003631,0.741330,0.046887,0.690620,0.561519,0.594707,0.443883,0.186742,0.099656,0.494540,1.741330,1.186742,1.594707,1.494540,1.046887,1.099656,0.000000,0.000000,0.000000,0.000000
0.515757,0.896661,0.511702,0.199112,0.530454,0.285938,0.448634,0.721994,0.548844,0.918522,1.896661,1.721994,1.285938,1.918522,1.511702,1.548844,0.000000,0.000000,0.000000,0.000000
0.302088,0.331139,0.924478,0.774135,0.943608,0.984110,0.316129,0.239430,0.501202,0.972802,1.331139,1.239430,1.984110,1.972802,1.924478,1.501202,0.000000,0.000000,0.000000,0.000000
0.037608,0.846398,0.051739,0.594403,0.945126,0.575461,0.415881,0.662986,0.095567,0.292411,1.846398,1.662986,1.575461,1.292411,1.051739,1.095567,0.000000,0.000000,0.000000,0.000000
0.112143,0.905276,0.573522,0.959146,0.041953,0.280246,0.868810,0.546508,0.522674,0.742545,1.905276,1.546508,1.280246,1.742545,1.573522,1.522674,0.000000,0.000000,0.000000,0.000000
0.103030,0.028383,0.736323,0.299589,0.483180,0.075911,0.239256,0.652456,0.868205,0.432609,1.028383,1.652456,1.075911,1.432609,1.736323,1.868205,0.000000,0.000000,0.000000,0.000000
0.913865,0.794697,0.898137,0.903583,0.053677,0.295910,0.484348,0.488949,0.201703,0.714924,1.794697,1.488949,1.295910,1.714924,1.898137,1.201703,0.000000,0.000000,0.000000,0.000000
0.504494,0.313165,0.744881,0.661299,0.131221,0.014224,0.910110,0.908179,0.466599,0.749344,1.313165,1.908179,1.014224,1.749344,1.744881,1.466599,0.000000,0.000000,0.000000,0.000000
0.121656,0.283432,0.728835,0.439104,0.336993,0.976739,0.579888,0.465731,0.479326,0.249691,1.283432,1.465731,1.976739,1.249691,1.728835,1.479326,0.000000,0.000000,0.000000,0.000000
0.328943,0.354981,0.336751,0.182057,0.953782,0.079973,0.150818,0.581051,0.743901,0.186235,1.354981,1.581051,1.079973,1.186235,1.336751,1.743901,0.000000,0.000000,0.000000,0.000000
0.278087,0.667416,0.466302,0.353259,0.773866,0.930151,0.178809,0.389832,0.618679,0.816259,1.667416,1.389832,1.930151,1.816259,1.466302,1.618679,0.000000,0.000000,0.000000,0.000000
0.319583,0.697569,0.743692,0.366252,0.444691,0.446962,0.344817,0.992660,0.557343,0.567480,1.697569,1.992660,1.446962,1.567480,1.743692,1.557343,0.000000,0.000000,0.000000,0.000000
0.515897,0.181740,0.665020,0.814515,0.884457,0.836007,0.911894,0.787102,0.650114,0.212087,1.181740,1.787102,1.836007,1.212087,1.665020,1.650114,0.000000,0.000000,0.000000,0.000000
0.364235,0.211805,0.698779,0.534346,0.053868,0.695387,0.556249,0.955107,0.847006,0.499180,1.211805,1.955107,1.695387,1.499180,1.698779,1.847006,0.000000,0.000000,0.000000,0.000000
0.306059,0.011908,0.751090,0.795950,0.077695,0.563036,0.552728,0.600173,0.443435,0.837359,1.011908,1.600173,1.563036,1.837359,1.751090,1.443435,0.000000,0.000000,0.000000,0.000000
0.919540,0.055077,0.213450,0.501306,0.628257,0.049914,0.200543,0.510502,0.664017,0.577968,1.055077,1.510502,1.049914,1.577968,1.213450,1.664017,0.000000,0.000000,0.000000,0.000000
0.272156,0.754729,0.494537,0.546266,0.435227,0.270646,0.252871,0.034722,0.115942,0.430529,1.754729,1.034722,1.270646,1.430529,1.494537,1.115942,0.000000,0.000000,0.000000,0.000000
0.164191,0.241070,0.716447,0.010753,0.355695,0.834793,0.334615,0.900640,0.998660,0.214467,1.241070,1.900640,1.834793,1.214467,1.716447,1.998660,0.000000,0.000000,0.000000,0.000000
0.448961,0.549457,0.128398,0.897902,0.894746,0.187888,0.046364,0.460778,0.990245,0.298811,1.549457,1.460778,1.187888,1.298811,1.128398,1.990245,0.000000,0.000000,0.000000,0.000000
0.473343,0.134277,0.879823,0.172764,0.188039,0.269359,0.953078,0.369543,0.004038,0.281810,1.134277,1.369543,1.269359,1.281810,1.879823,1.004038,0.000000,0.000000,0.000000,0.000000
0.901227,0.228685,0.935589,0.597001,0.416012,0.397617,0.257308,0.986643,0.161357,0.701535,1.228685,1.986643,1.397617,1.701535,1.935589,1.161357,0.000000,0.000000,0.000000,0.000000
0.220768,0.580820,0.871327,0.187646,0.393047,0.049959,0.824510,0.860118,0.392293,0.328054,1.580820,1.860118,1.049959,1.328054,1.871327,1.392293,0.000000,0.000000,0.000000,0.000000
0.296761,0.305102,0.146868,0.881330,0.869458,0.441123,0.890043,0.342460,0.873569,0.679937,1.305102,1.342460,1.441123,1.679937,1.146868,1.873569,0.000000,0.000000,0.000000,0.000000
0.485572,0.809584,0.578982,0.863258,0.315205,0.213203,0.129608,0.197173,0.552308,0.595690,1.809584,1.197173,1.213203,1.595690,1.578982,1.552308,0.000000,0.000000,0.000000,0.000000
0.235741,0.622554,0.058973,0.487041,0.847305,0.519662,0.212285,0.136310,0.555157,0.423382,1.622554,1.136310,1.519662,1.423382,1.058973,1.555157,0.000000,0.000000,0.000000,0.000000
0.004665,0.438066,0.841016,0.732887,0.014185,0.041574,0.325210,0.454808,0.159588,0.166104,1.438066,1.454808,1.041574,1.166104,1.841016,1.159588,0.000000,0.000000,0.000000,0.000000
0.781198,0.583247,0.709843,0.484730,0.745097,0.772726,0.714831,0.462985,0.880779,0.067322,1.583247,1.462985,1.772726,1.067322,1.709843,1.880779,0.000000,0.000000,0.000000,0.000000
0.297857,0.102859,0.660538,0.806165,0.301763,0.384879,0.953313,0.949575,0.501519,0.941956,1.102859,1.949575,1.384879,1.941956,1.660538,1.501519,0.000000,0.000000,0.000000,0.000000
0.983354,0.304935,0.909831,0.486847,0.455459,0.540916,0.986466,0.122214,0.543050,0.360677,1.304935,1.122214,1.540916,1.360677,1.909831,1.543050,0.000000,0.000000,0.000000,0.000000
0.283358,0.231751,0.471150,0.663123,0.721360,0.967201,0.981313,0.147584,0.116975,0.691396,1.231751,1.147584,1.967201,1.691396,1.471150,1.116975,0.000000,0.000000,0.000000,0.000000
0.754131,0.842901,0.526661,0.190992,0.725245,0.054773,0.380130,0.546828,0.336365,0.181826,1.842901,1.546828,1.054773,1.181826,1.526661,1.336365,0.000000,0.000000,0.000000,0.000000
0.557275,0.914566,0.754873,0.197978,0.283165,0.205306,0.343675,0.357475,0.581132,0.254286,1.914566,1.357475,1.205306,1.254286,1.754873,1.581132,0.000000,0.000000,0.000000,0.000000
0.744297,0.071946,0.335599,0.381860,0.493722,0.651468,0.859627,0.282830,0.613656,0.972319,1.071946,1.282830,1.651468,1.972319,1.335599,1.613656,0.000000,0.000000,0.000000,0.000000
0.881581,0.967575,0.675913,0.380237,0.807267,0.172248,0.242152,0.998582,0.940406,0.599418,1.967575,1.998582,1.172248,1.599418,1.675913,1.940406,0.000000,0.000000,0.000000,0.000000
0.817488,0.222380,0.754275,0.981004,0.150028,0.346751,0.469716,0.838277,0.999914,0.317693,1.222380,1.838277,1.346751,1.317693,1.754275,1.999914,0.000000,0.000000,0.000000,0.000000
0.766609,0.221376,0.600014,0.882252,0.933244,0.091291,0.391328,0.208441,0.569205,0.434560,1.221376,1.208441,1.091291,1.434560,1.600014,1.569205,0.000000,0.000000,0.000000,0.000000
0.343135,0.818014,0.891003,0.093183,0.621426,0.751208,0.906393,0.732586,0.728438,0.212641,1.818014,1.732586,1.751208,1.212641,1.891003,1.728438,0.000000,0.000000,0.000000,0.000000
0.958103,0.646909,0.962130,0.719578,0.475089,0.790684,0.823540,0.845447,0.829567,0.664506,1.646909,1.845447,1.790684,1.664506,1.962130,1.829567,0.000000,0.000000,0.000000,0.000000
0.512910,0.359189,0.247627,0.467685,0.017684,0.634259,0.146084,0.670737,0.906622,0.369559,1.359189,1.670737,1.634259,1.369559,1.247627,1.906622,0.000000,0.000000,0.000000,0.000000
0.165294,0.727616,0.459576,0.642147,0.342388,0.968355,0.553645,0.158853,0.346284,0.487855,1.727616,1.158853,1.968355,1.487855,1.459576,1.346284,0.000000,0.000000,0.000000,0.000000
0.551418,0.340764,0.339752,0.657622,0.910943,0.131685,0.183833,0.675428,0.646155,0.802967,1.340764,1.675428,1.131685,1.802967,1.339752,1.646155,0.000000,0.000000,0.000000,0.000000
0.921732,0.666220,0.402107,0.185861,0.968246,0.544390,0.729200,0.463641,0.159442,0.440691,1.666220,1.463641,1.544390,1.440691,1.402107,1.159442,0.000000,0.000000,0.000000,0.000000
0.377310,0.269378,0.584078,0.276244,0.689988,0.691171,0.806905,0.887347,0.697268,0.154333,1.269378,1.887347,1.691171,1.154333,1.584078,1.697268,0.000000,0.000000,0.000000,0.000000
0.137988,0.197208,0.003683,0.192005,0.067425,0.777554,0.662092,0.116716,0.852525,0.164335,1.197208,1.116716,1.777554,1.164335,1.003683,1.852525,0.000000,0.000000,0.000000,0.000000
0.494250,0.892244,0.020113,0.763437,0.892790,0.573682,0.176099,0.711742,0.353290,0.857063,1.892244,1.711742,1.573682,1.857063,1.020113,1.353290,0.000000,0.000000,0.000000,0.000000
0.816881,0.631914,0.451865,0.591462,0.964347,0.874545,0.898667,0.678471,0.305153,0.793900,1.631914,1.678471,1.874545,1.793900,1.451865,1.305153,0.000000,0.000000,0.000000,0.000000
0.865863,0.324328,0.033892,0.043053,0.752385,0.660706,0.784242,0.901300,0.298503,0.259410,1.324328,1.901300,1.660706,1.259410,1.033892,1.298503,0.000000,0.000000,0.000000,0.000000
0.774301,0.447645,0.112951,0.178680,0.078294,0.683550,0.637340,0.220697,0.720351,0.380550,1.447645,1.220697,1.683550,1.380550,1.112951,1.720351,0.000000,0.000000,0.000000,0.000000
0.599050,0.954084,0.318873,0.488383,0.363644,0.983504,0.139742,0.286368,0.805435,0.388533,1.954084,1.286368,1.983504,1.388533,1.318873,1.805435,0.000000,0.000000,0.000000,0.000000
0.466951,0.205543,0.115041,0.565546,0.265225,0.340859,0.174849,0.579149,0.581328,0.553144,1.205543,1.579149,1.340859,1.553144,1.115041,1.581328,0.000000,0.000000,0.000000,0.000000
0.473140,0.078833,0.643525,0.122163,0.700109,0.455075,0.948156,0.919014,0.097465,0.062646,1.078833,1.919014,1.455075,1.062646,1.643525,1.097465,0.000000,0.000000,0.000000,0.000000
0.028944,0.647265,0.367663,0.530841,0.438539,0.839530,0.658790,0.143086,0.767964,0.567444,1.647265,1.143086,1.839530,1.567444,1.367663,1.767964,0.000000,0.000000,0.000000,0.000000
0.223854,0.294057,0.538298,0.400434,0.761258,0.226548,0.952542,0.964979,0.935405,0.310145,1.294057,1.964979,1.226548,1.310145,1.538298,1.935405,0.000000,0.000000,0.000000,0.000000
0.974477,0.861454,0.891875,0.529375,0.649326,0.738728,0.440660,0.712694,0.910790,0.847844,1.861454,1.712694,1.738728,1.847844,1.891875,1.910790,0.000000,0.000000,0.000000,0.000000
0.402601,0.501211,0.164450,0.818248,0.363544,0.750751,0.124911,0.149011,0.796047,0.288068,1.501211,1.149011,1.750751,1.288068,1.164450,1.796047,0.000000,0.000000,0.000000,0.000000
0.030313,0.639708,0.462453,0.883710,0.940437,0.558861,0.898324,0.067415,0.518644,0.268670,1.639708,1.067415,1.558861,1.268670,1.462453,1.518644,0.000000,0.000000,0.000000,0.000000
0.846560,0.887932,0.538643,0.741595,0.774041,0.900758,0.090796,0.048698,0.170738,0.776610,1.887932,1.048698,1.900758,1.776610,1.538643,1.170738,0.000000,0.000000,0.000000,0.000000
0.707224,0.322016,0.028168,0.649442,0.084582,0.961807,0.023731,0.458422,0.041412,0.793905,1.322016,1.458422,1.961807,1.793905,1.028168,1.041412,0.000000,0.000000,0.000000,0.000000
0.922432,0.669678,0.405528,0.642469,0.788428,0.922259,0.687674,0.511065,0.037695,0.422955,1.669678,1.511065,1.922259,1.422955,1.405528,1.037695,0.000000,0.000000,0.000000,0.000000
0.261304,0.268938,0.176627,0.284413,0.123757,0.237489,0.920622,0.012521,0.283078,0.089402,1.268938,1.012521,1.237489,1.089402,1.176627,1.283078,0.000000,0.000000,0.000000,0.000000
0.791648,0.867976,0.058591,0.974274,0.491784,0.145111,0.551930,0.385862,0.348576,0.233958,1.867976,1.385862,1.145111,1.233958,1.058591,1.348576,0.000000,0.000000,0.000000,0.000000
0.951607,0.568344,0.508817,0.756391,0.426515,0.809901,0.190153,0.972428,0.455177,0.738243,1.568344,1.972428,1.809901,1.738243,1.508817,1.455177,0.000000,0.000000,0.000000,0.000000
0.087755,0.349225,0.808949,0.232791,0.908535,0.211798,0.083725,0.219443,0.783430,0.203677,1.349225,1.219443,1.211798,1.203677,1.808949,1.783430,0.000000,0.000000,0.000000,0.000000
0.708893,0.571969,0.382337,0.677736,0.373449,0.459125,0.120431,0.215902,0.450672,0.977375,1.571969,1.215902,1.459125,1.977375,1.382337,1.450672,0.000000,0.000000,0.000000,0.000000
0.027286,0.013973,0.487344,0.486876,0.386995,0.607494,0.142371,0.245519,0.307519,0.506470,1.013973,1.245519,1.607494,1.506470,1.487344,1.307519,0.000000,0.000000,0.000000,0.000000
0.601999,0.866500,0.830192,0.156689,0.598917,0.526581,0.314522,0.504036,0.246199,0.630934,1.866500,1.504036,1.526581,1.630934,1.830192,1.246199,0.000000,0.000000,0.000000,0.000000
0.802251,0.263355,0.192915,0.777996,0.487572,0.654951,0.248722,0.397861,0.800587,0.339015,1.263355,1.397861,1.654951,1.339015,1.192915,1.800587,0.000000,0.000000,0.000000,0.000000
0.628360,0.064023,0.110706,0.203218,0.502224,0.471345,0.518052,0.695500,0.368070,0.010568,1.064023,1.695500,1.471345,1.010568,1.110706,1.368070,0.000000,0.000000,0.000000,0.000000
0.078944,0.168048,0.366186,0.261508,0.989583,0.931787,0.957883,0.956792,0.086080,0.006023,1.168048,1.956792,1.931787,1.006023,1.366186,1.086080,0.000000,0.000000,0.000000,0.000000
0.272192,0.101549,0.944508,0.988456,0.145299,0.177669,0.813457,0.581069,0.943649,0.034072,1.101549,1.581069,1.177669,1.034072,1.944508,1.943649,0.000000,0.000000,0.000000,0.000000
0.337860,0.835231,0.147941,0.101913,0.064001,0.103999,0.726297,0.569951,0.886345,0.289991,1.835231,1.569951,1.103999,1.289991,1.147941,1.886345,0.000000,0.000000,0.000000,0.000000
0.664445,0.606545,0.324313,0.279405,0.287601,0.037050,0.523058,0.413656,0.024852,0.313837,1.606545,1.413656,1.037050,1.313837,1.324313,1.024852,0.000000,0.000000,0.000000,0.000000
0.861273,0.954025,0.867251,0.504639,0.260656,0.408186,0.802181,0.498489,0.950505,0.753941,1.954025,1.498489,1.408186,1.753941,1.867251,1.950505,0.000000,0.000000,0.000000,0.000000
0.505465,0.161355,0.106671,0.405151,0.346096,0.064282,0.707207,0.118876,0.616988,0.249299,1.161355,1.118876,1.064282,1.249299,1.106671,1.616988,0.000000,0.000000,0.000000,0.000000
0.835264,0.756553,0.710533,0.605207,0.377238,0.347592,0.515846,0.175554,0.220889,0.093291,1.756553,1.175554,1.347592,1.093291,1.710533,1.220889,0.000000,0.000000,0.000000,0.000000
0.929951,0.394920,0.043655,0.255642,0.795627,0.618758,0.695724,0.051569,0.440536,0.934191,1.394920,1.051569,1.618758,1.934191,1.043655,1.440536,0.000000,0.000000,0.000000,0.000000
0.849670,0.193612,0.529630,0.744875,0.808736,0.485949,0.815384,0.020954,0.717362,0.655826,1.193612,1.020954,1.485949,1.655826,1.529630,1.717362,0.000000,0.000000,0.000000,0.000000
0.779615,0.548899,0.673498,0.597336,0.293853,0.959573,0.265723,0.979526,0.820037,0.781331,1.548899,1.979526,1.959573,1.781331,1.673498,1.820037,0.000000,0.000000,0.000000,0.000000
0.559778,0.469397,0.077260,0.764090,0.695517,0.988802,0.903395,0.233011,0.949442,0.620739,1.469397,1.233011,1.988802,1.620739,1.077260,1.949442,0.000000,0.000000,0.000000,0.000000
0.991196,0.594682,0.603388,0.124947,0.222886,0.478668,0.773535,0.098880,0.147970,0.184164,1.594682,1.098880,1.478668,1.184164,1.603388,1.147970,0.000000,0.000000,0.000000,0.000000
0.343056,0.151243,0.180172,0.286053,0.503762,0.003266,0.221386,0.572970,0.486127,0.441175,1.151243,1.572970,1.003266,1.441175,1.180172,1.486127,0.000000,0.000000,0.000000,0.000000
0.465025,0.459940,0.907074,0.487365,0.028945,0.685491,0.308442,0.181778,0.346815,0.698626,1.459940,1.181778,1.685491,1.698626,1.907074,1.346815,0.000000,0.000000,0.000000,0.000000
0.176403,0.912149,0.123199,0.328240,0.781673,0.102545,0.944926,0.710652,0.241246,0.017139,1.912149,1.710652,1.102545,1.017139,1.123199,1.241246,0.000000,0.000000,0.000000,0.000000
0.420848,0.937719,0.562804,0.624437,0.049792,0.819869,0.173742,0.498326,0.924991,0.695512,1.937719,1.498326,1.819869,1.695512,1.562804,1.924991,0.000000,0.000000,0.000000,0.000000
0.168352,0.726696,0.068070,0.903855,0.841027,0.144318,0.247074,0.952594,0.455582,0.346772,1.726696,1.952594,1.144318,1.346772,1.068070,1.455582,0.000000,0.000000,0.000000,0.000000
0.289839,0.299724,0.230852,0.378838,0.556759,0.101806,0.567109,0.063878,0.945610,0.628395,1.299724,1.063878,1.101806,1.628395,1.230852,1.945610,0.000000,0.000000,0.000000,0.000000
0.705621,0.733345,0.302702,0.578427,0.478328,0.906306,0.837850,0.731577,0.525155,0.484643,1.733345,1.731577,1.906306,1.484643,1.302702,1.525155,0.000000,0.000000,0.000000,0.000000
0.360659,0.726202,0.053696,0.445135,0.248269,0.097632,0.224670,0.371923,0.374404,0.772981,1.726202,1.371923,1.097632,1.772981,1.053696,1.374404,0.000000,0.000000,0.000000,0.000000
0.068241,0.534728,0.633700,0.167257,0.421355,0.189502,0.200956,0.615054,0.322765,0.137545,1.534728,1.615054,1.189502,1.137545,1.633700,1.322765,0.000000,0.000000,0.000000,0.000000
0.170526,0.932290,0.498533,0.343600,0.970744,0.081327,0.306913,0.840656,0.133573,0.638936,1.932290,1.840656,1.081327,1.638936,1.498533,1.133573,0.000000,0.000000,0.000000,0.000000
0.572733,0.839715,0.433884,0.585468,0.630097,0.459240,0.941996,0.795409,0.685131,0.208771,1.839715,1.795409,1.459240,1.208771,1.433884,1.685131,0.000000,0.000000,0.000000,0.000000
0.858147,0.888780,0.657285,0.007716,0.086546,0.766586,0.644920,0.670106,0.713748,0.705506,1.888780,1.670106,1.766586,1.705506,1.657285,1.713748,0.000000,0.000000,0.000000,0.000000
0.885441,0.280683,0.708924,0.182231,0.015679,0.774196,0.024404,0.663404,0.489490,0.219569,1.280683,1.663404,1.774196,1.219569,1.708924,1.489490,0.000000,0.000000,0.000000,0.000000
0.726355,0.204294,0.981187,0.828028,0.611380,0.398477,0.316851,0.161945,0.553008,0.449377,1.204294,1.161945,1.398477,1.449377,1.981187,1.553008,0.000000,0.000000,0.000000,0.000000
0.623919,0.306154,0.157657,0.974193,0.414205,0.957313,0.090364,0.523247,0.839090,0.021457,1.306154,1.523247,1.957313,1.021457,1.157657,1.839090,0.000000,0.000000,0.000000,0.000000
0.800933,0.637597,0.176431,0.678446,0.996654,0.748301,0.748166,0.494611,0.858828,0.142100,1.637597,1.494611,1.748301,1.142100,1.176431,1.858828,0.000000,0.000000,0.000000,0.000000
0.689150,0.829041,0.912231,0.879583,0.495007,0.300672,0.437107,0.605740,0.171340,0.048866,1.829041,1.605740,1.300672,1.048866,1.912231,1.171340,0.000000,0.000000,0.000000,0.000000
0.968648,0.416423,0.658637,0.171783,0.665745,0.427251,0.763177,0.434759,0.788686,0.323774,1.416423,1.434759,1.427251,1.323774,1.658637,1.788686,0.000000,0.000000,0.000000,0.000000
0.614108,0.086323,0.754081,0.322586,0.954645,0.963751,0.666738,0.708448,0.947188,0.893303,1.086323,1.708448,1.963751,1.893303,1.754081,1.947188,0.000000,0.000000,0.000000,0.000000
0.061674,0.628119,0.218393,0.750572,0.487302,0.024898,0.691885,0.137878,0.871627,0.400783,1.628119,1.137878,1.024898,1.400783,1.218393,1.871627,0.000000,0.000000,0.000000,0.000000
0.095772,0.491103,0.630193,0.160914,0.522710,0.147299,0.079830,0.078107,0.975990,0.393863,1.491103,1.078107,1.147299,1.393863,1.630193,1.975990,0.000000,0.000000,0.000000,0.000000
0.187653,0.378775,0.720847,0.986830,0.330702,0.633110,0.860305,0.029515,0.835897,0.996916,1.378775,1.029515,1.633110,1.996916,1.720847,1.835897,0.000000,0.000000,0.000000,0.000000
0.239796,0.034779,0.334484,0.322407,0.117668,0.554563,0.493447,0.001542,0.235838,0.526269,1.034779,1.001542,1.554563,1.526269,1.334484,1.235838,0.000000,0.000000,0.000000,0.000000
0.360085,0.323363,0.344250,0.995069,0.609520,0.788642,0.316432,0.884602,0.528089,0.166107,1.323363,1.884602,1.788642,1.166107,1.344250,1.528089,0.000000,0.000000,0.000000,0.000000
0.107248,0.189276,0.651353,0.202967,0.135146,0.664679,0.614339,0.282147,0.971488,0.411667,1.189276,1.282147,1.664679,1.411667,1.651353,1.971488,0.000000,0.000000,0.000000,0.000000
0.945765,0.560089,0.012290,0.249547,0.275707,0.463769,0.123107,0.325421,0.626578,0.136325,1.560089,1.325421,1.463769,1.136325,1.012290,1.626578,0.000000,0.000000,0.000000,0.000000
0.504411,0.912572,0.359011,0.186757,0.448201,0.972751,0.619106,0.174341,0.302791,0.259615,1.912572,1.174341,1.972751,1.259615,1.359011,1.302791,0.000000,0.000000,0.000000,0.000000
0.585208,0.343321,0.057711,0.629660,0.617006,0.082410,0.702915,0.146261,0.633382,0.619358,1.343321,1.146261,1.082410,1.619358,1.057711,1.633382,0.000000,0.000000,0.000000,0.000000
0.020616,0.118332,0.670553,0.964958,0.432309,0.570713,0.575120,0.603844,0.031883,0.296351,1.118332,1.603844,1.570713,1.296351,1.670553,1.031883,0.000000,0.000000,0.000000,0.000000
0.192002,0.814547,0.518956,0.842063,0.345577,0.015384,0.654582,0.962987,0.305999,0.000429,1.814547,1.962987,1.015384,1.000429,1.518956,1.305999,0.000000,0.000000,0.000000,0.000000
0.798772,0.596555,0.067807,0.327041,0.865373,0.617094,0.268537,0.125431,0.860822,0.318078,1.596555,1.125431,1.617094,1.318078,1.067807,1.860822,0.000000,0.000000,0.000000,0.000000
0.844169,0.917282,0.229722,0.091886,0.318234,0.078624,0.423943,0.565691,0.878714,0.690302,1.917282,1.565691,1.078624,1.690302,1.229722,1.878714,0.000000,0.000000,0.000000,0.000000
0.754639,0.286193,0.170612,0.146892,0.539069,0.063588,0.075045,0.350343,0.714026,0.820614,1.286193,1.350343,1.063588,1.820614,1.170612,1.714026,0.000000,0.000000,0.000000,0.000000
0.281261,0.178692,0.700663,0.536954,0.137158,0.187785,0.302469,0.842435,0.350959,0.808389,1.178692,1.842435,1.187785,1.808389,1.700663,1.350959,0.000000,0.000000,0.000000,0.000000
0.575903,0.684889,0.266379,0.210472,0.128791,0.496631,0.495946,0.900976,0.555602,0.563712,1.684889,1.900976,1.496631,1.563712,1.266379,1.555602,0.000000,0.000000,0.000000,0.000000
0.448942,0.792176,0.443252,0.581787,0.490671,0.818972,0.767658,0.183682,0.702559,0.576219,1.792176,1.183682,1.818972,1.576219,1.443252,1.702559,0.000000,0.000000,0.000000,0.000000
0.894722,0.937272,0.395551,0.362202,0.594236,0.073202,0.738616,0.364046,0.676405,0.083690,1.937272,1.364046,1.073202,1.083690,1.395551,1.676405,0.000000,0.000000,0.000000,0.000000
0.353309,0.365763,0.736947,0.790900,0.525530,0.737402,0.839514,0.441628,0.977553,0.864548,1.365763,1.441628,1.737402,1.864548,1.736947,1.977553,0.000000,0.000000,0.000000,0.000000
0.652814,0.615281,0.690960,0.699613,0.844731,0.732674,0.181259,0.155411,0.368498,0.069197,1.615281,1.155411,1.732674,1.069197,1.690960,1.368498,0.000000,0.000000,0.000000,0.000000
0.950274,0.271813,0.372835,0.764192,0.141762,0.640670,0.477992,0.824120,0.325544,0.701378,1.271813,1.824120,1.640670,1.701378,1.372835,1.325544,0.000000,0.000000,0.000000,0.000000
0.959734,0.033436,0.481062,0.349467,0.294774,0.216337,0.389159,0.039358,0.939632,0.162146,1.033436,1.039358,1.216337,1.162146,1.481062,1.939632,0.000000,0.000000,0.000000,0.000000
0.019923,0.846455,0.197509,0.589824,0.258673,0.655783,0.857239,0.204536,0.201456,0.235552,1.846455,1.204536,1.655783,1.235552,1.197509,1.201456,0.000000,0.000000,0.000000,0.000000
0.224881,0.764688,0.582395,0.549857,0.967289,0.300895,0.984809,0.701204,0.122650,0.252228,1.764688,1.701204,1.300895,1.252228,1.582395,1.122650,0.000000,0.000000,0.000000,0.000000
0.405030,0.851315,0.368117,0.698523,0.111373,0.406551,0.529781,0.437863,0.772868,0.639760,1.851315,1.437863,1.406551,1.639760,1.368117,1.772868,0.000000,0.000000,0.000000,0.000000
0.733292,0.512133,0.572418,0.219545,0.793858,0.069803,0.527687,0.979436,0.533005,0.253632,1.512133,1.979436,1.069803,1.253632,1.572418,1.533005,0.000000,0.000000,0.000000,0.000000
0.165746,0.836151,0.380690,0.194815,0.350474,0.733444,0.273555,0.850816,0.111396,0.420943,1.836151,1.850816,1.733444,1.420943,1.380690,1.111396,0.000000,0.000000,0.000000,0.000000
0.093044,0.652076,0.461942,0.733164,0.877704,0.861719,0.170268,0.104129,0.791216,0.579740,1.652076,1.104129,1.861719,1.579740,1.461942,1.791216,0.000000,0.000000,0.000000,0.000000
0.319352,0.938869,0.118214,0.614265,0.872883,0.845687,0.620379,0.002745,0.582884,0.562482,1.938869,1.002745,1.845687,1.562482,1.118214,1.582884,0.000000,0.000000,0.000000,0.000000
0.180268,0.495518,0.388755,0.137973,0.409477,0.504335,0.498875,0.763942,0.973307,0.443366,1.495518,1.763942,1.504335,1.443366,1.388755,1.973307,0.000000,0.000000,0.000000,0.000000
0.279443,0.093559,0.230170,0.239480,0.423857,0.340777,0.354427,0.229216,0.645867,0.219774,1.093559,1.229216,1.340777,1.219774,1.230170,1.645867,0.000000,0.000000,0.000000,0.000000
0.518763,0.620030,0.854184,0.374156,0.036052,0.755064,0.907819,0.742355,0.244575,0.971508,1.620030,1.742355,1.755064,1.971508,1.854184,1.244575,0.000000,0.000000,0.000000,0.000000
0.103687,0.092146,0.521343,0.788113,0.142109,0.069528,0.091639,0.418622,0.555284,0.315312,1.092146,1.418622,1.069528,1.315312,1.521343,1.555284,0.000000,0.000000,0.000000,0.000000
0.190833,0.480164,0.122788,0.156168,0.181482,0.088172,0.849255,0.179111,0.643790,0.223562,1.480164,1.179111,1.088172,1.223562,1.122788,1.643790,0.000000,0.000000,0.000000,0.000000
0.311180,0.258792,0.788464,0.071804,0.802469,0.929937,0.229855,0.295805,0.192940,0.478143,1.258792,1.295805,1.929937,1.478143,1.788464,1.192940,0.000000,0.000000,0.000000,0.000000
0.642485,0.561068,0.227339,0.428806,0.076184,0.254182,0.245253,0.731672,0.300744,0.533434,1.561068,1.731672,1.254182,1.533434,1.227339,1.300744,0.000000,0.000000,0.000000,0.000000
0.422292,0.761908,0.636295,0.375267,0.296893,0.074263,0.087601,0.615947,0.637279,0.319834,1.761908,1.615947,1.074263,1.319834,1.636295,1.637279,0.000000,0.000000,0.000000,0.000000
0.936874,0.301010,0.013733,0.166605,0.750558,0.720933,0.990219,0.605608,0.281536,0.492873,1.301010,1.605608,1.720933,1.492873,1.013733,1.281536,0.000000,0.000000,0.000000,0.000000
0.395430,0.276954,0.136052,0.610407,0.754317,0.647505,0.625191,0.954288,0.530157,0.113614,1.276954,1.954288,1.647505,1.113614,1.136052,1.530157,0.000000,0.000000,0.000000,0.000000
0.058470,0.559646,0.535784,0.976515,0.661436,0.054798,0.556242,0.624820,0.339202,0.628547,1.559646,1.624820,1.054798,1.628547,1.535784,1.339202,0.000000,0.000000,0.000000,0.000000
0.210142,0.879659,0.866501,0.211142,0.706666,0.979439,0.822848,0.930164,0.678702,0.629330,1.879659,1.930164,1.979439,1.629330,1.866501,1.678702,0.000000,0.000000,0.000000,0.000000
0.337702,0.964036,0.577504,0.009280,0.673922,0.012648,0.484859,0.911076,0.479476,0.853190,1.964036,1.911076,1.012648,1.853190,1.577504,1.479476,0.000000,0.000000,0.000000,0.000000
0.821297,0.960169,0.552066,0.653043,0.210592,0.769092,0.468648,0.154282,0.384437,0.089572,1.960169,1.154282,1.769092,1.089572,1.552066,1.384437,0.000000,0.000000,0.000000,0.000000
0.769639,0.276854,0.197171,0.563680,0.702217,0.526562,0.469623,0.779126,0.349219,0.625497,1.276854,1.779126,1.526562,1.625497,1.197171,1.349219,0.000000,0.000000,0.000000,0.000000
0.012825,0.608429,0.086330,0.193069,0.268897,0.558345,0.301570,0.727744,0.408812,0.502183,1.608429,1.727744,1.558345,1.502183,1.086330,1.408812,0.000000,0.000000,0.000000,0.000000
0.116651,0.830509,0.642970,0.329431,0.924784,0.250736,0.196618,0.340355,0.540017,0.958568,1.830509,1.340355,1.250736,1.958568,1.642970,1.540017,0.000000,0.000000,0.000000,0.000000
0.840933,0.737964,0.090301,0.421050,0.393355,0.703092,0.085398,0.802432,0.000374,0.081512,1.737964,1.802432,1.703092,1.081512,1.090301,1.000374,0.000000,0.000000,0.000000,0.000000
0.454743,0.591821,0.799958,0.537535,0.097903,0.739008,0.392402,0.802688,0.329219,0.637681,1.591821,1.802688,1.739008,1.637681,1.799958,1.329219,0.000000,0.000000,0.000000,0.000000
0.118169,0.239920,0.143816,0.610962,0.247845,0.799499,0.103593,0.368316,0.979927,0.462890,1.239920,1.368316,1.799499,1.462890,1.143816,1.979927,0.000000,0.000000,0.000000,0.000000
0.212802,0.136659,0.916881,0.376904,0.210476,0.469369,0.261140,0.834086,0.639089,0.669360,1.136659,1.834086,1.469369,1.669360,1.916881,1.639089,0.000000,0.000000,0.000000,0.000000
0.311196,0.012455,0.663792,0.292820,0.365131,0.905538,0.944788,0.539781,0.819697,0.717035,1.012455,1.539781,1.905538,1.717035,1.663792,1.819697,0.000000,0.000000,0.000000,0.000000
0.560234,0.946911,0.116960,0.852786,0.353150,0.169224,0.261550,0.762251,0.602572,0.401714,1.946911,1.762251,1.169224,1.401714,1.116960,1.602572,0.000000,0.000000,0.000000,0.000000
0.285827,0.477848,0.294852,0.895908,0.487304,0.824350,0.992975,0.312240,0.277194,0.172109,1.477848,1.312240,1.824350,1.172109,1.294852,1.277194,0.000000,0.000000,0.000000,0.000000
0.915581,0.332099,0.587105,0.981914,0.177384,0.642605,0.498245,0.445299,0.133259,0.047848,1.332099,1.445299,1.642605,1.047848,1.587105,1.133259,0.000000,0.000000,0.000000,0.000000
0.452943,0.190194,0.585930,0.678366,0.654880,0.298833,0.019560,0.986450,0.051448,0.181633,1.190194,1.986450,1.298833,1.181633,1.585930,1.051448,0.000000,0.000000,0.000000,0.000000
0.832657,0.809618,0.772864,0.692106,0.459341,0.645722,0.934373,0.720446,0.862024,0.363335,1.809618,1.720446,1.645722,1.363335,1.772864,1.862024,0.000000,0.000000,0.000000,0.000000
0.878050,0.042581,0.070023,0.736195,0.814848,0.978671,0.581263,0.026320,0.373716,0.536965,1.042581,1.026320,1.978671,1.536965,1.070023,1.373716,0.000000,0.000000,0.000000,0.000000
0.768885,0.680765,0.264129,0.814658,0.777971,0.425813,0.131420,0.041845,0.263843,0.439953,1.680765,1.041845,1.425813,1.439953,1.264129,1.263843,0.000000,0.000000,0.000000,0.000000
0.805691,0.530447,0.839267,0.147381,0.445404,0.512129,0.543363,0.296897,0.766901,0.286739,1.530447,1.296897,1.512129,1.286739,1.839267,1.766901,0.000000,0.000000,0.000000,0.000000
0.081113,0.354628,0.912296,0.821136,0.020421,0.905565,0.437148,0.308661,0.351257,0.999182,1.354628,1.308661,1.905565,1.999182,1.912296,1.351257,0.000000,0.000000,0.000000,0.000000
0.139931,0.381322,0.257649,0.265095,0.322334,0.491337,0.399458,0.962918,0.904630,0.313393,1.381322,1.962918,1.491337,1.313393,1.257649,1.904630,0.000000,0.000000,0.000000,0.000000
0.411568,0.379728,0.285590,0.039852,0.608382,0.071149,0.508916,0.552360,0.691161,0.478918,1.379728,1.552360,1.071149,1.478918,1.285590,1.691161,0.000000,0.000000,0.000000,0.000000
0.098642,0.266396,0.177679,0.202492,0.941280,0.254476,0.701222,0.256613,0.210866,0.713359,1.266396,1.256613,1.254476,1.713359,1.177679,1.210866,0.000000,0.000000,0.000000,0.000000
0.016496,0.413956,0.519034,0.681046,0.353683,0.632610,0.762702,0.121614,0.587362,0.681697,1.413956,1.121614,1.632610,1.681697,1.519034,1.587362,0.000000,0.000000,0.000000,0.000000
0.905769,0.389363,0.186390,0.962339,0.340111,0.320148,0.059820,0.848042,0.845931,0.874504,1.389363,1.848042,1.320148,1.874504,1.186390,1.845931,0.000000,0.000000,0.000000,0.000000
0.465080,0.136427,0.236880,0.011369,0.265451,0.886771,0.238697,0.594181,0.962769,0.424601,1.136427,1.594181,1.886771,1.424601,1.236880,1.962769,0.000000,0.000000,0.000000,0.000000
0.431498,0.441852,0.315019,0.238646,0.764635,0.142822,0.943351,0.624799,0.904763,0.071066,1.441852,1.624799,1.142822,1.071066,1.315019,1.904763,0.000000,0.000000,0.000000,0.000000
0.589160,0.077568,0.275495,0.838965,0.376996,0.773674,0.733124,0.064212,0.138844,0.237356,1.077568,1.064212,1.773674,1.237356,1.275495,1.138844,0.000000,0.000000,0.000000,0.000000
0.879700,0.299988,0.373017,0.753549,0.628425,0.944844,0.860534,0.308936,0.949777,0.776169,1.299988,1.308936,1.944844,1.776169,1.373017,1.949777,0.000000,0.000000,0.000000,0.000000
0.465254,0.775453,0.020664,0.456050,0.901554,0.324526,0.989510,0.400766,0.650735,0.004711,1.775453,1.400766,1.324526,1.004711,1.020664,1.650735,0.000000,0.000000,0.000000,0.000000
0.565713,0.466839,0.911830,0.337356,0.603760,0.726826,0.580255,0.693644,0.526641,0.686882,1.466839,1.693644,1.726826,1.686882,1.911830,1.526641,0.000000,0.000000,0.000000,0.000000
0.136737,0.003740,0.726635,0.778704,0.465800,0.085304,0.883791,0.138707,0.775279,0.767799,1.003740,1.138707,1.085304,1.767799,1.726635,1.775279,0.000000,0.000000,0.000000,0.000000
0.688446,0.527064,0.207511,0.294812,0.883521,0.850144,0.941913,0.257140,0.118282,0.508441,1.527064,1.257140,1.850144,1.508441,1.207511,1.118282,0.000000,0.000000,0.000000,0.000000
0.851220,0.103792,0.675852,0.684307,0.338257,0.681264,0.574233,0.394433,0.716406,0.644117,1.103792,1.394433,1.681264,1.644117,1.675852,1.716406,0.000000,0.000000,0.000000,0.000000
0.385502,0.367290,0.640164,0.693178,0.185742,0.866073,0.609457,0.098729,0.050243,0.986445,1.367290,1.098729,1.866073,1.986445,1.640164,1.050243,0.000000,0.000000,0.000000,0.000000
0.372213,0.239390,0.854189,0.827215,0.261998,0.505582,0.072013,0.095731,0.521642,0.103302,1.239390,1.095731,1.505582,1.103302,1.854189,1.521642,0.000000,0.000000,0.000000,0.000000
0.361744,0.692508,0.917777,0.964827,0.164851,0.381918,0.515261,0.019706,0.723084,0.725708,1.692508,1.019706,1.381918,1.725708,1.917777,1.723084,0.000000,0.000000,0.000000,0.000000
0.212810,0.092851,0.542511,0.632978,0.386402,0.893418,0.826553,0.260044,0.282481,0.119000,1.092851,1.260044,1.893418,1.119000,1.542511,1.282481,0.000000,0.000000,0.000000,0.000000
0.902266,0.627707,0.756512,0.077554,0.728541,0.916873,0.764440,0.968855,0.368303,0.340439,1.627707,1.968855,1.916873,1.340439,1.756512,1.368303,0.000000,0.000000,0.000000,0.000000
0.528082,0.619616,0.935606,0.671127,0.467968,0.344629,0.153907,0.475257,0.271297,0.657627,1.619616,1.475257,1.344629,1.657627,1.935606,1.271297,0.000000,0.000000,0.000000,0.000000
0.226506,0.822172,0.281017,0.110691,0.123935,0.092554,0.324221,0.746157,0.612459,0.537254,1.822172,1.746157,1.092554,1.537254,1.281017,1.612459,0.000000,0.000000,0.000000,0.000000
0.200687,0.461361,0.764053,0.530521,0.379646,0.961916,0.287538,0.310867,0.875021,0.810808,1.461361,1.310867,1.961916,1.810808,1.764053,1.875021,0.000000,0.000000,0.000000,0.000000
0.010985,0.383787,0.968878,0.983315,0.756286,0.150753,0.366779,0.200695,0.108706,0.383967,1.383787,1.200695,1.150753,1.383967,1.968878,1.108706,0.000000,0.000000,0.000000,0.000000
0.415724,0.128618,0.473619,0.604989,0.698938,0.016641,0.867759,0.200922,0.298228,0.947616,1.128618,1.200922,1.016641,1.947616,1.473619,1.298228,0.000000,0.000000,0.000000,0.000000
0.943037,0.964314,0.513373,0.734759,0.672977,0.534830,0.070845,0.212779,0.097527,0.198824,1.964314,1.212779,1.534830,1.198824,1.513373,1.097527,0.000000,0.000000,0.000000,0.000000
0.216898,0.648098,0.729994,0.334397,0.889030,0.182289,0.540203,0.368421,0.716476,0.355789,1.648098,1.368421,1.182289,1.355789,1.729994,1.716476,0.000000,0.000000,0.000000,0.000000
0.464289,0.515978,0.429694,0.960236,0.311043,0.828529,0.155393,0.911050,0.423838,0.412067,1.515978,1.911050,1.828529,1.412067,1.429694,1.423838,0.000000,0.000000,0.000000,0.000000
0.830603,0.925330,0.845636,0.920507,0.526963,0.566306,0.583330,0.772020,0.867556,0.788185,1.925330,1.772020,1.566306,1.788185,1.845636,1.867556,0.000000,0.000000,0.000000,0.000000
0.807834,0.050007,0.913456,0.927415,0.439519,0.025398,0.262108,0.290882,0.435461,0.944483,1.050007,1.290882,1.025398,1.944483,1.913456,1.435461,0.000000,0.000000,0.000000,0.000000
0.444400,0.387017,0.678529,0.383196,0.645860,0.353906,0.056975,0.494907,0.025310,0.390986,1.387017,1.494907,1.353906,1.390986,1.678529,1.025310,0.000000,0.000000,0.000000,0.000000
0.300222,0.538528,0.884493,0.376894,0.381939,0.931464,0.943285,0.901280,0.419082,0.628990,1.538528,1.901280,1.931464,1.628990,1.884493,1.419082,0.000000,0.000000,0.000000,0.000000
0.983330,0.449714,0.917866,0.268697,0.215700,0.858143,0.299779,0.233168,0.037470,0.809137,1.449714,1.233168,1.858143,1.809137,1.917866,1.037470,0.000000,0.000000,0.000000,0.000000
0.843702,0.406759,0.894614,0.457040,0.124076,0.981340,0.341865,0.354249,0.875018,0.342112,1.406759,1.354249,1.981340,1.342112,1.894614,1.875018,0.000000,0.000000,0.000000,0.000000
0.114125,0.796904,0.465193,0.273152,0.097791,0.160220,0.097538,0.777521,0.918541,0.734799,1.796904,1.777521,1.160220,1.734799,1.465193,1.918541,0.000000,0.000000,0.000000,0.000000
0.257484,0.884385,0.341501,0.559874,0.593015,0.399386,0.083251,0.491972,0.733304,0.266526,1.884385,1.491972,1.399386,1.266526,1.341501,1.733304,0.000000,0.000000,0.000000,0.000000
0.966108,0.548198,0.336872,0.623278,0.694509,0.990746,0.466137,0.455750,0.935847,0.100319,1.548198,1.455750,1.990746,1.100319,1.336872,1.935847,0.000000,0.000000,0.000000,0.000000
0.362785,0.323357,0.033114,0.057968,0.516948,0.110662,0.040833,0.455933,0.938115,0.020985,1.323357,1.455933,1.110662,1.020985,1.033114,1.938115,0.000000,0.000000,0.000000,0.000000
0.796497,0.752144,0.425445,0.597542,0.522273,0.440234,0.350400,0.086689,0.104987,0.844609,1.752144,1.086689,1.440234,1.844609,1.425445,1.104987,0.000000,0.000000,0.000000,0.000000
0.401723,0.345762,0.000984,0.233631,0.325189,0.966223,0.878853,0.397630,0.861607,0.597624,1.345762,1.397630,1.966223,1.597624,1.000984,1.861607,0.000000,0.000000,0.000000,0.000000
0.013133,0.381128,0.213529,0.476136,0.138368,0.002531,0.618645,0.738815,0.921428,0.746528,1.381128,1.738815,1.002531,1.746528,1.213529,1.921428,0.000000,0.000000,0.000000,0.000000
0.668363,0.028902,0.642142,0.507022,0.000957,0.886056,0.985726,0.959426,0.212958,0.326107,1.028902,1.959426,1.886056,1.326107,1.642142,1.212958,0.000000,0.000000,0.000000,0.000000
0.908145,0.123670,0.597558,0.214764,0.988381,0.411314,0.761707,0.798105,0.849039,0.192798,1.123670,1.798105,1.411314,1.192798,1.597558,1.849039,0.000000,0.000000,0.000000,0.000000
0.938296,0.023542,0.396410,0.342179,0.603471,0.764609,0.560753,0.434639,0.308962,0.691694,1.023542,1.434639,1.764609,1.691694,1.396410,1.308962,0.000000,0.000000,0.000000,0.000000
0.936264,0.029091,0.212978,0.191992,0.764283,0.985936,0.115801,0.923574,0.946146,0.640761,1.029091,1.923574,1.985936,1.640761,1.212978,1.946146,0.000000,0.000000,0.000000,0.000000
0.052190,0.057050,0.212584,0.498300,0.531144,0.398533,0.449116,0.138926,0.681882,0.669864,1.057050,1.138926,1.398533,1.669864,1.212584,1.681882,0.000000,0.000000,0.000000,0.000000
0.591663,0.983744,0.329877,0.559092,0.406544,0.548465,0.897104,0.651993,0.980375,0.172563,1.983744,1.651993,1.548465,1.172563,1.329877,1.980375,0.000000,0.000000,0.000000,0.000000
0.584880,0.459696,0.655210,0.073037,0.753635,0.920722,0.657671,0.702756,0.742865,0.585973,1.459696,1.702756,1.920722,1.585973,1.655210,1.742865,0.000000,0.000000,0.000000,0.000000
0.677436,0.119627,0.945187,0.197926,0.289561,0.200561,0.600472,0.507214,0.275130,0.201780,1.119627,1.507214,1.200561,1.201780,1.945187,1.275130,0.000000,0.000000,0.000000,0.000000
0.634105,0.967210,0.734672,0.722392,0.346860,0.565462,0.485373,0.291002,0.679045,0.121812,1.967210,1.291002,1.565462,1.121812,1.734672,1.679045,0.000000,0.000000,0.000000,0.000000
0.049813,0.350716,0.790540,0.975154,0.922657,0.310187,0.047700,0.100998,0.853948,0.032783,1.350716,1.100998,1.310187,1.032783,1.790540,1.853948,0.000000,0.000000,0.000000,0.000000
0.838191,0.422776,0.423753,0.785355,0.466708,0.875387,0.187803,0.630036,0.065279,0.401493,1.422776,1.630036,1.875387,1.401493,1.423753,1.065279,0.000000,0.000000,0.000000,0.000000
0.923427,0.186064,0.896393,0.010943,0.228547,0.569695,0.670460,0.370244,0.013904,0.969568,1.186064,1.370244,1.569695,1.969568,1.896393,1.013904,0.000000,0.000000,0.000000,0.000000
0.833815,0.681145,0.556255,0.114663,0.621044,0.365688,0.398307,0.741557,0.354124,0.499213,1.681145,1.741557,1.365688,1.499213,1.556255,1.354124,0.000000,0.000000,0.000000,0.000000
0.661189,0.749806,0.664204,0.671427,0.664023,0.921036,0.563625,0.285047,0.836846,0.067558,1.749806,1.285047,1.921036,1.067558,1.664204,1.836846,0.000000,0.000000,0.000000,0.000000
0.584154,0.411357,0.071397,0.110640,0.125964,0.160998,0.710107,0.623876,0.577063,0.107574,1.411357,1.623876,1.160998,1.107574,1.071397,1.577063,0.000000,0.000000,0.000000,0.000000
0.803631,0.760086,0.408348,0.759675,0.372049,0.399497,0.227311,0.397252,0.140289,0.180154,1.760086,1.397252,1.399497,1.180154,1.408348,1.140289,0.000000,0.000000,0.000000,0.000000
0.520290,0.481877,0.028749,0.643507,0.157829,0.970409,0.504251,0.619149,0.904317,0.716885,1.481877,1.619149,1.970409,1.716885,1.028749,1.904317,0.000000,0.000000,0.000000,0.000000
0.604723,0.422814,0.695054,0.872980,0.418777,0.609238,0.418768,0.311453,0.249097,0.463102,1.422814,1.311453,1.609238,1.463102,1.695054,1.249097,0.000000,0.000000,0.000000,0.000000
0.908049,0.059460,0.955825,0.965472,0.653909,0.979976,0.587001,0.836044,0.643344,0.115159,1.059460,1.836044,1.979976,1.115159,1.955825,1.643344,0.000000,0.000000,0.000000,0.000000
0.754113,0.150179,0.675591,0.648961,0.346635,0.333550,0.301838,0.207451,0.152145,0.889349,1.150179,1.207451,1.333550,1.889349,1.675591,1.152145,0.000000,0.000000,0.000000,0.000000
0.167920,0.050981,0.892721,0.428626,0.985896,0.095866,0.127842,0.208032,0.155142,0.503643,1.050981,1.208032,1.095866,1.503643,1.892721,1.155142,0.000000,0.000000,0.000000,0.000000
0.547979,0.485060,0.469320,0.885252,0.941561,0.542622,0.686825,0.695774,0.071531,0.822746,1.485060,1.695774,1.542622,1.822746,1.469320,1.071531,0.000000,0.000000,0.000000,0.000000
0.073156,0.846072,0.019864,0.211264,0.576816,0.899883,0.023072,0.003974,0.050455,0.674478,1.846072,1.003974,1.899883,1.674478,1.019864,1.050455,0.000000,0.000000,0.000000,0.000000
0.281230,0.847063,0.388492,0.191709,0.554978,0.444067,0.184104,0.328223,0.012641,0.765766,1.847063,1.328223,1.444067,1.765766,1.388492,1.012641,0.000000,0.000000,0.000000,0.000000
0.515426,0.471125,0.802170,0.493779,0.381554,0.476733,0.445394,0.662973,0.144121,0.774041,1.471125,1.662973,1.476733,1.774041,1.802170,1.144121,0.000000,0.000000,0.000000,0.000000
0.054323,0.329874,0.771622,0.705859,0.309476,0.651480,0.776543,0.901199,0.605457,0.332668,1.329874,1.901199,1.651480,1.332668,1.771622,1.605457,0.000000,0.000000,0.000000,0.000000
0.389758,0.184570,0.174244,0.440934,0.056067,0.556441,0.912233,0.804465,0.272019,0.644280,1.184570,1.804465,1.556441,1.644280,1.174244,1.272019,0.000000,0.000000,0.000000,0.000000
0.813075,0.242340,0.113685,0.641342,0.848120,0.757814,0.309957,0.016531,0.962832,0.807579,1.242340,1.016531,1.757814,1.807579,1.113685,1.962832,0.000000,0.000000,0.000000,0.000000
0.558714,0.580992,0.132374,0.969249,0.236457,0.580715,0.103991,0.279607,0.690325,0.750570,1.580992,1.279607,1.580715,1.750570,1.132374,1.690325,0.000000,0.000000,0.000000,0.000000
0.807717,0.230490,0.502016,0.753581,0.979255,0.509042,0.373905,0.119013,0.296833,0.332035,1.230490,1.119013,1.509042,1.332035,1.502016,1.296833,0.000000,0.000000,0.000000,0.000000
0.453328,0.206093,0.237670,0.842073,0.366930,0.524121,0.324719,0.362779,0.874375,0.185042,1.206093,1.362779,1.524121,1.185042,1.237670,1.874375,0.000000,0.000000,0.000000,0.000000
0.030030,0.044826,0.280278,0.920677,0.616004,0.762909,0.848558,0.398648,0.909851,0.423124,1.044826,1.398648,1.762909,1.423124,1.280278,1.909851,0.000000,0.000000,0.000000,0.000000
0.449736,0.043990,0.237409,0.349945,0.929436,0.199632,0.974750,0.027211,0.328572,0.414447,1.043990,1.027211,1.199632,1.414447,1.237409,1.328572,0.000000,0.000000,0.000000,0.000000
0.266657,0.793581,0.865208,0.908123,0.224028,0.169918,0.062568,0.458992,0.859379,0.503495,1.793581,1.458992,1.169918,1.503495,1.865208,1.859379,0.000000,0.000000,0.000000,0.000000
0.039265,0.633160,0.161224,0.310941,0.377245,0.254883,0.017117,0.722014,0.738611,0.373853,1.633160,1.722014,1.254883,1.373853,1.161224,1.738611,0.000000,0.000000,0.000000,0.000000
0.459694,0.644192,0.477874,0.323556,0.525405,0.626614,0.883005,0.433628,0.902280,0.897220,1.644192,1.433628,1.626614,1.897220,1.477874,1.902280,0.000000,0.000000,0.000000,0.000000
0.516164,0.041746,0.606890,0.308331,0.096542,0.133336,0.239856,0.486894,0.677283,0.061372,1.041746,1.486894,1.133336,1.061372,1.606890,1.677283,0.000000,0.000000,0.000000,0.000000
0.422153,0.610457,0.356157,0.671174,0.882738,0.383115,0.119742,0.605324,0.543998,0.999135,1.610457,1.605324,1.383115,1.999135,1.356157,1.543998,0.000000,0.000000,0.000000,0.000000
0.816721,0.272215,0.685987,0.216801,0.653834,0.036289,0.743223,0.569054,0.081869,0.446546,1.272215,1.569054,1.036289,1.446546,1.685987,1.081869,0.000000,0.000000,0.000000,0.000000
0.474752,0.379989,0.967510,0.402383,0.976670,0.853863,0.675399,0.208632,0.289666,0.732790,1.379989,1.208632,1.853863,1.732790,1.967510,1.289666,0.000000,0.000000,0.000000,0.000000
0.587052,0.735762,0.152028,0.133725,0.280161,0.902677,0.997050,0.046035,0.887100,0.175034,1.735762,1.046035,1.902677,1.175034,1.152028,1.887100,0.000000,0.000000,0.000000,0.000000
0.850237,0.802701,0.419389,0.281567,0.024491,0.424747,0.146847,0.279763,0.488801,0.598370,1.802701,1.279763,1.424747,1.598370,1.419389,1.488801,0.000000,0.000000,0.000000,0.000000
0.631219,0.436877,0.993857,0.571856,0.734090,0.218911,0.237210,0.967021,0.563931,0.215986,1.436877,1.967021,1.218911,1.215986,1.993857,1.563931,0.000000,0.000000,0.000000,0.000000
0.819307,0.454560,0.723744,0.993468,0.531125,0.538608,0.827365,0.797712,0.787988,0.845297,1.454560,1.797712,1.538608,1.845297,1.723744,1.787988,0.000000,0.000000,0.000000,0.000000
0.718108,0.773205,0.682347,0.302003,0.914821,0.326100,0.775577,0.738289,0.742284,0.212293,1.773205,1.738289,1.326100,1.212293,1.682347,1.742284,0.000000,0.000000,0.000000,0.000000
0.415377,0.748351,0.264872,0.030243,0.607939,0.385904,0.234086,0.431008,0.156005,0.896409,1.748351,1.431008,1.385904,1.896409,1.264872,1.156005,0.000000,0.000000,0.000000,0.000000
0.768250,0.094723,0.685241,0.871577,0.984601,0.289607,0.406909,0.005411,0.817930,0.680554,1.094723,1.005411,1.289607,1.680554,1.685241,1.817930,0.000000,0.000000,0.000000,0.000000
0.018097,0.395110,0.994905,0.795575,0.486345,0.293696,0.255430,0.611674,0.593320,0.409627,1.395110,1.611674,1.293696,1.409627,1.994905,1.593320,0.000000,0.000000,0.000000,0.000000
0.978169,0.306796,0.572867,0.889068,0.673991,0.363934,0.710422,0.426185,0.164844,0.218623,1.306796,1.426185,1.363934,1.218623,1.572867,1.164844,0.000000,0.000000,0.000000,0.000000
0.654068,0.619818,0.175454,0.929929,0.709750,0.642220,0.612806,0.367432,0.994704,0.976499,1.619818,1.367432,1.642220,1.976499,1.175454,1.994704,0.000000,0.000000,0.000000,0.000000
0.632427,0.249299,0.102903,0.097490,0.782245,0.667887,0.510230,0.166853,0.213630,0.798711,1.249299,1.166853,1.667887,1.798711,1.102903,1.213630,0.000000,0.000000,0.000000,0.000000
0.787806,0.966982,0.028570,0.195139,0.442042,0.792799,0.226702,0.483325,0.552882,0.544282,1.966982,1.483325,1.792799,1.544282,1.028570,1.552882,0.000000,0.000000,0.000000,0.000000
0.813406,0.122851,0.731306,0.590950,0.061303,0.004761,0.805351,0.433151,0.514543,0.122180,1.122851,1.433151,1.004761,1.122180,1.731306,1.514543,0.000000,0.000000,0.000000,0.000000
0.962632,0.209653,0.633104,0.429231,0.188390,0.275377,0.330093,0.990611,0.880423,0.758377,1.209653,1.990611,1.275377,1.758377,1.633104,1.880423,0.000000,0.000000,0.000000,0.000000
0.917604,0.597504,0.408176,0.814517,0.991932,0.994030,0.875364,0.649964,0.596451,0.674346,1.597504,1.649964,1.994030,1.674346,1.408176,1.596451,0.000000,0.000000,0.000000,0.000000
0.837892,0.748300,0.331882,0.406172,0.687982,0.429550,0.096671,0.980816,0.008920,0.600365,1.748300,1.980816,1.429550,1.600365,1.331882,1.008920,0.000000,0.000000,0.000000,0.000000
0.785582,0.234502,0.491868,0.190058,0.881322,0.514438,0.762836,0.601104,0.563997,0.488446,1.234502,1.601104,1.514438,1.488446,1.491868,1.563997,0.000000,0.000000,0.000000,0.000000
0.883714,0.347616,0.792992,0.665227,0.293864,0.082095,0.653415,0.956945,0.503214,0.293598,1.347616,1.956945,1.082095,1.293598,1.792992,1.503214,0.000000,0.000000,0.000000,0.000000
0.412515,0.019461,0.406591,0.447506,0.374648,0.656490,0.102079,0.780344,0.493379,0.372530,1.019461,1.780344,1.656490,1.372530,1.406591,1.493379,0.000000,0.000000,0.000000,0.000000
0.835049,0.524865,0.680499,0.233470,0.571737,0.580770,0.666979,0.634296,0.790343,0.178348,1.524865,1.634296,1.580770,1.178348,1.680499,1.790343,0.000000,0.000000,0.000000,0.000000
0.632966,0.313917,0.198609,0.150539,0.586055,0.056249,0.353380,0.507204,0.196617,0.404578,1.313917,1.507204,1.056249,1.404578,1.198609,1.196617,0.000000,0.000000,0.000000,0.000000
0.708418,0.373841,0.996726,0.212747,0.513122,0.505066,0.125588,0.517260,0.392598,0.387807,1.373841,1.517260,1.505066,1.387807,1.996726,1.392598,0.000000,0.000000,0.000000,0.000000
0.180895,0.347539,0.980699,0.369463,0.933484,0.021683,0.154322,0.191010,0.244682,0.210738,1.347539,1.191010,1.021683,1.210738,1.980699,1.244682,0.000000,0.000000,0.000000,0.000000
0.310912,0.706602,0.206875,0.104180,0.860369,0.499637,0.734670,0.334631,0.571101,0.014723,1.706602,1.334631,1.499637,1.014723,1.206875,1.571101,0.000000,0.000000,0.000000,0.000000
0.347080,0.154865,0.958325,0.816022,0.770283,0.028370,0.071128,0.819795,0.509896,0.782298,1.154865,1.819795,1.028370,1.782298,1.958325,1.509896,0.000000,0.000000,0.000000,0.000000
0.992777,0.357158,0.882997,0.690799,0.448457,0.824732,0.916198,0.512967,0.148935,0.881726,1.357158,1.512967,1.824732,1.881726,1.882997,1.148935,0.000000,0.000000,0.000000,0.000000
0.909911,0.770533,0.844036,0.128042,0.217980,0.295583,0.303486,0.313858,0.644642,0.511956,1.770533,1.313858,1.295583,1.511956,1.844036,1.644642,0.000000,0.000000,0.000000,0.000000
0.075984,0.280153,0.362610,0.123933,0.064050,0.622791,0.728654,0.790546,0.804660,0.589694,1.280153,1.790546,1.622791,1.589694,1.362610,1.804660,0.000000,0.000000,0.000000,0.000000
0.864015,0.706726,0.593832,0.244826,0.223270,0.098198,0.593939,0.554532,0.968050,0.072851,1.706726,1.554532,1.098198,1.072851,1.593832,1.968050,0.000000,0.000000,0.000000,0.000000
0.523763,0.866480,0.569711,0.710045,0.920312,0.222195,0.990728,0.517303,0.808227,0.184034,1.866480,1.517303,1.222195,1.184034,1.569711,1.808227,0.000000,0.000000,0.000000,0.000000
0.522434,0.319251,0.070803,0.823574,0.824171,0.383547,0.652673,0.011167,0.164553,0.755228,1.319251,1.011167,1.383547,1.755228,1.070803,1.164553,0.000000,0.000000,0.000000,0.000000
0.702457,0.528919,0.859009,0.006766,0.483781,0.988173,0.177002,0.228800,0.721733,0.498258,1.528919,1.228800,1.988173,1.498258,1.859009,1.721733,0.000000,0.000000,0.000000,0.000000
0.846773,0.108445,0.907189,0.534308,0.226568,0.036015,0.457065,0.427876,0.925822,0.293625,1.108445,1.427876,1.036015,1.293625,1.907189,1.925822,0.000000,0.000000,0.000000,0.000000
0.611426,0.649409,0.282932,0.693472,0.185105,0.495540,0.943105,0.361649,0.465894,0.475408,1.649409,1.361649,1.495540,1.475408,1.282932,1.465894,0.000000,0.000000,0.000000,0.000000
0.188303,0.557386,0.233128,0.471878,0.794048,0.169147,0.240624,0.939374,0.774974,0.162598,1.557386,1.939374,1.169147,1.162598,1.233128,1.774974,0.000000,0.000000,0.000000,0.000000
0.004674,0.422697,0.992171,0.965875,0.950780,0.734334,0.874850,0.363936,0.377210,0.412702,1.422697,1.363936,1.734334,1.412702,1.992171,1.377210,0.000000,0.000000,0.000000,0.000000
0.204100,0.023241,0.604054,0.464527,0.433707,0.381027,0.529915,0.036990,0.781851,0.962866,1.023241,1.036990,1.381027,1.962866,1.604054,1.781851,0.000000,0.000000,0.000000,0.000000
0.681549,0.207879,0.811361,0.695110,0.994000,0.520002,0.290272,0.482347,0.950491,0.301054,1.207879,1.482347,1.520002,1.301054,1.811361,1.950491,0.000000,0.000000,0.000000,0.000000
0.955196,0.241509,0.896281,0.109135,0.013133,0.020600,0.861559,0.257134,0.119063,0.381206,1.241509,1.257134,1.020600,1.381206,1.896281,1.119063,0.000000,0.000000,0.000000,0.000000
0.922213,0.918417,0.278479,0.842425,0.110187,0.135115,0.299834,0.590347,0.472917,0.017593,1.918417,1.590347,1.135115,1.017593,1.278479,1.472917,0.000000,0.000000,0.000000,0.000000
0.105148,0.363031,0.826518,0.297477,0.483934,0.094680,0.085965,0.805882,0.676528,0.692108,1.363031,1.805882,1.094680,1.692108,1.826518,1.676528,0.000000,0.000000,0.000000,0.000000
0.373991,0.515203,0.296420,0.125747,0.373761,0.685536,0.897265,0.452258,0.204907,0.539797,1.515203,1.452258,1.685536,1.539797,1.296420,1.204907,0.000000,0.000000,0.000000,0.000000
0.110115,0.809542,0.124186,0.722866,0.938594,0.344941,0.862732,0.128884,0.181239,0.058934,1.809542,1.128884,1.344941,1.058934,1.124186,1.181239,0.000000,0.000000,0.000000,0.000000
0.203515,0.725131,0.346888,0.049162,0.169240,0.402402,0.880595,0.379402,0.532684,0.469997,1.725131,1.379402,1.402402,1.469997,1.346888,1.532684,0.000000,0.000000,0.000000,0.000000
0.974116,0.832838,0.513369,0.746535,0.073800,0.190943,0.702896,0.421416,0.735517,0.942777,1.832838,1.421416,1.190943,1.942777,1.513369,1.735517,0.000000,0.000000,0.000000,0.000000
0.987110,0.879111,0.465308,0.261728,0.074784,0.648625,0.893146,0.070053,0.047069,0.228983,1.879111,1.070053,1.648625,1.228983,1.465308,1.047069,0.000000,0.000000,0.000000,0.000000
0.704589,0.693138,0.314326,0.878615,0.936737,0.396247,0.475641,0.250352,0.401768,0.612759,1.693138,1.250352,1.396247,1.612759,1.314326,1.401768,0.000000,0.000000,0.000000,0.000000
0.083929,0.334708,0.901372,0.072123,0.017392,0.387801,0.966476,0.055349,0.991159,0.022558,1.334708,1.055349,1.387801,1.022558,1.901372,1.991159,0.000000,0.000000,0.000000,0.000000
0.433524,0.671359,0.048316,0.317070,0.770629,0.206013,0.818105,0.651225,0.034987,0.609125,1.671359,1.651225,1.206013,1.609125,1.048316,1.034987,0.000000,0.000000,0.000000,0.000000
0.267675,0.003426,0.790463,0.968498,0.566050,0.576203,0.907847,0.952055,0.061148,0.919284,1.003426,1.952055,1.576203,1.919284,1.790463,1.061148,0.000000,0.000000,0.000000,0.000000
0.872500,0.899341,0.886709,0.006605,0.776625,0.360558,0.462550,0.802881,0.961159,0.407327,1.899341,1.802881,1.360558,1.407327,1.886709,1.961159,0.000000,0.000000,0.000000,0.000000
0.541161,0.081164,0.128255,0.482532,0.159693,0.205553,0.188045,0.942491,0.382054,0.318163,1.081164,1.942491,1.205553,1.318163,1.128255,1.382054,0.000000,0.000000,0.000000,0.000000
0.045373,0.807606,0.448106,0.941960,0.797565,0.947877,0.564521,0.415742,0.471871,0.157184,1.807606,1.415742,1.947877,1.157184,1.448106,1.471871,0.000000,0.000000,0.000000,0.000000
0.450074,0.905611,0.822967,0.971799,0.852185,0.372763,0.120057,0.764484,0.610275,0.958968,1.905611,1.764484,1.372763,1.958968,1.822967,1.610275,0.000000,0.000000,0.000000,0.000000
0.334565,0.862027,0.479201,0.654553,0.616465,0.444453,0.557358,0.245603,0.372986,0.922902,1.862027,1.245603,1.444453,1.922902,1.479201,1.372986,0.000000,0.000000,0.000000,0.000000
0.920028,0.082784,0.536159,0.325765,0.778613,0.236543,0.137449,0.226825,0.408655,0.706871,1.082784,1.226825,1.236543,1.706871,1.536159,1.408655,0.000000,0.000000,0.000000,0.000000
0.520394,0.100228,0.782643,0.916378,0.738305,0.171061,0.328792,0.813051,0.258324,0.473869,1.100228,1.813051,1.171061,1.473869,1.782643,1.258324,0.000000,0.000000,0.000000,0.000000
0.324847,0.285606,0.383229,0.521358,0.623423,0.916672,0.121207,0.365894,0.149342,0.887678,1.285606,1.365894,1.916672,1.887678,1.383229,1.149342,0.000000,0.000000,0.000000,0.000000
0.322139,0.246599,0.253692,0.317898,0.940730,0.183821,0.910706,0.009641,0.614690,0.503605,1.246599,1.009641,1.183821,1.503605,1.253692,1.614690,0.000000,0.000000,0.000000,0.000000
0.666203,0.289966,0.642286,0.190238,0.563174,0.178271,0.659919,0.312908,0.843277,0.283004,1.289966,1.312908,1.178271,1.283004,1.642286,1.843277,0.000000,0.000000,0.000000,0.000000
0.652829,0.506558,0.689661,0.185122,0.468429,0.988058,0.461711,0.052921,0.122498,0.882969,1.506558,1.052921,1.988058,1.882969,1.689661,1.122498,0.000000,0.000000,0.000000,0.000000
0.566492,0.537832,0.870824,0.853415,0.714516,0.437761,0.919411,0.351125,0.888892,0.171395,1.537832,1.351125,1.437761,1.171395,1.870824,1.888892,0.000000,0.000000,0.000000,0.000000
0.513158,0.635767,0.102824,0.524366,0.017394,0.063870,0.779177,0.480562,0.584672,0.518106,1.635767,1.480562,1.063870,1.518106,1.102824,1.584672,0.000000,0.000000,0.000000,0.000000
0.371823,0.435322,0.481585,0.400415,0.940397,0.198071,0.717978,0.453173,0.008558,0.583083,1.435322,1.453173,1.198071,1.583083,1.481585,1.008558,0.000000,0.000000,0.000000,0.000000
0.700454,0.428700,0.635776,0.290394,0.688290,0.229916,0.956122,0.506804,0.719933,0.938167,1.428700,1.506804,1.229916,1.938167,1.635776,1.719933,0.000000,0.000000,0.000000,0.000000
0.384451,0.679048,0.794362,0.745461,0.278016,0.110224,0.481520,0.609006,0.889099,0.574601,1.679048,1.609006,1.110224,1.574601,1.794362,1.889099,0.000000,0.000000,0.000000,0.000000
0.428002,0.702692,0.086553,0.035373,0.433559,0.712737,0.678647,0.120200,0.946741,0.836951,1.702692,1.120200,1.712737,1.836951,1.086553,1.946741,0.000000,0.000000,0.000000,0.000000
0.156101,0.343510,0.662134,0.056011,0.175702,0.550357,0.079994,0.138280,0.748777,0.618433,1.343510,1.138280,1.550357,1.618433,1.662134,1.748777,0.000000,0.000000,0.000000,0.000000
0.875402,0.564820,0.985535,0.519629,0.060431,0.957182,0.988565,0.442600,0.526844,0.604840,1.564820,1.442600,1.957182,1.604840,1.985535,1.526844,0.000000,0.000000,0.000000,0.000000
0.713426,0.243741,0.854796,0.883295,0.569368,0.844594,0.518583,0.758499,0.872009,0.222474,1.243741,1.758499,1.844594,1.222474,1.854796,1.872009,0.000000,0.000000,0.000000,0.000000
0.296090,0.887619,0.095882,0.725764,0.920981,0.010982,0.237014,0.889118,0.038951,0.000854,1.887619,1.889118,1.010982,1.000854,1.095882,1.038951,0.000000,0.000000,0.000000,0.000000
0.981123,0.478062,0.076826,0.142082,0.384545,0.317244,0.439034,0.286706,0.562124,0.124299,1.478062,1.286706,1.317244,1.124299,1.076826,1.562124,0.000000,0.000000,0.000000,0.000000
0.753445,0.073154,0.518043,0.534989,0.021590,0.274403,0.364514,0.150884,0.556424,0.053758,1.073154,1.150884,1.274403,1.053758,1.518043,1.556424,0.000000,0.000000,0.000000,0.000000
0.644662,0.542927,0.060080,0.543295,0.703309,0.207710,0.095504,0.855777,0.916296,0.597103,1.542927,1.855777,1.207710,1.597103,1.060080,1.916296,0.000000,0.000000,0.000000,0.000000
0.157019,0.472347,0.883125,0.268661,0.638219,0.676858,0.939810,0.468001,0.140730,0.061242,1.472347,1.468001,1.676858,1.061242,1.883125,1.140730,0.000000,0.000000,0.000000,0.000000
0.219369,0.917014,0.919737,0.523300,0.589414,0.599036,0.791578,0.572295,0.363340,0.617964,1.917014,1.572295,1.599036,1.617964,1.919737,1.363340,0.000000,0.000000,0.000000,0.000000
0.998995,0.497329,0.528194,0.340588,0.034242,0.608065,0.743365,0.048504,0.534456,0.273961,1.497329,1.048504,1.608065,1.273961,1.528194,1.534456,0.000000,0.000000,0.000000,0.000000
0.227534,0.350884,0.558146,0.544014,0.853571,0.791800,0.120568,0.960573,0.469187,0.881293,1.350884,1.960573,1.791800,1.881293,1.558146,1.469187,0.000000,0.000000,0.000000,0.000000
0.326469,0.742792,0.317862,0.372844,0.697026,0.837716,0.904332,0.342817,0.024404,0.374408,1.742792,1.342817,1.837716,1.374408,1.317862,1.024404,0.000000,0.000000,0.000000,0.000000
0.470948,0.552915,0.316495,0.331328,0.259009,0.285586,0.379535,0.073903,0.340457,0.430539,1.552915,1.073903,1.285586,1.430539,1.316495,1.340457,0.000000,0.000000,0.000000,0.000000
0.026558,0.242926,0.360071,0.684883,0.787291,0.939678,0.043725,0.143365,0.950364,0.524326,1.242926,1.143365,1.939678,1.524326,1.360071,1.950364,0.000000,0.000000,0.000000,0.000000
0.628027,0.968348,0.667614,0.494737,0.660879,0.411368,0.533263,0.770268,0.044722,0.218924,1.968348,1.770268,1.411368,1.218924,1.667614,1.044722,0.000000,0.000000,0.000000,0.000000
0.168757,0.641705,0.046805,0.662806,0.778211,0.780107,0.682306,0.274285,0.233260,0.976431,1.641705,1.274285,1.780107,1.976431,1.046805,1.233260,0.000000,0.000000,0.000000,0.000000
0.942686,0.838347,0.661319,0.164942,0.368205,0.712162,0.976299,0.433072,0.931723,0.844562,1.838347,1.433072,1.712162,1.844562,1.661319,1.931723,0.000000,0.000000,0.000000,0.000000
0.908182,0.535303,0.421792,0.748584,0.272862,0.193794,0.387074,0.379907,0.286614,0.291253,1.535303,1.379907,1.193794,1.291253,1.421792,1.286614,0.000000,0.000000,0.000000,0.000000
0.717988,0.107672,0.570855,0.068118,0.920320,0.684707,0.361695,0.345945,0.477774,0.847008,1.107672,1.345945,1.684707,1.847008,1.570855,1.477774,0.000000,0.000000,0.000000,0.000000
0.189980,0.409239,0.493820,0.913558,0.297470,0.423258,0.444380,0.200649,0.506933,0.856203,1.409239,1.200649,1.423258,1.856203,1.493820,1.506933,0.000000,0.000000,0.000000,0.000000
0.630395,0.176282,0.078712,0.936743,0.995282,0.160479,0.129823,0.393899,0.993083,0.983485,1.176282,1.393899,1.160479,1.983485,1.078712,1.993083,0.000000,0.000000,0.000000,0.000000
0.813571,0.352691,0.157719,0.976486,0.012555,0.038691,0.215907,0.094322,0.133308,0.128065,1.352691,1.094322,1.038691,1.128065,1.157719,1.133308,0.000000,0.000000,0.000000,0.000000
0.437164,0.534280,0.917089,0.217833,0.728559,0.248736,0.658058,0.493653,0.764475,0.283197,1.534280,1.493653,1.248736,1.283197,1.917089,1.764475,0.000000,0.000000,0.000000,0.000000
0.584082,0.682028,0.509268,0.435301,0.508584,0.315861,0.448659,0.466944,0.652167,0.052398,1.682028,1.466944,1.315861,1.052398,1.509268,1.652167,0.000000,0.000000,0.000000,0.000000
0.976823,0.154175,0.252546,0.848526,0.169205,0.665744,0.467172,0.078904,0.520082,0.558784,1.154175,1.078904,1.665744,1.558784,1.252546,1.520082,0.000000,0.000000,0.000000,0.000000
0.370792,0.281602,0.637183,0.722137,0.216340,0.546729,0.735818,0.166995,0.094627,0.143635,1.281602,1.166995,1.546729,1.143635,1.637183,1.094627,0.000000,0.000000,0.000000,0.000000
0.900155,0.119447,0.645556,0.783520,0.769012,0.150937,0.397231,0.188648,0.905961,0.561037,1.119447,1.188648,1.150937,1.561037,1.645556,1.905961,0.000000,0.000000,0.000000,0.000000
0.827770,0.324719,0.833221,0.955654,0.064717,0.723952,0.030404,0.875777,0.696584,0.635394,1.324719,1.875777,1.723952,1.635394,1.833221,1.696584,0.000000,0.000000,0.000000,0.000000
0.373175,0.422068,0.560173,0.085558,0.460428,0.472042,0.394143,0.974183,0.707906,0.149129,1.422068,1.974183,1.472042,1.149129,1.560173,1.707906,0.000000,0.000000,0.000000,0.000000
0.167382,0.242803,0.291633,0.230222,0.794797,0.100679,0.472371,0.682612,0.175550,0.694928,1.242803,1.682612,1.100679,1.694928,1.291633,1.175550,0.000000,0.000000,0.000000,0.000000
0.260060,0.329801,0.846069,0.549953,0.998268,0.779288,0.147463,0.397608,0.438089,0.274092,1.329801,1.397608,1.779288,1.274092,1.846069,1.438089,0.000000,0.000000,0.000000,0.000000
0.370761,0.566810,0.747217,0.578642,0.556399,0.589270,0.586881,0.986904,0.123712,0.142974,1.566810,1.986904,1.589270,1.142974,1.747217,1.123712,0.000000,0.000000,0.000000,0.000000
0.562785,0.193758,0.742568,0.588949,0.946812,0.182488,0.361831,0.805374,0.110759,0.810776,1.193758,1.805374,1.182488,1.810776,1.742568,1.110759,0.000000,0.000000,0.000000,0.000000
0.696371,0.470546,0.304590,0.906259,0.221876,0.695606,0.487396,0.715777,0.585912,0.713300,1.470546,1.715777,1.695606,1.713300,1.304590,1.585912,0.000000,0.000000,0.000000,0.000000
0.371948,0.207478,0.357835,0.712244,0.794930,0.538096,0.981297,0.848517,0.131459,0.959218,1.207478,1.848517,1.538096,1.959218,1.357835,1.131459,0.000000,0.000000,0.000000,0.000000
0.132206,0.096374,0.533972,0.490072,0.135348,0.166352,0.171186,0.846762,0.261736,0.973312,1.096374,1.846762,1.166352,1.973312,1.533972,1.261736,0.000000,0.000000,0.000000,0.000000
0.709162,0.239679,0.589637,0.529790,0.580829,0.631577,0.647682,0.119508,0.107133,0.559855,1.239679,1.119508,1.631577,1.559855,1.589637,1.107133,0.000000,0.000000,0.000000,0.000000
0.423261,0.672741,0.524702,0.151171,0.063723,0.294355,0.200425,0.607169,0.931099,0.033019,1.672741,1.607169,1.294355,1.033019,1.524702,1.931099,0.000000,0.000000,0.000000,0.000000
0.807016,0.322938,0.254264,0.153560,0.606291,0.032071,0.638193,0.465896,0.839108,0.222906,1.322938,1.465896,1.032071,1.222906,1.254264,1.839108,0.000000,0.000000,0.000000,0.000000
0.115778,0.343850,0.130882,0.218334,0.526608,0.448116,0.499232,0.844152,0.151883,0.237902,1.343850,1.844152,1.448116,1.237902,1.130882,1.151883,0.000000,0.000000,0.000000,0.000000
0.724580,0.841461,0.420799,0.920890,0.931163,0.406084,0.921110,0.421229,0.279169,0.647943,1.841461,1.421229,1.406084,1.647943,1.420799,1.279169,0.000000,0.000000,0.000000,0.000000
0.245747,0.463421,0.814997,0.619145,0.061360,0.351074,0.218217,0.949125,0.297660,0.003540,1.463421,1.949125,1.351074,1.003540,1.814997,1.297660,0.000000,0.000000,0.000000,0.000000
0.743496,0.060926,0.333720,0.646038,0.905192,0.367804,0.329116,0.281594,0.647096,0.072137,1.060926,1.281594,1.367804,1.072137,1.333720,1.647096,0.000000,0.000000,0.000000,0.000000
0.976658,0.070459,0.604962,0.131986,0.512321,0.094980,0.599778,0.901860,0.107227,0.559714,1.070459,1.901860,1.094980,1.559714,1.604962,1.107227,0.000000,0.000000,0.000000,0.000000
0.409859,0.397715,0.081521,0.981897,0.390886,0.231885,0.846419,0.581840,0.635229,0.534175,1.397715,1.581840,1.231885,1.534175,1.081521,1.635229,0.000000,0.000000,0.000000,0.000000
0.986013,0.596288,0.136821,0.956084,0.612224,0.256100,0.207125,0.276941,0.836114,0.620100,1.596288,1.276941,1.256100,1.620100,1.136821,1.836114,0.000000,0.000000,0.000000,0.000000
0.329899,0.453663,0.354956,0.960897,0.004630,0.153988,0.690579,0.647858,0.154511,0.231459,1.453663,1.647858,1.153988,1.231459,1.354956,1.154511,0.000000,0.000000,0.000000,0.000000
0.093719,0.904697,0.266496,0.273289,0.610854,0.149748,0.915973,0.977057,0.013493,0.078915,1.904697,1.977057,1.149748,1.078915,1.266496,1.013493,0.000000,0.000000,0.000000,0.000000
0.128377,0.532289,0.963360,0.569246,0.273447,0.495972,0.422031,0.597240,0.037885,0.088064,1.532289,1.597240,1.495972,1.088064,1.963360,1.037885,0.000000,0.000000,0.000000,0.000000
0.193404,0.568700,0.956845,0.911355,0.702255,0.592272,0.243027,0.658648,0.782353,0.539320,1.568700,1.658648,1.592272,1.539320,1.956845,1.782353,0.000000,0.000000,0.000000,0.000000
0.958451,0.118675,0.530619,0.300040,0.430856,0.992274,0.821506,0.018459,0.875602,0.102830,1.118675,1.018459,1.992274,1.102830,1.530619,1.875602,0.000000,0.000000,0.000000,0.000000
0.347402,0.819987,0.843639,0.489711,0.863815,0.890920,0.094344,0.704423,0.385303,0.379316,1.819987,1.704423,1.890920,1.379316,1.843639,1.385303,0.000000,0.000000,0.000000,0.000000
0.063843,0.284977,0.142125,0.136614,0.815048,0.911674,0.637446,0.575609,0.681365,0.175200,1.284977,1.575609,1.911674,1.175200,1.142125,1.681365,0.000000,0.000000,0.000000,0.000000
0.086250,0.332113,0.893781,0.452652,0.439866,0.774117,0.129621,0.803569,0.069427,0.506417,1.332113,1.803569,1.774117,1.506417,1.893781,1.069427,0.000000,0.000000,0.000000,0.000000
0.260341,0.920322,0.196596,0.622936,0.020334,0.811518,0.185912,0.469342,0.648176,0.375305,1.920322,1.469342,1.811518,1.375305,1.196596,1.648176,0.000000,0.000000,0.000000,0.000000
0.150472,0.716862,0.859822,0.185509,0.620812,0.393038,0.751582,0.393507,0.472755,0.098664,1.716862,1.393507,1.393038,1.098664,1.859822,1.472755,0.000000,0.000000,0.000000,0.000000
0.179766,0.364446,0.637877,0.105511,0.572264,0.856573,0.706418,0.361525,0.594528,0.766574,1.364446,1.361525,1.856573,1.766574,1.637877,1.594528,0.000000,0.000000,0.000000,0.000000
0.273810,0.118632,0.881924,0.258318,0.117381,0.742166,0.119599,0.201567,0.335244,0.663359,1.118632,1.201567,1.742166,1.663359,1.881924,1.335244,0.000000,0.000000,0.000000,0.000000
0.746268,0.287849,0.225985,0.300177,0.955783,0.096245,0.454657,0.392871,0.220435,0.520572,1.287849,1.392871,1.096245,1.520572,1.225985,1.220435,0.000000,0.000000,0.000000,0.000000
0.439754,0.884239,0.496435,0.422505,0.125825,0.276888,0.406702,0.729653,0.212382,0.654911,1.884239,1.729653,1.276888,1.654911,1.496435,1.212382,0.000000,0.000000,0.000000,0.000000
0.124581,0.528059,0.437801,0.223794,0.918277,0.425673,0.136201,0.690541,0.914892,0.663046,1.528059,1.690541,1.425673,1.663046,1.437801,1.914892,0.000000,0.000000,0.000000,0.000000
0.239114,0.733629,0.928993,0.929853,0.836913,0.045656,0.604456,0.446789,0.761280,0.091580,1.733629,1.446789,1.045656,1.091580,1.928993,1.761280,0.000000,0.000000,0.000000,0.000000
0.368144,0.922554,0.087684,0.968289,0.172324,0.322609,0.847313,0.968562,0.358191,0.054040,1.922554,1.968562,1.322609,1.054040,1.087684,1.358191,0.000000,0.000000,0.000000,0.000000
0.788279,0.984830,0.401690,0.804162,0.565023,0.196291,0.406783,0.073727,0.549917,0.081510,1.984830,1.073727,1.196291,1.081510,1.401690,1.549917,0.000000,0.000000,0.000000,0.000000
0.908074,0.855395,0.541737,0.701309,0.357707,0.059338,0.854523,0.833706,0.015826,0.683940,1.855395,1.833706,1.059338,1.683940,1.541737,1.015826,0.000000,0.000000,0.000000,0.000000
0.371395,0.083305,0.526111,0.723501,0.554843,0.394150,0.925080,0.476336,0.084521,0.005182,1.083305,1.476336,1.394150,1.005182,1.526111,1.084521,0.000000,0.000000,0.000000,0.000000
0.043618,0.908121,0.625713,0.732879,0.218154,0.950907,0.184067,0.543303,0.831431,0.304178,1.908121,1.543303,1.950907,1.304178,1.625713,1.831431,0.000000,0.000000,0.000000,0.000000
0.107353,0.004701,0.573809,0.677942,0.926322,0.336420,0.109170,0.666999,0.647924,0.756839,1.004701,1.666999,1.336420,1.756839,1.573809,1.647924,0.000000,0.000000,0.000000,0.000000
