0.553533,0.937812,0.776026,0.219611,0.007750,0.903243,0.834092,0.337246,0.984808,0.805536,1.919271,2.907658,2.209642,1.055979,2.436308,1.667268,2.680517,1.868499,1.609966,2.753660
0.765655,0.780966,0.535409,0.299267,0.156882,0.297589,0.181716,0.584358,0.111175,0.922551,2.264026,1.793325,1.883817,1.246443,1.468379,2.107130,1.144196,2.150368,1.443544,1.869525
0.787217,0.198269,0.797832,0.667211,0.979086,0.198228,0.752309,0.706824,0.195494,0.907388,2.406988,1.236486,1.817939,2.424257,2.388845,2.286817,1.761463,2.490565,2.615621,1.237563
0.783315,0.645904,0.673649,0.918034,0.450734,0.804741,0.371626,0.603772,0.500703,0.167400,1.531940,1.896608,2.418323,2.293521,1.825430,2.147855,1.638810,1.946057,1.904538,2.293513
0.929953,0.310740,0.970262,0.034838,0.493885,0.330759,0.787636,0.070417,0.557159,0.483440,1.488398,1.621166,2.195572,1.495099,2.729043,1.934912,2.177529,1.268552,2.435293,1.420142
0.602954,0.575115,0.286109,0.887822,0.472535,0.768390,0.123087,0.853276,0.478197,0.162727,1.890808,1.803787,2.131943,2.260763,1.204945,2.331035,1.493347,1.914302,1.554393,2.165538
0.350423,0.481595,0.073000,0.450926,0.249281,0.157250,0.377475,0.883342,0.873676,0.610051,2.390343,2.244905,1.280047,1.452615,1.382804,2.130716,2.016164,1.823088,1.254609,1.506322
0.517271,0.090757,0.733024,0.663093,0.080769,0.735872,0.621008,0.144882,0.018857,0.506074,1.527065,1.091112,2.003441,1.520462,2.158331,1.538261,1.404507,1.919204,1.618093,1.632264
0.020638,0.433509,0.399475,0.437948,0.146443,0.835676,0.700292,0.742435,0.696036,0.851558,2.402767,1.917976,1.836102,1.338241,1.859872,1.571847,2.186445,2.163099,1.306023,2.131864
0.487096,0.037519,0.901520,0.441669,0.637089,0.473658,0.357358,0.295374,0.672209,0.227326,1.314572,1.489383,1.710920,1.832161,2.170096,1.574342,1.799913,1.493346,2.449827,1.261870
0.584535,0.423919,0.081787,0.724209,0.477397,0.890863,0.741147,0.820039,0.593088,0.167765,1.840229,1.775672,2.232545,2.001875,1.747836,2.256999,2.142387,1.752354,1.484086,2.217556
0.278414,0.214689,0.585168,0.387569,0.192754,0.585268,0.974890,0.481544,0.864493,0.219781,1.451666,1.962038,1.662782,1.342964,2.317312,1.510299,2.814903,1.435873,1.535176,1.557228
0.866525,0.151464,0.318650,0.780498,0.539904,0.030871,0.072348,0.281309,0.265407,0.511263,1.590398,1.221905,1.781738,2.149081,1.173886,1.945660,1.270641,2.041888,1.641442,1.152417
0.585440,0.601216,0.587904,0.062088,0.693540,0.838118,0.288745,0.557884,0.605047,0.607408,1.918643,1.967298,2.180858,1.697395,1.634377,1.896674,1.688421,1.431033,2.039171,2.303658
0.828825,0.038304,0.163658,0.555172,0.372589,0.504647,0.709408,0.139156,0.531173,0.823496,1.842860,1.320449,2.191599,1.680805,1.736192,1.848190,2.034433,2.233317,1.399373,1.292973
0.560115,0.573612,0.536112,0.727429,0.563077,0.791353,0.417708,0.285214,0.595665,0.734232,1.815579,1.928429,2.105083,2.092229,1.705124,1.641462,1.770145,2.266525,1.850493,2.199853
0.931054,0.153772,0.047371,0.861303,0.329118,0.441503,0.094228,0.551679,0.097176,0.640841,1.945191,1.163215,2.308364,2.070961,1.096472,2.235403,1.106055,2.271981,1.331362,1.348697
0.281332,0.283894,0.108331,0.701462,0.765003,0.274672,0.538544,0.887661,0.850033,0.032501,1.820443,2.006451,1.353820,2.257051,1.550280,2.069274,2.140063,1.702518,1.776738,1.359339
0.504454,0.271610,0.363432,0.841850,0.025747,0.580904,0.112212,0.157601,0.822057,0.579137,1.603976,1.947387,1.835378,1.734458,1.244295,1.529292,1.834648,2.177250,1.157830,1.609060
0.301751,0.773354,0.317035,0.979166,0.754141,0.459439,0.597823,0.518060,0.617461,0.442651,1.711038,2.154612,1.550493,2.712908,1.698334,1.570138,1.974853,2.175107,1.854652,1.984439
0.227271,0.755821,0.521288,0.196823,0.277574,0.675774,0.290869,0.772697,0.739613,0.845410,2.442470,2.302850,1.727426,1.316313,1.562610,1.824332,1.824218,1.911541,1.549315,2.212492
0.690381,0.576517,0.410814,0.158406,0.024761,0.037826,0.437603,0.260218,0.247397,0.740311,1.808024,1.637723,1.514452,1.049854,1.606372,1.758095,1.438894,1.706466,1.193529,1.577948
0.616408,0.292866,0.226835,0.672596,0.991830,0.084738,0.781319,0.951406,0.662075,0.039712,1.944885,1.731210,1.464696,2.444216,1.832773,2.521581,2.272534,1.674173,2.043285,1.300046
0.431605,0.311338,0.292754,0.433733,0.374029,0.229821,0.027932,0.985083,0.462219,0.129504,2.099892,1.524985,1.416103,1.562154,1.113637,2.401993,1.462999,1.450504,1.459734,1.364156
0.061034,0.163314,0.452108,0.037270,0.239213,0.491987,0.299380,0.268767,0.119348,0.680690,1.752925,1.177558,1.495712,1.240603,1.503782,1.133270,1.208977,1.500609,1.443615,1.405365
0.106388,0.268744,0.893207,0.764673,0.143883,0.505711,0.892465,0.317879,0.103145,0.261680,1.362727,1.279383,1.517029,1.728608,2.690283,1.207435,1.899638,1.833150,1.941701,1.524488
0.685202,0.463089,0.829521,0.027111,0.493550,0.382495,0.466912,0.492443,0.583866,0.126480,1.368981,1.803989,1.851997,1.494285,2.155016,1.927703,1.801873,1.043108,2.181654,1.609392
0.425106,0.372911,0.818961,0.992720,0.364780,0.393189,0.171057,0.505787,0.158277,0.335246,1.591066,1.397963,1.573904,2.350273,1.841754,1.680926,1.187537,2.105110,2.035477,1.527509
0.424378,0.670834,0.769401,0.356245,0.647741,0.580282,0.392836,0.280813,0.416061,0.252937,1.331793,1.843941,1.760379,1.774652,1.984815,1.503234,1.570381,1.420222,2.239720,2.007561
0.723038,0.770077,0.056153,0.146351,0.157622,0.264976,0.450539,0.773394,0.335567,0.309076,1.907215,1.882682,1.787760,1.179041,1.453693,2.321177,1.538553,1.241880,1.160776,1.840289
0.773474,0.247038,0.106794,0.521091,0.736728,0.918000,0.086252,0.623835,0.393011,0.637244,2.026414,1.401496,2.516263,2.008264,1.097657,2.162644,1.400450,1.927172,1.748133,2.089762
0.343702,0.574403,0.373807,0.119118,0.761305,0.097237,0.818210,0.807778,0.224028,0.243013,1.895519,1.624592,1.215368,1.775494,1.957941,1.996208,1.893495,1.178173,1.901037,1.583858
0.590064,0.343355,0.703603,0.609515,0.867376,0.055948,0.889694,0.189691,0.564547,0.770685,1.806667,1.662068,1.404123,2.238884,2.384752,1.626047,2.356103,2.203470,2.362434,1.346485
0.896786,0.251824,0.141001,0.699519,0.836609,0.289537,0.640338,0.036314,0.290346,0.869767,1.871086,1.336125,2.093762,2.325936,1.660219,1.898105,1.700378,2.456014,1.856490,1.335656
0.438454,0.929843,0.637179,0.290223,0.857924,0.952650,0.861771,0.214226,0.236536,0.801593,1.847486,1.985792,2.144893,1.942153,2.267768,1.484347,1.979185,1.932775,2.263921,2.837386
0.698370,0.897908,0.056056,0.189595,0.923853,0.283380,0.478406,0.319362,0.941264,0.891025,1.993017,2.783885,1.771101,1.959799,1.481549,1.800362,2.170136,1.983521,1.926995,1.978212
0.402605,0.247635,0.064743,0.956676,0.394366,0.820062,0.880822,0.637388,0.004717,0.277817,1.684081,1.247657,1.982153,2.309596,1.885013,1.808869,1.780564,2.033859,1.398558,1.920136
0.154973,0.520971,0.587605,0.639324,0.345119,0.589433,0.969411,0.187669,0.196964,0.359719,1.394939,1.559766,1.613449,1.753854,2.314691,1.190193,2.136722,1.768721,1.690399,1.868402
0.124801,0.695656,0.123811,0.005904,0.381640,0.303852,0.375267,0.089556,0.058284,0.127685,1.135706,1.699053,1.319427,1.381675,1.390597,1.132821,1.199109,1.022208,1.396970,1.787982
0.932460,0.095160,0.946068,0.663259,0.516941,0.881978,0.645116,0.305330,0.565205,0.455899,1.549126,1.414617,2.751460,1.956853,2.540161,2.025687,1.981380,1.871103,2.411986,1.873045
0.620813,0.468341,0.186542,0.241326,0.058172,0.354672,0.084584,0.710641,0.456292,0.589513,2.094524,1.676543,1.740081,1.116410,1.119382,2.125824,1.463446,1.588852,1.092970,1.594133
0.450621,0.031638,0.471713,0.936414,0.537013,0.331428,0.446824,0.040413,0.524688,0.197998,1.199631,1.306936,1.534487,2.413883,1.669337,1.452254,1.724340,1.975617,1.759526,1.141483
0.334366,0.155604,0.995054,0.873414,0.775832,0.850381,0.485282,0.557956,0.253646,0.590681,1.901996,1.219940,1.962182,2.538684,2.475414,1.645682,1.489144,2.222318,2.765965,1.878751
0.202638,0.228558,0.543835,0.600562,0.730432,0.333115,0.442789,0.866881,0.743897,0.344189,2.095671,1.781941,1.374177,2.091106,1.738545,1.954120,1.939959,1.719028,2.026188,1.339523
0.013661,0.593637,0.428856,0.115329,0.347293,0.920217,0.578685,0.003159,0.587804,0.232553,1.232563,1.939151,1.920404,1.360594,1.762602,1.013671,1.922680,1.169410,1.531210,2.440436
0.381918,0.967894,0.611298,0.622959,0.209963,0.021873,0.348707,0.961222,0.872690,0.096635,2.020582,2.729483,1.167734,1.598041,1.722393,2.305866,1.994287,1.632298,1.583648,1.968372
0.388847,0.383227,0.773456,0.743159,0.019330,0.270950,0.687441,0.148474,0.572541,0.757484,1.779528,1.711030,1.422153,1.571615,2.285676,1.410892,2.045117,2.316940,1.617565,1.456641
0.144428,0.704260,0.989906,0.353659,0.753611,0.281282,0.118212,0.314494,0.945052,0.660935,1.759842,2.597383,1.302142,1.878686,2.098126,1.243335,1.959026,1.790495,2.733525,1.783380
0.446514,0.411481,0.851970,0.144750,0.812412,0.853206,0.587306,0.520761,0.222121,0.738410,2.009602,1.460818,2.052581,1.833364,2.313160,1.717706,1.567049,1.689999,2.538265,2.139441
0.833917,0.369461,0.080214,0.475074,0.779120,0.170402,0.186296,0.825104,0.869307,0.062671,1.743468,2.125156,1.865819,2.004815,1.192730,2.514713,1.904013,1.479002,1.785554,1.398498
0.063215,0.362819,0.100918,0.616553,0.998554,0.087028,0.675988,0.032592,0.961537,0.598264,1.599326,2.287374,1.091024,2.378691,1.686172,1.064277,2.418497,1.974473,2.008738,1.370393
0.627358,0.230596,0.174188,0.369136,0.932100,0.777166,0.534218,0.262371,0.442580,0.536583,1.605422,1.426473,2.170744,2.068362,1.564559,1.696196,1.727969,1.657058,1.962441,1.834583
0.454211,0.182223,0.220627,0.528820,0.545705,0.483840,0.926454,0.965563,0.261886,0.832356,2.764668,1.250807,1.690147,1.825355,1.975130,2.386523,2.120203,2.221636,1.594381,1.416324
0.588103,0.606546,0.788563,0.909332,0.223614,0.917650,0.625794,0.503973,0.696295,0.875095,2.129083,2.091373,2.263515,2.050498,2.247626,1.842091,2.087913,2.675123,1.845446,2.448628
0.388227,0.399022,0.106710,0.812205,0.982375,0.624184,0.764337,0.393969,0.678073,0.684462,1.839674,1.858805,1.774904,2.642053,1.775724,1.543439,2.262284,2.280693,1.993762,1.788627
0.188742,0.783231,0.608316,0.831065,0.887883,0.599613,0.096227,0.189648,0.446351,0.884103,1.920070,1.982460,1.635236,2.578552,1.466276,1.224709,1.455610,2.612704,2.257931,2.142767
0.679881,0.924570,0.806409,0.028751,0.741969,0.957726,0.159491,0.416447,0.867893,0.939255,2.112683,2.677809,2.419965,1.742796,1.809786,1.853309,1.893331,1.910951,2.392264,2.841810
0.486634,0.400994,0.391310,0.988080,0.452192,0.024419,0.571760,0.296714,0.345294,0.201582,1.289622,1.520222,1.261232,2.428494,1.724884,1.574673,1.672204,2.028715,1.605316,1.401590
0.824600,0.568746,0.304858,0.242846,0.559230,0.164942,0.486413,0.968379,0.350272,0.090855,2.028612,1.691436,1.844908,1.618204,1.579352,2.762357,1.586870,1.251100,1.652168,1.595952
0.243590,0.434711,0.501749,0.773903,0.605406,0.517108,0.296620,0.218368,0.022326,0.759039,1.806724,1.435209,1.576444,2.204332,1.548372,1.291274,1.110309,2.350044,1.857157,1.702112
0.572720,0.439195,0.547612,0.482258,0.287329,0.657958,0.275427,0.588148,0.152417,0.807692,2.153610,1.462426,1.985966,1.519901,1.575307,1.918638,1.228277,2.134624,1.587208,1.872103
0.439554,0.764925,0.045318,0.567954,0.741305,0.426588,0.361452,0.493898,0.093725,0.467841,1.711776,1.773709,1.619796,2.063877,1.363506,1.683489,1.224373,1.786829,1.743359,1.946902
0.371471,0.204790,0.192396,0.934991,0.941593,0.477559,0.625576,0.241354,0.620140,0.932671,1.990922,1.589363,1.615550,2.815800,1.662592,1.429723,2.011485,2.804866,1.978609,1.432853
0.694814,0.832251,0.108607,0.914849,0.742085,0.145121,0.465512,0.261791,0.253571,0.451871,1.520405,1.896550,1.627888,2.579033,1.477307,1.763348,1.470272,2.119036,1.753880,1.853312
0.061291,0.008934,0.718477,0.641723,0.366346,0.467734,0.780542,0.635398,0.887326,0.256557,1.660287,1.796282,1.471490,1.778154,2.296751,1.465022,2.496571,1.707544,1.882555,1.227708
0.090622,0.739202,0.124089,0.188510,0.252327,0.962880,0.559399,0.977130,0.335313,0.304623,2.259407,1.851637,1.971092,1.287863,1.574798,2.045405,1.648241,1.281306,1.267725,2.666340
0.608258,0.301692,0.206989,0.802982,0.596783,0.028686,0.834612,0.249506,0.437910,0.297109,1.359362,1.493457,1.398664,2.241563,1.877456,1.670511,2.134487,1.891255,1.639628,1.302514
0.050001,0.415528,0.017064,0.881884,0.986299,0.514470,0.399144,0.316695,0.569910,0.155877,1.256173,1.740326,1.516970,2.764018,1.399435,1.150297,1.729226,1.906182,1.986590,1.680207
0.117106,0.818717,0.547612,0.859612,0.718354,0.951052,0.906339,0.311651,0.361126,0.403573,1.500699,1.949129,1.964766,2.457288,2.206218,1.214232,2.182577,2.022484,2.018233,2.723217
0.283301,0.904617,0.969242,0.284166,0.165890,0.070441,0.734588,0.715675,0.541716,0.576030,2.088221,2.198073,1.150700,1.246641,2.674017,1.795492,2.081335,1.615977,2.105320,1.909579
0.174741,0.013877,0.760596,0.299959,0.369174,0.491881,0.515119,0.885181,0.911486,0.315735,2.099281,1.844683,1.522415,1.459149,2.093624,1.958287,2.176833,1.399648,1.947679,1.255824
0.809214,0.702026,0.720719,0.244573,0.126405,0.751337,0.600055,0.974858,0.359038,0.134446,2.084794,1.830935,2.406164,1.186221,2.119491,2.759562,1.719105,1.262649,1.645841,2.266533
0.986224,0.891165,0.892457,0.094118,0.108396,0.786248,0.346768,0.435553,0.777893,0.421504,1.611210,2.496281,2.758886,1.117255,2.143248,2.175931,1.898141,1.271783,1.904876,2.509350
0.778328,0.884745,0.110079,0.896264,0.034780,0.220060,0.477902,0.100001,0.501437,0.237359,1.247359,2.136184,1.825854,1.838069,1.490019,1.788328,1.729827,1.952603,1.046897,1.933171
0.573121,0.413516,0.382402,0.871203,0.610005,0.685028,0.638678,0.338909,0.281786,0.396643,1.511502,1.492920,2.013496,2.369000,1.784909,1.687980,1.689696,2.028529,1.756236,1.882780
0.958145,0.884501,0.444481,0.803765,0.586108,0.697311,0.716068,0.602097,0.000821,0.243908,1.606428,1.884502,2.615352,2.232146,1.913631,2.320665,1.513574,1.863256,1.783671,2.370744
0.112390,0.539853,0.885106,0.898418,0.425110,0.845722,0.228446,0.795277,0.650128,0.147945,1.780410,1.962519,1.858353,2.232265,2.011859,1.744855,1.702315,1.920306,2.208523,2.255098
0.346094,0.117923,0.288189,0.413372,0.923458,0.419906,0.370140,0.236338,0.773362,0.515407,1.571262,1.716012,1.539687,2.094335,1.453193,1.401950,1.910366,1.679017,2.006511,1.294243
0.704801,0.751215,0.281675,0.914837,0.289726,0.061947,0.913164,0.010217,0.474206,0.419779,1.419884,1.976087,1.558690,2.126653,1.992505,1.704905,2.308074,2.091052,1.369067,1.755053
0.955835,0.205809,0.939214,0.266273,0.638356,0.470425,0.052643,0.831247,0.141352,0.558554,2.249526,1.225789,2.384046,1.709257,1.934765,2.646808,1.144123,1.578255,2.520478,1.427109
0.188370,0.835549,0.500551,0.996285,0.869385,0.115334,0.275794,0.868776,0.966153,0.344732,2.099504,2.769001,1.150818,2.861969,1.526346,1.943142,2.042216,2.115125,2.119937,1.848851
0.116053,0.750391,0.484275,0.864897,0.820394,0.904653,0.392369,0.097980,0.577639,0.410660,1.420260,2.084058,1.918121,2.568440,1.626891,1.125653,1.731592,2.033538,2.054917,2.568788
0.145337,0.006575,0.974320,0.701388,0.164888,0.199474,0.526445,0.719791,0.849832,0.231864,1.749964,1.728789,1.220597,1.656833,2.475744,1.663436,2.126976,1.755149,2.114187,1.046364
0.220679,0.407595,0.837369,0.716143,0.126306,0.741850,0.300561,0.479292,0.017026,0.425351,1.655072,1.407885,1.790550,1.639167,2.001748,1.450400,1.107363,1.897066,1.827493,1.957937
0.940549,0.405442,0.013917,0.512156,0.737064,0.008385,0.076418,0.005335,0.232686,0.390801,1.390830,1.459585,1.893018,1.999368,1.076612,1.940578,1.238526,1.664881,1.737258,1.405512
0.394810,0.831410,0.824060,0.046108,0.438777,0.493216,0.963044,0.508198,0.954434,0.417592,1.675857,2.742354,1.649091,1.440903,2.642118,1.653075,2.881888,1.220490,2.117851,2.074672
0.512654,0.655098,0.509064,0.973973,0.812902,0.804786,0.970635,0.203121,0.914237,0.449863,1.491121,2.490927,2.067600,2.761526,2.229781,1.553913,2.856369,2.176350,2.072049,2.302778
0.756368,0.819601,0.308892,0.367916,0.933104,0.638584,0.672737,0.488678,0.329187,0.610151,1.848957,1.927965,2.210677,2.068466,1.768151,1.995174,1.781762,1.740200,2.028518,2.227391
0.274492,0.632300,0.463137,0.753293,0.548312,0.332368,0.824907,0.954512,0.168166,0.484669,2.395761,1.660580,1.407714,2.115762,2.039403,2.185584,1.848638,1.988197,1.762808,1.742768
0.843862,0.940682,0.650129,0.238833,0.441145,0.157907,0.209513,0.781027,0.878051,0.032021,1.642024,2.711656,1.870010,1.498186,1.632180,2.453865,1.921947,1.239859,1.863812,1.965616
0.042397,0.256731,0.224203,0.741745,0.027932,0.220063,0.592885,0.451473,0.561743,0.193799,1.397627,1.572286,1.221861,1.578117,1.643152,1.246225,1.913256,1.779303,1.078199,1.305158
0.814850,0.511979,0.088800,0.839918,0.117877,0.344643,0.830702,0.852802,0.822196,0.194849,1.922120,2.187985,2.008624,1.823339,1.838588,2.542121,2.512262,1.877884,1.125762,1.630758
0.742001,0.908043,0.459585,0.179799,0.655457,0.970402,0.840647,0.098324,0.838139,0.909421,1.919088,2.610521,2.520968,1.687784,2.051865,1.751669,2.544827,2.006845,1.866675,2.849723
0.651738,0.511727,0.382528,0.577957,0.083418,0.589468,0.410732,0.963635,0.151233,0.986344,2.914936,1.534598,2.014230,1.417451,1.557060,2.580330,1.319934,2.550831,1.229746,1.859199
0.000186,0.453192,0.571473,0.625076,0.163870,0.622453,0.919326,0.427103,0.635284,0.603333,1.785750,1.856778,1.622453,1.554590,2.245908,1.182603,2.480445,1.989087,1.490452,1.840639
0.904130,0.626171,0.365842,0.614652,0.811079,0.714730,0.618602,0.157694,0.828046,0.434053,1.458920,2.311830,2.532181,2.188876,1.752443,1.928997,2.210714,1.803054,1.944920,2.137010
0.940406,0.584452,0.567874,0.246596,0.308685,0.252935,0.570789,0.169924,0.541091,0.448404,1.477278,1.877232,2.137299,1.369494,1.893270,1.969281,1.866891,1.447661,1.631166,1.648428
0.768164,0.966032,0.738702,0.159668,0.007113,0.270295,0.724359,0.738401,0.085464,0.419985,1.965221,1.973337,1.860371,1.032607,2.270040,2.313401,1.610160,1.336055,1.552793,2.039092
0.112904,0.043152,0.836779,0.317395,0.620089,0.739001,0.385671,0.084226,0.231900,0.857872,1.864966,1.096929,1.751748,1.720829,2.085870,1.119998,1.380642,2.053339,2.320288,1.589274
0.669380,0.134512,0.722826,0.521241,0.962075,0.016834,0.507067,0.864616,0.947758,0.693477,2.441037,2.032758,1.464904,2.233767,2.029545,2.416941,2.204875,2.002151,2.484553,1.134796
0.791107,0.577759,0.798621,0.568739,0.443865,0.621656,0.553438,0.135020,0.666835,0.558696,1.576926,2.022427,2.247506,1.767329,2.191234,1.809338,1.973128,1.880880,2.081661,1.964215
0.312610,0.939452,0.211381,0.535579,0.334461,0.179187,0.049903,0.222706,0.709339,0.530350,1.579948,2.442614,1.276912,1.621307,1.094585,1.362208,1.711829,1.816850,1.379143,1.971560
0.024913,0.650883,0.910412,0.241694,0.069226,0.711278,0.790621,0.782367,0.790313,0.323449,1.935547,2.275477,1.711899,1.127642,2.619472,1.637010,2.415395,1.346314,1.898076,2.156800
0.495857,0.879837,0.468060,0.073956,0.755624,0.903489,0.241623,0.664989,0.337742,0.090663,1.532873,1.993907,2.149364,1.761093,1.460702,1.938068,1.396124,1.082176,1.974703,2.696130
0.834234,0.939949,0.849098,0.903743,0.724647,0.406284,0.757174,0.649183,0.412890,0.516769,1.938208,2.110427,2.102230,2.541399,2.478141,2.255672,1.986202,2.170794,2.445615,2.105016
0.851401,0.302558,0.993824,0.453063,0.837089,0.731512,0.109295,0.449678,0.666455,0.433023,1.635233,1.746721,2.456396,2.042354,2.096980,2.053612,1.678401,1.640572,2.824774,1.837668
0.336909,0.600963,0.908815,0.487156,0.411569,0.471609,0.214189,0.636876,0.719749,0.637995,2.043605,2.119001,1.585117,1.648890,2.040133,1.742520,1.765626,1.894193,2.237513,1.823378
0.990878,0.287972,0.249716,0.407988,0.519754,0.181454,0.724558,0.188064,0.246722,0.462674,1.498042,1.348844,2.163293,1.686208,1.786916,2.026246,1.771707,1.622055,1.582112,1.320898
0.330765,0.583784,0.904645,0.886674,0.443442,0.815328,0.767178,0.041699,0.033435,0.041491,1.043230,1.584902,1.924733,2.229632,2.585560,1.332504,1.621998,1.888395,2.261824,2.248544
0.221895,0.962183,0.320566,0.319752,0.208058,0.969233,0.396007,0.146489,0.492366,0.779959,1.801418,2.204607,2.018471,1.310299,1.498769,1.243355,1.649187,1.928087,1.310820,2.901596
0.488392,0.868397,0.560871,0.998208,0.483091,0.648144,0.519326,0.076280,0.356571,0.155084,1.160903,1.995540,1.886671,2.479511,1.833903,1.494211,1.626271,2.022260,1.797668,2.288487
0.427938,0.301402,0.853380,0.455255,0.666561,0.488927,0.096853,0.871122,0.433963,0.416652,2.175507,1.489726,1.672058,1.873819,1.825111,2.186793,1.443344,1.628855,2.394819,1.540452
0.662297,0.540311,0.937904,0.455610,0.335910,0.369514,0.014280,0.300293,0.717666,0.385425,1.475602,2.055356,1.808151,1.543490,1.893945,1.752473,1.717870,1.604162,2.215574,1.676852
0.989438,0.364831,0.998876,0.808147,0.916867,0.730771,0.365427,0.688004,0.713189,0.438907,1.912257,1.873470,2.709758,2.569968,2.363181,2.462788,1.846726,2.000786,2.914620,1.898857
0.156507,0.120564,0.956246,0.886608,0.197218,0.002631,0.724474,0.662988,0.111963,0.847289,2.286841,1.133100,1.027125,1.983292,2.638881,1.596060,1.636826,2.604506,2.111625,1.120571
0.383035,0.747404,0.142958,0.375888,0.410166,0.442871,0.251470,0.047742,0.546063,0.281314,1.283593,2.045589,1.589587,1.551458,1.271907,1.385315,1.609300,1.455025,1.430603,1.943539
0.566206,0.289819,0.765537,0.587040,0.833990,0.353545,0.111391,0.323499,0.316518,0.057465,1.162117,1.390003,1.674134,2.178605,1.697437,1.670858,1.328926,1.590342,2.420036,1.414813
0.669654,0.160681,0.495678,0.913802,0.518601,0.022124,0.758932,0.464034,0.603355,0.051441,1.266769,1.524718,1.470560,2.353635,2.004629,1.884981,2.179333,1.916448,1.764298,1.161170
0.756793,0.434983,0.632568,0.922016,0.445770,0.690742,0.607684,0.537023,0.688115,0.859463,2.147857,1.908486,2.263477,2.295884,2.007826,2.045187,2.057395,2.660692,1.845912,1.912108
0.692018,0.727284,0.533714,0.870525,0.037398,0.245007,0.438956,0.422561,0.894123,0.892768,2.071326,2.526740,1.723896,1.795211,1.723806,1.870576,2.086805,2.667560,1.322248,1.787313
0.798487,0.199134,0.835137,0.903089,0.589166,0.982744,0.216402,0.671415,0.084172,0.776856,2.227654,1.206218,2.620325,2.404736,1.913855,2.249285,1.131001,2.506595,2.286619,2.164919
0.797494,0.177019,0.411671,0.258455,0.740870,0.461559,0.500082,0.084558,0.302123,0.794948,1.802098,1.268297,2.097556,1.807669,1.669555,1.804644,1.552205,1.890398,1.910343,1.390056
0.923262,0.696465,0.189654,0.522176,0.524856,0.896554,0.580889,0.466232,0.914680,0.771617,1.988990,2.533105,2.748968,1.797523,1.616858,2.140635,2.252113,2.117568,1.560824,2.500275
0.041240,0.030633,0.418462,0.412014,0.682832,0.959225,0.036195,0.657236,0.797148,0.416150,1.848109,1.666078,1.960926,1.852588,1.211305,1.473199,1.798458,1.585195,1.857943,1.950746
0.009576,0.080555,0.927423,0.200548,0.527843,0.308976,0.110887,0.558259,0.227263,0.991705,2.303358,1.132204,1.309067,1.568063,1.971000,1.321229,1.239559,2.184027,2.387956,1.176021
0.766511,0.542594,0.863685,0.025509,0.004201,0.383491,0.831456,0.201959,0.713087,0.582262,1.623049,2.051087,1.971030,1.004852,2.577408,1.807298,2.404405,1.364538,1.750153,1.689660
0.003631,0.741330,0.046887,0.690620,0.561519,0.594707,0.443883,0.186742,0.099656,0.494540,1.529412,1.751261,1.594720,2.038475,1.446081,1.038503,1.296688,1.935189,1.563717,2.095006
0.515757,0.896661,0.511702,0.199112,0.530454,0.285938,0.448634,0.721994,0.548844,0.918522,2.439798,2.197891,1.551944,1.570100,1.710472,2.037033,1.750116,2.042795,1.792293,1.978422
0.302088,0.331139,0.924478,0.774135,0.943608,0.984110,0.316129,0.239430,0.501202,0.972802,2.030129,1.582343,2.075367,2.542893,2.170788,1.359415,1.601139,2.720479,2.798267,2.299612
0.037608,0.846398,0.051739,0.594403,0.945126,0.575461,0.415881,0.662986,0.095567,0.292411,1.731962,1.855531,1.576876,2.298440,1.418558,1.477158,1.268524,1.679907,1.947803,2.177553
0.112143,0.905276,0.573522,0.959146,0.041953,0.280246,0.868810,0.546508,0.522674,0.742545,2.041215,2.178464,1.292822,1.961915,2.197737,1.410813,2.277505,2.510519,1.370880,1.983814
0.103030,0.028383,0.736323,0.299589,0.483180,0.075911,0.239256,0.652456,0.868205,0.432609,1.858308,1.782163,1.086526,1.572933,1.781428,1.528729,1.925449,1.486739,2.025351,1.034145
0.913865,0.794697,0.898137,0.903583,0.053677,0.295910,0.484348,0.488949,0.201703,0.714924,1.953995,1.835381,2.131058,1.870139,2.290999,2.152936,1.436296,2.414699,1.860328,1.882260
0.504494,0.313165,0.744881,0.661299,0.131221,0.014224,0.910110,0.908179,0.466599,0.749344,2.574133,1.530880,1.268739,1.568537,2.464957,2.329284,2.294899,2.222815,1.686068,1.313367
0.121656,0.283432,0.728835,0.439104,0.336993,0.976739,0.579888,0.465731,0.479326,0.249691,1.466595,1.513185,1.991539,1.529805,2.111089,1.338561,1.815596,1.501449,1.868193,2.237452
0.328943,0.354981,0.336751,0.182057,0.953782,0.079973,0.150818,0.581051,0.743901,0.186235,1.523856,1.908371,1.188176,1.986927,1.264220,1.666563,1.766648,1.216740,2.067184,1.361377
0.278087,0.667416,0.466302,0.353259,0.773866,0.930151,0.178809,0.389832,0.618679,0.816259,1.968228,2.050179,2.007483,1.898658,1.396246,1.430056,1.650652,2.019537,1.991303,2.532597
0.319583,0.697569,0.743692,0.366252,0.444691,0.446962,0.344817,0.992660,0.557343,0.567480,2.552854,2.008200,1.549095,1.578831,1.897894,2.304958,1.676241,1.688286,1.997769,1.897344
0.515897,0.181740,0.665020,0.814515,0.884457,0.836007,0.911894,0.787102,0.650114,0.212087,1.831617,1.604389,2.102157,2.547892,2.354145,2.135427,2.481666,1.859496,2.326708,1.880647
0.364235,0.211805,0.698779,0.534346,0.053868,0.695387,0.556249,0.955107,0.847006,0.499180,2.411409,1.929224,1.828054,1.339393,2.044540,2.276464,2.156419,1.783527,1.542160,1.695367
0.306059,0.011908,0.751090,0.795950,0.077695,0.563036,0.552728,0.600173,0.443435,0.837359,2.197567,1.208542,1.656708,1.711231,2.116864,1.666267,1.748943,2.497120,1.641831,1.328917
0.919540,0.055077,0.213450,0.501306,0.628257,0.049914,0.200543,0.510502,0.664017,0.577968,1.838580,1.495995,1.895468,1.879564,1.246104,2.180153,1.704234,1.835352,1.673818,1.057569
0.272156,0.754729,0.494537,0.546266,0.435227,0.270646,0.252871,0.034722,0.115942,0.430529,1.431735,1.768171,1.344714,1.733634,1.497438,1.273361,1.179886,1.731622,1.679794,1.827978
0.164191,0.241070,0.716447,0.010753,0.355695,0.834793,0.334615,0.900640,0.998660,0.214467,2.025618,2.238392,1.861751,1.355811,1.847912,1.975343,2.110627,1.056749,1.868992,1.937948
0.448961,0.549457,0.128398,0.897902,0.894746,0.187888,0.046364,0.460778,0.990245,0.298811,1.511128,2.530041,1.389455,2.700973,1.062850,1.661278,1.992394,1.987190,1.911232,1.584759
0.473343,0.134277,0.879823,0.172764,0.188039,0.269359,0.953078,0.369543,0.004038,0.281810,1.418372,1.134293,1.493412,1.217886,2.727166,1.609905,1.912395,1.252181,1.962127,1.206831
0.901227,0.228685,0.935589,0.597001,0.416012,0.397617,0.257308,0.986643,0.161357,0.701535,2.674999,1.254721,2.209827,1.772422,2.132634,2.874691,1.227565,2.089153,2.291338,1.386784
0.220768,0.580820,0.871327,0.187646,0.393047,0.049959,0.824510,0.860118,0.392293,0.328054,2.067858,1.734714,1.098697,1.428258,2.583721,1.960571,2.072110,1.295266,2.152258,1.583316
0.296761,0.305102,0.146868,0.881330,0.869458,0.441123,0.890043,0.342460,0.873569,0.679937,1.797216,2.068225,1.529190,2.646200,1.911613,1.414040,2.665745,2.343645,1.891028,1.499692
0.485572,0.809584,0.578982,0.863258,0.315205,0.213203,0.129608,0.197173,0.552308,0.595690,1.634567,2.114628,1.448983,2.060420,1.464828,1.524450,1.569106,2.218105,1.650425,1.855039
0.235741,0.622554,0.058973,0.487041,0.847305,0.519662,0.212285,0.136310,0.555157,0.423382,1.441962,1.930753,1.575236,2.084514,1.215763,1.254322,1.600222,1.666293,1.850783,1.892603
0.004665,0.438066,0.841016,0.732887,0.014185,0.041574,0.325210,0.454808,0.159588,0.166104,1.372955,1.463534,1.041595,1.551308,2.032518,1.211516,1.265350,1.760477,1.721494,1.439794
0.781198,0.583247,0.709843,0.484730,0.745097,0.772726,0.714831,0.462985,0.880779,0.067322,1.281677,2.359018,2.382997,1.980060,2.218709,1.995553,2.391762,1.489262,2.248974,2.180353
0.297857,0.102859,0.660538,0.806165,0.301763,0.384879,0.953313,0.949575,0.501519,0.941956,2.843648,1.354380,1.473598,1.951665,2.389623,2.199549,2.410324,2.693446,1.738073,1.250991
0.983354,0.304935,0.909831,0.486847,0.455459,0.540916,0.986466,0.122214,0.543050,0.360677,1.375613,1.599838,2.507901,1.692479,2.814257,1.998291,2.516164,1.616935,2.283251,1.597525
0.283358,0.231751,0.471150,0.663123,0.721360,0.967201,0.981313,0.147584,0.116975,0.691396,1.713177,1.245435,2.047493,2.161092,2.203295,1.305140,2.079950,2.141151,1.943342,2.167229
0.754131,0.842901,0.526661,0.190992,0.725245,0.054773,0.380130,0.546828,0.336365,0.181826,1.480847,1.956043,1.623487,1.761723,1.657502,2.053152,1.480864,1.224053,2.002617,1.845901
0.557275,0.914566,0.754873,0.197978,0.283165,0.205306,0.343675,0.357475,0.581132,0.254286,1.382074,2.252281,1.515862,1.322360,1.913508,1.685063,1.699245,1.262640,1.852998,1.956717
0.744297,0.071946,0.335599,0.381860,0.493722,0.651468,0.859627,0.282830,0.613656,0.972319,2.052312,1.448520,2.205446,1.639539,1.972254,1.824290,2.352615,2.327265,1.606348,1.496357
0.881581,0.967575,0.675913,0.380237,0.807267,0.172248,0.242152,0.998582,0.940406,0.599418,2.596583,2.851939,1.949432,1.951847,1.699010,2.878746,1.999043,1.739539,2.264126,1.997244
0.817488,0.222380,0.754275,0.981004,0.150028,0.346751,0.469716,0.838277,0.999914,0.317693,2.020402,2.222209,2.015038,2.112397,2.038646,2.520197,2.220547,2.081933,1.718958,1.342617
0.766609,0.221376,0.600014,0.882252,0.933244,0.091291,0.391328,0.208441,0.569205,0.434560,1.478008,1.545370,1.678980,2.711612,1.751345,1.810057,1.722343,2.071094,2.293261,1.229710
0.343135,0.818014,0.891003,0.093183,0.621426,0.751208,0.906393,0.732586,0.728438,0.212641,1.749323,2.348636,1.868950,1.630109,2.700278,1.879818,2.549986,1.138399,2.415311,2.382328
0.958103,0.646909,0.962130,0.719578,0.475089,0.790684,0.823540,0.845447,0.829567,0.664506,2.379287,2.335091,2.708645,1.992882,2.749235,2.672884,2.507786,2.161146,2.400783,2.272090
0.512910,0.359189,0.247627,0.467685,0.017684,0.634259,0.146084,0.670737,0.906622,0.369559,1.819447,2.181153,1.897337,1.236413,1.207403,1.962799,1.927963,1.604259,1.079003,1.761474
0.165294,0.727616,0.459576,0.642147,0.342388,0.968355,0.553645,0.158853,0.346284,0.487855,1.513089,1.847528,1.995677,1.754740,1.764855,1.190529,1.652807,1.880149,1.553598,2.665327
0.551418,0.340764,0.339752,0.657622,0.910943,0.131685,0.183833,0.675428,0.646155,0.802967,2.259171,1.758280,1.435746,2.343409,1.299265,2.007621,1.679950,2.302378,2.026374,1.358105
0.921732,0.666220,0.402107,0.185861,0.968246,0.544390,0.729200,0.463641,0.159442,0.440691,1.655654,1.691641,2.393980,2.002790,1.890890,2.136695,1.691175,1.380070,2.129936,1.962580
0.377310,0.269378,0.584078,0.276244,0.689988,0.691171,0.806905,0.887347,0.697268,0.154333,1.941718,1.755560,1.833533,1.766298,2.148052,2.164695,2.348363,1.300062,2.031135,1.747095
0.137988,0.197208,0.003683,0.192005,0.067425,0.777554,0.662092,0.116716,0.852525,0.164335,1.177957,1.924006,1.796595,1.104290,1.662106,1.151611,2.290891,1.219011,1.067438,1.801798
0.494250,0.892244,0.020113,0.763437,0.892790,0.573682,0.176099,0.711742,0.353290,0.857063,2.363639,2.017057,1.817965,2.475626,1.176503,2.000827,1.384301,2.497993,1.893194,2.221354
0.816881,0.631914,0.451865,0.591462,0.964347,0.874545,0.898667,0.678471,0.305153,0.793900,2.254223,1.725032,2.541840,2.314175,2.102849,2.277204,2.112755,2.221740,2.168529,2.396743
0.865863,0.324328,0.033892,0.043053,0.752385,0.660706,0.784242,0.901300,0.298503,0.259410,2.071751,1.413432,2.410424,1.754238,1.785390,2.678204,1.913538,1.110346,1.753533,1.760860
0.774301,0.447645,0.112951,0.178680,0.078294,0.683550,0.637340,0.220697,0.720351,0.380550,1.429257,1.966550,2.283092,1.110220,1.650098,1.823008,2.126553,1.323499,1.091052,1.914886
0.599050,0.954084,0.318873,0.488383,0.363644,0.983504,0.139742,0.286368,0.805435,0.388533,1.470539,2.602809,2.342366,1.602161,1.241422,1.681057,1.824963,1.639340,1.465324,2.921364
0.466951,0.205543,0.115041,0.565546,0.265225,0.340859,0.174849,0.579149,0.581328,0.553144,1.888558,1.543485,1.558903,1.585068,1.188083,1.802365,1.611900,1.871514,1.278460,1.321729
0.473140,0.078833,0.643525,0.122163,0.700109,0.455075,0.948156,0.919014,0.097465,0.062646,1.907232,1.088332,1.678936,1.715033,2.362281,2.317726,1.996466,1.126088,2.114234,1.285926
0.028944,0.647265,0.367663,0.530841,0.438539,0.839530,0.658790,0.143086,0.767964,0.567444,1.587917,2.237034,1.840368,1.720331,1.793966,1.049418,2.201968,1.852833,1.573715,2.352076
0.223854,0.294057,0.538298,0.400434,0.761258,0.226548,0.952542,0.964979,0.935405,0.310145,2.241329,2.169040,1.276659,1.921605,2.242307,2.155038,2.842742,1.496624,2.051023,1.345382
0.974477,0.861454,0.891875,0.529375,0.649326,0.738728,0.440660,0.712694,0.910790,0.847844,2.355776,2.690992,2.688334,1.929563,2.236101,2.482410,2.104972,2.248214,2.444767,2.407173
0.402601,0.501211,0.164450,0.818248,0.363544,0.750751,0.124911,0.149011,0.796047,0.288068,1.310272,2.134902,1.912839,2.033074,1.151955,1.424805,1.811650,1.901232,1.390588,2.064838
0.030313,0.639708,0.462453,0.883710,0.940437,0.558861,0.898324,0.067415,0.518644,0.268670,1.273214,1.908699,1.559780,2.721379,2.112187,1.034858,2.325630,1.955893,2.154300,1.952034
0.846560,0.887932,0.538643,0.741595,0.774041,0.900758,0.090796,0.048698,0.170738,0.776610,1.778982,1.917083,2.617422,2.324004,1.380933,1.848932,1.178982,2.344718,2.064178,2.699296
0.707224,0.322016,0.028168,0.649442,0.084582,0.961807,0.023731,0.458422,0.041412,0.793905,2.004055,1.323731,2.461973,1.506357,1.024525,1.917375,1.041975,2.279727,1.085376,2.247089
0.922432,0.669678,0.405528,0.642469,0.788428,0.922259,0.687674,0.511065,0.037695,0.422955,1.684142,1.671099,2.773139,2.201194,1.852127,2.183619,1.510591,1.821360,1.952881,2.520239
0.261304,0.268938,0.176627,0.284413,0.123757,0.237489,0.920622,0.012521,0.283078,0.089402,1.089559,1.349072,1.305768,1.204648,1.951819,1.261461,2.130623,1.292406,1.154955,1.325339
0.791648,0.867976,0.058591,0.974274,0.491784,0.145111,0.551930,0.385862,0.348576,0.233958,1.382848,1.989481,1.771818,2.440993,1.555363,1.940538,1.653202,2.029010,1.495217,1.889033
0.951607,0.568344,0.508817,0.756391,0.426515,0.809901,0.190153,0.972428,0.455177,0.738243,2.683859,1.775530,2.715458,1.998642,1.449048,2.897223,1.491335,2.301394,1.685410,2.224283
0.087755,0.349225,0.808949,0.232791,0.908535,0.211798,0.083725,0.219443,0.783430,0.203677,1.251832,1.962987,1.219499,1.962727,1.738124,1.135911,1.790440,1.274275,2.562934,1.394084
0.708893,0.571969,0.382337,0.677736,0.373449,0.459125,0.120431,0.215902,0.450672,0.977375,2.023988,1.775074,1.961654,1.832776,1.266613,1.755506,1.465175,2.632998,1.519631,1.782765
0.027286,0.013973,0.487344,0.486876,0.386995,0.607494,0.142371,0.245519,0.307519,0.506470,1.566750,1.108542,1.608238,1.624043,1.379875,1.087565,1.327789,1.743388,1.624499,1.383022
0.601999,0.866500,0.830192,0.156689,0.598917,0.526581,0.314522,0.504036,0.246199,0.630934,1.884986,1.927114,1.888984,1.623468,2.003740,1.856051,1.345123,1.554767,2.288135,2.143787
0.802251,0.263355,0.192915,0.777996,0.487572,0.654951,0.248722,0.397861,0.800587,0.339015,1.497309,1.904295,2.298557,2.092849,1.285938,1.960545,1.862450,1.892927,1.524788,1.692315
0.628360,0.064023,0.110706,0.203218,0.502224,0.471345,0.518052,0.695500,0.368070,0.010568,1.494288,1.199499,1.866181,1.543521,1.530308,2.112079,1.636447,1.203330,1.514480,1.286190
0.078944,0.168048,0.366186,0.261508,0.989583,0.931787,0.957883,0.956792,0.086080,0.006023,1.921474,1.175458,1.938019,2.057969,2.091976,1.994395,2.003620,1.261545,2.123675,2.036275
0.272192,0.101549,0.944508,0.988456,0.145299,0.177669,0.813457,0.581069,0.943649,0.034072,1.371713,1.992022,1.251758,2.122345,2.705553,1.609833,2.605362,1.989617,2.037395,1.133115
0.337860,0.835231,0.147941,0.101913,0.064001,0.103999,0.726297,0.569951,0.886345,0.289991,1.614835,2.620838,1.218149,1.074387,1.748183,1.662704,2.413852,1.186008,1.085887,1.846047
0.664445,0.606545,0.324313,0.279405,0.287601,0.037050,0.523058,0.413656,0.024852,0.313837,1.484948,1.607162,1.478537,1.365668,1.628237,1.835556,1.298442,1.377898,1.392780,1.607917
0.861273,0.954025,0.867251,0.504639,0.260656,0.408186,0.802181,0.498489,0.950505,0.753941,2.002433,2.857485,2.149978,1.515317,2.554305,2.109765,2.594000,2.073066,2.012780,2.120641
0.505465,0.161355,0.106671,0.405151,0.346096,0.064282,0.707207,0.118876,0.616988,0.249299,1.263431,1.542029,1.319776,1.510243,1.718586,1.519596,2.117129,1.467301,1.357474,1.165488
0.835264,0.756553,0.710533,0.605207,0.377238,0.347592,0.515846,0.175554,0.220889,0.093291,1.124110,1.805346,2.045258,1.743514,2.020702,1.866083,1.486986,1.613910,1.882095,1.877374
0.929951,0.394920,0.043655,0.255642,0.795627,0.618758,0.695724,0.051569,0.440536,0.934191,1.936851,1.588993,2.483567,1.860980,1.697630,1.932610,1.924568,2.128356,1.797533,1.777781
0.849670,0.193612,0.529630,0.744875,0.808736,0.485949,0.815384,0.020954,0.717362,0.655826,1.656265,1.708220,2.207888,2.363575,2.095892,1.850109,2.382214,2.174982,2.089244,1.429758
0.779615,0.548899,0.673498,0.597336,0.293853,0.959573,0.265723,0.979526,0.820037,0.781331,2.740803,2.221359,2.567372,1.650663,1.719323,2.739087,1.890645,2.207814,1.747453,2.469679
0.559778,0.469397,0.077260,0.764090,0.695517,0.988802,0.903395,0.233011,0.949442,0.620739,1.675033,2.370836,2.302154,2.279350,1.909364,1.614072,2.765564,2.149407,1.701486,2.447127
0.991196,0.594682,0.603388,0.124947,0.222886,0.478668,0.773535,0.098880,0.147970,0.184164,1.193942,1.616577,2.461138,1.238498,2.137611,2.000974,1.746326,1.158863,1.586963,1.823805
0.343056,0.151243,0.180172,0.286053,0.503762,0.003266,0.221386,0.572970,0.486127,0.441175,1.769469,1.387563,1.120953,1.585589,1.253848,1.671350,1.535139,1.480689,1.536224,1.151254
0.465025,0.459940,0.907074,0.487365,0.028945,0.685491,0.308442,0.181778,0.346815,0.698626,1.731669,1.580221,1.901739,1.266469,2.131225,1.498068,1.441951,1.975443,1.851728,1.929838
0.176403,0.912149,0.123199,0.328240,0.781673,0.102545,0.944926,0.710652,0.241246,0.017139,1.522165,1.970348,1.133663,1.889415,1.960104,1.681430,2.134131,1.328534,1.796851,1.922664
0.420848,0.937719,0.562804,0.624437,0.049792,0.819869,0.173742,0.498326,0.924991,0.695512,1.943841,2.793326,1.996982,1.439713,1.490490,1.669176,1.955177,2.108173,1.366540,2.609904
0.168352,0.726696,0.068070,0.903855,0.841027,0.144318,0.247074,0.952594,0.455582,0.346772,2.254208,1.934251,1.172660,2.657982,1.251708,2.075788,1.516628,2.024106,1.845661,1.747523
0.289839,0.299724,0.230852,0.378838,0.556759,0.101806,0.567109,0.063878,0.945610,0.628395,1.632475,2.193903,1.185813,1.700277,1.620401,1.293920,2.267222,1.773718,1.610052,1.310089
0.705621,0.733345,0.302702,0.578427,0.478328,0.906306,0.837850,0.731577,0.525155,0.484643,2.019848,2.009133,2.404206,1.812906,1.929478,2.240826,2.227147,1.813306,1.569957,2.554735
0.360659,0.726202,0.053696,0.445135,0.248269,0.097632,0.224670,0.371923,0.374404,0.772981,1.911307,1.866380,1.227707,1.446415,1.227553,1.498986,1.424881,2.042634,1.251153,1.735734
0.068241,0.534728,0.633700,0.167257,0.421355,0.189502,0.200956,0.615054,0.322765,0.137545,1.515836,1.638906,1.194159,1.449330,1.602532,1.446532,1.363149,1.186175,1.822931,1.570639
0.170526,0.932290,0.498533,0.343600,0.970744,0.081327,0.306913,0.840656,0.133573,0.638936,2.345639,1.950131,1.110406,2.088804,1.555448,1.877229,1.227768,1.751839,2.219279,1.938904
0.572733,0.839715,0.433884,0.585468,0.630097,0.459240,0.941996,0.795409,0.685131,0.208771,1.841446,2.309119,1.787263,1.972870,2.130252,2.205408,2.572488,1.629054,1.818352,2.050616
0.858147,0.888780,0.657285,0.007716,0.086546,0.766586,0.644920,0.670106,0.713748,0.705506,2.154548,2.398217,2.503002,1.086606,2.076944,2.307189,2.129671,1.505454,1.518570,2.476434
0.885441,0.280683,0.708924,0.182231,0.015679,0.774196,0.024404,0.663404,0.489490,0.219569,1.659674,1.520283,2.558201,1.048887,1.526977,2.325546,1.490085,1.230441,1.518253,1.880062
0.726355,0.204294,0.981187,0.828028,0.611380,0.398477,0.316851,0.161945,0.553008,0.449377,1.475604,1.510112,1.926068,2.297010,2.279579,1.752581,1.653403,2.029968,2.574109,1.363078
0.623919,0.306154,0.157657,0.974193,0.414205,0.957313,0.090364,0.523247,0.839090,0.021457,1.295244,2.010227,2.346588,2.363256,1.115220,1.897707,1.847256,1.974653,1.439061,2.222602
0.800933,0.637597,0.176431,0.678446,0.996654,0.748301,0.748166,0.494611,0.858828,0.142100,1.386740,2.375182,2.389795,2.456943,1.779294,2.045573,2.418580,1.698638,2.027782,2.197552
0.689150,0.829041,0.912231,0.879583,0.495007,0.300672,0.437107,0.605740,0.171340,0.048866,1.415788,1.858398,1.775600,2.268674,2.269272,2.056071,1.362403,1.881971,2.327172,1.919445
0.968648,0.416423,0.658637,0.171783,0.665745,0.427251,0.763177,0.434759,0.788686,0.323774,1.512789,2.038449,2.365531,1.695254,2.196979,2.157664,2.371125,1.276613,2.099547,1.598967
0.614108,0.086323,0.754081,0.322586,0.954645,0.963751,0.666738,0.708448,0.947188,0.893303,2.395202,1.983489,2.340880,2.058706,2.235376,2.116007,2.391728,2.120577,2.523282,2.015139
0.061674,0.628119,0.218393,0.750572,0.487302,0.024898,0.691885,0.137878,0.871627,0.400783,1.419793,2.387853,1.028702,2.050661,1.739581,1.080684,2.350332,1.911200,1.534998,1.628739
0.095772,0.491103,0.630193,0.160914,0.522710,0.147299,0.079830,0.078107,0.975990,0.393863,1.399964,2.443659,1.156471,1.548604,1.476973,1.101873,1.982362,1.316042,1.919853,1.512800
0.187653,0.378775,0.720847,0.986830,0.330702,0.633110,0.860305,0.029515,0.835897,0.996916,1.997787,2.077499,1.668324,2.304534,2.379926,1.188524,2.576022,2.980671,1.850323,1.779604
0.239796,0.034779,0.334484,0.322407,0.117668,0.554563,0.493447,0.001542,0.235838,0.526269,1.526272,1.090399,1.612066,1.221614,1.605326,1.239799,1.479328,1.599367,1.229547,1.342319
0.360085,0.323363,0.344250,0.995069,0.609520,0.788642,0.316432,0.884602,0.528089,0.166107,1.948628,1.602240,1.918303,2.599681,1.434940,2.142605,1.628218,2.022660,1.728028,1.945319
0.107248,0.189276,0.651353,0.202967,0.135146,0.664679,0.614339,0.282147,0.971488,0.411667,1.491274,2.133065,1.676182,1.176342,2.038600,1.186856,2.348900,1.372436,1.559407,1.631075
0.945765,0.560089,0.012290,0.249547,0.275707,0.463769,0.123107,0.325421,0.626578,0.136325,1.242224,1.952689,2.358241,1.337981,1.123258,2.051664,1.641733,1.268131,1.275858,1.775171
0.504411,0.912572,0.359011,0.186757,0.448201,0.972751,0.619106,0.174341,0.302791,0.259615,1.290010,2.004254,2.227181,1.483079,1.747995,1.534806,1.686083,1.254157,1.577090,2.858817
0.585208,0.343321,0.057711,0.629660,0.617006,0.082410,0.702915,0.146261,0.633382,0.619358,1.640751,1.744494,1.424879,2.013478,1.706245,1.606601,2.127471,2.013265,1.620337,1.350112
0.020616,0.118332,0.670553,0.964958,0.432309,0.570713,0.575120,0.603844,0.031883,0.296351,1.660979,1.119349,1.571138,2.363453,2.024761,1.385243,1.362647,2.052782,1.881950,1.444046
0.192002,0.814547,0.518956,0.842063,0.345577,0.015384,0.654582,0.962987,0.305999,0.000429,1.927773,1.908182,1.052249,2.054646,1.923898,2.119347,1.734477,1.842063,1.614892,1.814783
0.798772,0.596555,0.067807,0.327041,0.865373,0.617094,0.268537,0.125431,0.860822,0.318078,1.333811,2.337570,2.255131,1.972329,1.273134,1.814505,1.932934,1.428215,1.869971,1.977360
0.844169,0.917282,0.229722,0.091886,0.318234,0.078624,0.423943,0.565691,0.878714,0.690302,2.010308,2.689421,1.791244,1.326677,1.476715,2.164175,2.058442,1.568402,1.371006,1.923464
0.754639,0.286193,0.170612,0.146892,0.539069,0.063588,0.075045,0.350343,0.714026,0.820614,1.943354,1.796027,1.633068,1.560647,1.104154,1.877379,1.719658,1.820299,1.568178,1.290236
0.281261,0.178692,0.700663,0.536954,0.137158,0.187785,0.302469,0.842435,0.350959,0.808389,2.518086,1.301864,1.266892,1.425477,1.793398,1.990958,1.442447,2.190446,1.628087,1.213955
0.575903,0.684889,0.266379,0.210472,0.128791,0.496631,0.495946,0.900976,0.555602,0.563712,2.375470,1.993582,1.828295,1.173090,1.566904,2.387661,1.801565,1.528243,1.199749,1.931531
0.448942,0.792176,0.443252,0.581787,0.490671,0.818972,0.767658,0.183682,0.702559,0.576219,1.609958,2.285766,2.020521,1.829147,1.964130,1.482681,2.291859,1.913815,1.687143,2.462891
0.894722,0.937272,0.395551,0.362202,0.594236,0.073202,0.738616,0.364046,0.676405,0.083690,1.216219,2.394795,1.873729,1.725426,1.895077,2.027251,2.221958,1.369206,1.750696,1.942630
0.353309,0.365763,0.736947,0.790900,0.525530,0.737402,0.839514,0.441628,0.977553,0.864548,2.059583,2.321373,1.862229,2.151054,2.382605,1.548344,2.682337,2.538343,2.068621,1.909524
0.652814,0.615281,0.690960,0.699613,0.844731,0.732674,0.181259,0.155411,0.368498,0.069197,1.093349,1.751072,2.158840,2.334189,1.658684,1.676966,1.401353,1.704401,2.322157,2.152092
0.950274,0.271813,0.372835,0.764192,0.141762,0.640670,0.477992,0.824120,0.325544,0.701378,2.380552,1.377792,2.543691,1.725751,1.616999,2.629449,1.554021,2.256122,1.280768,1.682270
0.959734,0.033436,0.481062,0.349467,0.294774,0.216337,0.389159,0.039358,0.939632,0.162146,1.163695,1.916344,2.137427,1.416901,1.620580,1.961283,2.091077,1.375758,1.526194,1.080237
0.019923,0.846455,0.197509,0.589824,0.258673,0.655783,0.857239,0.204536,0.201456,0.235552,1.277387,1.887039,1.656180,1.606566,1.896249,1.061758,1.936315,1.645309,1.297683,2.276507
0.224881,0.764688,0.582395,0.549857,0.967289,0.300895,0.984809,0.701204,0.122650,0.252228,1.743915,1.779731,1.351466,2.269631,2.323993,1.716568,2.092499,1.613475,2.306472,1.855226
0.405030,0.851315,0.368117,0.698523,0.111373,0.406551,0.529781,0.437863,0.772868,0.639760,1.831484,2.448639,1.570600,1.599307,1.665291,1.596754,2.053536,2.107816,1.246883,2.016598
0.733292,0.512133,0.572418,0.219545,0.793858,0.069803,0.527687,0.979436,0.533005,0.253632,2.212927,1.796227,1.607521,1.842058,1.855349,2.692587,1.811458,1.283874,2.121521,1.517005
0.165746,0.836151,0.380690,0.194815,0.350474,0.733444,0.273555,0.850816,0.111396,0.420943,2.144831,1.848560,1.760916,1.388427,1.418480,1.889634,1.186228,1.372008,1.495399,2.374091
0.093044,0.652076,0.461942,0.733164,0.877704,0.861719,0.170268,0.104129,0.791216,0.579740,1.590583,2.278099,1.870377,2.415233,1.383658,1.103887,1.820207,2.069263,2.091094,2.394636
0.319352,0.938869,0.118214,0.614265,0.872883,0.845687,0.620379,0.002745,0.582884,0.562482,1.562490,2.278623,1.947673,2.250205,1.634353,1.319359,1.967754,1.930651,1.886858,2.654056
0.180268,0.495518,0.388755,0.137973,0.409477,0.504335,0.498875,0.763942,0.973307,0.443366,2.026974,2.442845,1.536831,1.428514,1.650006,1.763876,2.222183,1.334547,1.560608,1.749871
0.279443,0.093559,0.230170,0.239480,0.423857,0.340777,0.354427,0.229216,0.645867,0.219774,1.272314,1.510703,1.418865,1.481207,1.407406,1.331982,1.771486,1.287780,1.476835,1.209688
0.518763,0.620030,0.854184,0.374156,0.036052,0.755064,0.907819,0.742355,0.244575,0.971508,2.522598,1.679846,2.024180,1.176045,2.637449,2.069854,2.068710,2.317983,1.765682,2.190151
0.103687,0.092146,0.521343,0.788113,0.142109,0.069528,0.091639,0.418622,0.555284,0.315312,1.490557,1.400486,1.080279,1.763231,1.363437,1.278931,1.563682,1.887535,1.413907,1.096980
0.190833,0.480164,0.122788,0.156168,0.181482,0.088172,0.849255,0.179111,0.643790,0.223562,1.255643,1.894630,1.124590,1.205870,1.864332,1.222914,2.365024,1.206148,1.196559,1.487939
0.311180,0.258792,0.788464,0.071804,0.802469,0.929937,0.229855,0.295805,0.192940,0.478143,1.565643,1.296018,2.026770,1.807625,1.851530,1.398680,1.245773,1.300425,2.424144,2.123575
0.642485,0.561068,0.227339,0.428806,0.076184,0.254182,0.245253,0.731672,0.300744,0.533434,2.068778,1.651514,1.666969,1.260059,1.296936,2.177829,1.360893,1.713358,1.127867,1.625676
0.422292,0.761908,0.636295,0.375267,0.296893,0.074263,0.087601,0.615947,0.637279,0.319834,1.699225,2.168033,1.252593,1.437718,1.492472,1.801683,1.644953,1.477561,1.701763,1.767423
0.936874,0.301010,0.013733,0.166605,0.750558,0.720933,0.990219,0.605608,0.281536,0.492873,1.859634,1.380272,2.598666,1.778316,1.990408,2.303635,2.262070,1.409529,1.750747,1.820754
0.395430,0.276954,0.136052,0.610407,0.754317,0.647505,0.625191,0.954288,0.530157,0.113614,2.024280,1.558020,1.803870,2.126914,1.643701,2.306096,1.921021,1.623315,1.772828,1.696217
0.058470,0.559646,0.535784,0.976515,0.661436,0.054798,0.556242,0.624820,0.339202,0.628547,2.018948,1.674703,1.058216,2.615018,1.843306,1.448871,1.648607,2.371587,1.948500,1.562649
0.210142,0.879659,0.866501,0.211142,0.706666,0.979439,0.822848,0.930164,0.678702,0.629330,2.494535,2.340296,2.023599,1.751247,2.573672,2.075347,2.355781,1.607199,2.457490,2.838960
0.337702,0.964036,0.577504,0.009280,0.673922,0.012648,0.484859,0.911076,0.479476,0.853190,2.683250,2.193933,1.126690,1.674008,1.818369,2.167762,1.714564,1.737212,2.007433,1.964196
0.821297,0.960169,0.552066,0.653043,0.210592,0.769092,0.468648,0.154282,0.384437,0.089572,1.113375,2.107961,2.443620,1.637058,1.773425,1.845100,1.604068,1.661067,1.515369,2.551671
0.769639,0.276854,0.197171,0.563680,0.702217,0.526562,0.469623,0.779126,0.349219,0.625497,2.232534,1.398807,2.118906,2.019951,1.508499,2.376675,1.569764,1.954926,1.741093,1.554121
0.012825,0.608429,0.086330,0.193069,0.268897,0.558345,0.301570,0.727744,0.408812,0.502183,2.031795,1.775556,1.558509,1.306173,1.309023,1.542436,1.499756,1.445258,1.276350,1.920179
0.116651,0.830509,0.642970,0.329431,0.924784,0.250736,0.196618,0.340355,0.540017,0.958568,2.074409,2.122127,1.264343,2.033309,1.610028,1.232493,1.578675,2.248284,2.338194,1.893378
0.840933,0.737964,0.090301,0.421050,0.393355,0.703092,0.085398,0.802432,0.000374,0.081512,1.725408,1.737965,2.410261,1.570638,1.093552,2.484830,1.007667,1.427694,1.401509,2.232303
0.454743,0.591821,0.799958,0.537535,0.097903,0.739008,0.392402,0.802688,0.329219,0.637681,2.281989,1.700206,1.945800,1.386847,2.032335,2.099051,1.483199,1.944172,1.737836,2.137954
0.118169,0.239920,0.143816,0.610962,0.247845,0.799499,0.103593,0.368316,0.979927,0.462890,1.598546,2.200178,1.813463,1.621120,1.124276,1.253825,1.990659,1.825229,1.268528,1.879120
0.212802,0.136659,0.916881,0.376904,0.210476,0.469369,0.261140,0.834086,0.639089,0.669360,2.365061,1.545094,1.514654,1.352532,2.101810,1.908502,1.707283,1.824947,2.051146,1.356967
0.311196,0.012455,0.663792,0.292820,0.365131,0.905538,0.944788,0.539781,0.819697,0.717035,2.008398,1.684358,2.002381,1.450875,2.385407,1.602559,2.712320,1.806958,1.805751,1.832453
0.560234,0.946911,0.116960,0.852786,0.353150,0.169224,0.261550,0.762251,0.602572,0.401714,1.982740,2.310004,1.483086,2.080394,1.275229,2.141260,1.670980,2.014160,1.366830,1.975547
0.285827,0.477848,0.294852,0.895908,0.487304,0.824350,0.992975,0.312240,0.277194,0.172109,1.269603,1.554684,1.906047,2.289956,2.079913,1.383321,2.263194,1.925530,1.574242,2.157401
0.915581,0.332099,0.587105,0.981914,0.177384,0.642605,0.498245,0.445299,0.133259,0.047848,1.246139,1.349857,2.480893,2.141540,1.842937,2.113872,1.381508,1.984204,1.522077,1.745040
0.452943,0.190194,0.585930,0.678366,0.654880,0.298833,0.019560,0.986450,0.051448,0.181633,2.154716,1.192841,1.503990,2.115060,1.362874,2.426026,1.051830,1.711356,1.998194,1.279495
0.832657,0.809618,0.772864,0.692106,0.459341,0.645722,0.934373,0.720446,0.862024,0.363335,1.882378,2.552703,2.339040,1.938352,2.531692,2.351700,2.735076,1.824119,2.056661,2.226575
0.878050,0.042581,0.070023,0.736195,0.814848,0.978671,0.581263,0.026320,0.373716,0.536965,1.537658,1.182245,2.749642,2.356831,1.586166,1.878742,1.711582,2.024526,1.819751,2.000378
0.768885,0.680765,0.264129,0.814658,0.777971,0.425813,0.131420,0.041845,0.263843,0.439953,1.441704,1.750378,2.016998,2.441639,1.201184,1.770636,1.281114,2.008217,1.847736,1.862082
0.805691,0.530447,0.839267,0.147381,0.445404,0.512129,0.543363,0.296897,0.766901,0.286739,1.374887,2.118584,2.161266,1.467126,2.247733,1.893839,2.062144,1.229600,2.149774,1.792722
0.081113,0.354628,0.912296,0.821136,0.020421,0.905565,0.437148,0.308661,0.351257,0.999182,2.094453,1.478010,1.912144,1.694685,2.269432,1.176384,1.542356,2.819500,1.852705,2.174676
0.139931,0.381322,0.257649,0.265095,0.322334,0.491337,0.399458,0.962918,0.904630,0.313393,2.240603,2.199677,1.510918,1.392610,1.465841,2.067142,2.064197,1.363310,1.388717,1.622734
0.411568,0.379728,0.285590,0.039852,0.608382,0.071149,0.508916,0.552360,0.691161,0.478918,1.784020,1.857432,1.240537,1.609970,1.590478,1.716670,1.950157,1.269214,1.689944,1.384790
0.098642,0.266396,0.177679,0.202492,0.941280,0.254476,0.701222,0.256613,0.210866,0.713359,1.779209,1.310860,1.264207,1.982283,1.732791,1.164493,1.702578,1.711373,1.972850,1.331154
0.016496,0.413956,0.519034,0.681046,0.353683,0.632610,0.762702,0.121614,0.587362,0.681697,1.696487,1.758950,1.632882,1.817506,2.032099,1.031286,2.169076,2.145757,1.623079,1.814152
0.905769,0.389363,0.186390,0.962339,0.340111,0.320148,0.059820,0.848042,0.845931,0.874504,2.593679,2.104962,2.140564,2.266207,1.094562,2.624943,1.849509,2.727097,1.374852,1.491857
0.465080,0.136427,0.236880,0.011369,0.265451,0.886771,0.238697,0.594181,0.962769,0.424601,1.777652,2.063352,2.103070,1.265580,1.294809,1.818131,2.019746,1.191655,1.321563,1.922790
0.431498,0.441852,0.315019,0.238646,0.764635,0.142822,0.943351,0.624799,0.904763,0.071066,1.461440,2.260449,1.329013,1.821587,2.042588,1.821872,2.794674,1.243696,1.863872,1.462251
0.589160,0.077568,0.275495,0.838965,0.376996,0.773674,0.733124,0.064212,0.138844,0.237356,1.241479,1.096846,2.120784,2.080858,1.809021,1.593283,1.676315,1.895303,1.452893,1.676140
0.879700,0.299988,0.373017,0.753549,0.628425,0.944844,0.860534,0.308936,0.949777,0.776169,1.871610,2.202064,2.718716,2.196260,1.999676,1.975141,2.690296,2.355986,1.767567,2.192718
0.465254,0.775453,0.020664,0.456050,0.901554,0.324526,0.989510,0.400766,0.650735,0.004711,1.165325,2.198909,1.540987,2.109536,1.989937,1.625867,2.629865,1.456072,1.901981,1.880770
0.565713,0.466839,0.911830,0.337356,0.603760,0.726826,0.580255,0.693644,0.526641,0.686882,2.168025,1.744189,2.046857,1.717569,2.411689,2.046855,1.863336,1.809163,2.435195,1.995115
0.136737,0.003740,0.726635,0.778704,0.465800,0.085304,0.883791,0.138707,0.775279,0.767799,1.787038,1.604798,1.104001,2.072180,2.411789,1.155976,2.556366,2.368219,1.993798,1.011016
0.688446,0.527064,0.207511,0.294812,0.883521,0.850144,0.941913,0.257140,0.118282,0.508441,1.574562,1.541055,2.324103,1.970435,1.984974,1.754567,2.005482,1.553324,1.926582,2.249810
0.851220,0.103792,0.675852,0.684307,0.338257,0.681264,0.574233,0.394433,0.716406,0.644117,1.799694,1.617029,2.405839,1.806534,2.031008,2.006797,2.046149,2.099194,1.795032,1.567912
0.385502,0.367290,0.640164,0.693178,0.185742,0.866073,0.609457,0.098729,0.050243,0.986445,1.996192,1.369814,2.014685,1.666237,2.019267,1.395250,1.421681,2.666251,1.595552,2.117373
0.372213,0.239390,0.854189,0.827215,0.261998,0.505582,0.072013,0.095731,0.521642,0.103302,1.112466,1.511500,1.644125,1.946282,1.801652,1.381378,1.526828,1.837886,1.991637,1.495003
0.361744,0.692508,0.917777,0.964827,0.164851,0.381918,0.515261,0.019706,0.723084,0.725708,1.726096,2.215359,1.512777,2.095741,2.357576,1.362133,1.988578,2.491478,2.007166,1.838370
0.212810,0.092851,0.542511,0.632978,0.386402,0.893418,0.826553,0.260044,0.282481,0.119000,1.186622,1.172647,1.938706,1.787063,2.120872,1.280433,1.965672,1.647139,1.680720,1.891046
0.902266,0.627707,0.756512,0.077554,0.728541,0.916873,0.764440,0.968855,0.368303,0.340439,2.279120,1.763354,2.730956,1.734555,2.336750,2.840946,1.952671,1.193453,2.300851,2.468364
0.528082,0.619616,0.935606,0.671127,0.467968,0.344629,0.153907,0.475257,0.271297,0.657627,1.883496,1.693218,1.623500,1.918379,2.029266,1.753952,1.294984,2.103600,2.343327,1.738385
0.226506,0.822172,0.281017,0.110691,0.123935,0.092554,0.324221,0.746157,0.612459,0.537254,2.094003,2.197278,1.143859,1.136187,1.403191,1.783256,1.717578,1.399332,1.202905,1.830738
0.200687,0.461361,0.764053,0.530521,0.379646,0.961916,0.287538,0.310867,0.875021,0.810808,1.907446,2.227023,2.002192,1.661098,1.871316,1.297325,1.957699,2.187930,1.963423,2.386644
0.010985,0.383787,0.968878,0.983315,0.756286,0.150753,0.366779,0.200695,0.108706,0.383967,1.424245,1.395604,1.150874,2.723195,2.305504,1.051263,1.243233,2.130746,2.695012,1.406514
0.415724,0.128618,0.473619,0.604989,0.698938,0.016641,0.867759,0.200922,0.298228,0.947616,1.987986,1.217558,1.189467,2.064950,2.092074,1.456093,2.051235,2.502966,1.923252,1.128895
0.943037,0.964314,0.513373,0.734759,0.672977,0.534830,0.070845,0.212779,0.097527,0.198824,1.244099,1.973826,2.424148,2.212847,1.334397,1.988312,1.102546,1.774290,1.936529,2.250357
0.216898,0.648098,0.729994,0.334397,0.889030,0.182289,0.540203,0.368421,0.716476,0.355789,1.491523,2.161436,1.229333,2.000851,2.073095,1.352632,2.008295,1.460983,2.421922,1.681327
0.464289,0.515978,0.429694,0.960236,0.311043,0.828529,0.155393,0.911050,0.423838,0.412067,2.242079,1.695616,2.044093,2.233095,1.340030,2.294301,1.447985,2.130035,1.495680,2.202438
0.830603,0.925330,0.845636,0.920507,0.526963,0.566306,0.583330,0.772020,0.867556,0.788185,2.384201,2.677984,2.256207,2.374295,2.298430,2.426618,2.207830,2.541742,2.242063,2.246033
0.807834,0.050007,0.913456,0.927415,0.439519,0.025398,0.262108,0.290882,0.435461,0.944483,2.029095,1.239633,1.677995,2.299618,2.096510,1.892447,1.504161,2.819463,2.273921,1.050652
0.444400,0.387017,0.678529,0.383196,0.645860,0.353906,0.056975,0.494907,0.025310,0.390986,1.635919,1.387657,1.551398,1.792699,1.517377,1.689334,1.028556,1.536066,2.106261,1.512266
0.300222,0.538528,0.884493,0.376894,0.381939,0.931464,0.943285,0.901280,0.419082,0.628990,2.441296,1.714158,2.021597,1.523988,2.725614,2.112529,2.308869,1.772522,2.164268,2.406152
0.983330,0.449714,0.917866,0.268697,0.215700,0.858143,0.299779,0.233168,0.037470,0.809137,1.863504,1.451118,2.825080,1.287898,2.142257,2.037697,1.127338,1.923399,2.058178,2.186124
0.843702,0.406759,0.894614,0.457040,0.124076,0.981340,0.341865,0.354249,0.875018,0.342112,1.467605,2.172416,2.693173,1.332962,2.142198,1.969195,1.991890,1.574081,1.924410,2.369787
0.114125,0.796904,0.465193,0.273152,0.097791,0.160220,0.097538,0.777521,0.918541,0.734799,2.339338,2.640622,1.173244,1.172403,1.313943,1.718664,1.928055,1.813081,1.314196,1.822575
0.257484,0.884385,0.341501,0.559874,0.593015,0.399386,0.083251,0.491972,0.733304,0.266526,1.508563,2.422119,1.465684,1.906474,1.199874,1.499520,1.740234,1.630910,1.709638,2.043894
0.966108,0.548198,0.336872,0.623278,0.694509,0.990746,0.466137,0.455750,0.935847,0.100319,1.308027,2.424008,2.924111,2.082985,1.579620,2.173816,2.153131,1.633342,1.807992,2.529775
0.362785,0.323357,0.033114,0.057968,0.516948,0.110662,0.040833,0.455933,0.938115,0.020985,1.228859,2.203417,1.242275,1.520309,1.041930,1.570660,1.939782,1.058409,1.518045,1.335603
0.796497,0.752144,0.425445,0.597542,0.522273,0.440234,0.350400,0.086689,0.104987,0.844609,1.852124,1.763166,2.074641,1.879329,1.531404,1.804012,1.227767,2.310905,1.703276,1.945951
0.401723,0.345762,0.000984,0.233631,0.325189,0.966223,0.878853,0.397630,0.861607,0.597624,1.755733,2.088128,2.127604,1.379773,1.878854,1.559832,2.633989,1.590785,1.325190,2.279349
0.013133,0.381128,0.213529,0.476136,0.138368,0.002531,0.618645,0.738815,0.921428,0.746528,2.292375,2.230157,1.002703,1.365073,1.664239,1.558980,2.304149,2.033440,1.183962,1.381134
0.668363,0.028902,0.642142,0.507022,0.000957,0.886056,0.985726,0.959426,0.212958,0.326107,2.246605,1.074253,2.332764,1.258028,2.398071,2.588860,2.184613,1.613368,1.413303,1.813996
0.908145,0.123670,0.597558,0.214764,0.988381,0.411314,0.761707,0.798105,0.849039,0.192798,1.829769,1.844536,2.236041,2.034505,2.118783,2.545117,2.429237,1.251935,2.345456,1.292849
0.938296,0.023542,0.396410,0.342179,0.603471,0.764609,0.560753,0.434639,0.308962,0.691694,1.880605,1.118999,2.645009,1.720558,1.717894,2.127208,1.623405,1.820620,1.760613,1.608169
0.936264,0.029091,0.212978,0.191992,0.764283,0.985936,0.115801,0.923574,0.946146,0.640761,2.493751,1.924284,2.862528,1.801144,1.161160,2.789254,1.959556,1.602567,1.809643,2.001161
0.052190,0.057050,0.212584,0.498300,0.531144,0.398533,0.449116,0.138926,0.681882,0.669864,1.689164,1.522013,1.401257,1.779447,1.494308,1.071490,1.883587,1.947017,1.576336,1.215879
0.591663,0.983744,0.329877,0.559092,0.406544,0.548465,0.897104,0.651993,0.980375,0.172563,1.597658,2.944878,1.898531,1.719128,2.005923,2.016758,2.785171,1.588869,1.515363,2.284558
0.584880,0.459696,0.655210,0.073037,0.753635,0.920722,0.657671,0.702756,0.742865,0.585973,2.079839,2.011545,2.262806,1.758969,2.086971,2.078745,2.175397,1.416402,2.182935,2.307425
0.677436,0.119627,0.945187,0.197926,0.289561,0.200561,0.600472,0.507214,0.275130,0.201780,1.459046,1.195324,1.659480,1.328735,2.493851,1.934702,1.635697,1.238642,2.182939,1.159852
0.634105,0.967210,0.734672,0.722392,0.346860,0.565462,0.485373,0.291002,0.679045,0.121812,1.206494,2.428312,1.967551,1.868709,2.025117,1.718787,1.914632,1.737230,1.886603,2.286957
0.049813,0.350716,0.790540,0.975154,0.922657,0.310187,0.047700,0.100998,0.853948,0.032783,1.042983,2.079943,1.312668,2.873581,1.672653,1.060013,1.856224,1.976228,2.547610,1.446931
0.838191,0.422776,0.423753,0.785355,0.466708,0.875387,0.187803,0.630036,0.065279,0.401493,1.798437,1.427037,2.577951,2.083490,1.367370,2.235136,1.100549,1.946551,1.646274,2.189079
0.923427,0.186064,0.896393,0.010943,0.228547,0.569695,0.670460,0.370244,0.013904,0.969568,2.106648,1.186257,2.422413,1.228667,2.473980,2.060508,1.463420,1.951004,2.032067,1.510616
0.833815,0.681145,0.556255,0.114663,0.621044,0.365688,0.398307,0.741557,0.354124,0.499213,2.049120,1.806549,2.060935,1.634192,1.707726,2.383722,1.512772,1.363877,1.930464,1.814873
0.661189,0.749806,0.664204,0.671427,0.664023,0.921036,0.563625,0.285047,0.836846,0.067558,1.148810,2.450117,2.358207,2.114838,2.004791,1.742440,2.154519,1.675991,2.105190,2.598114
0.584154,0.411357,0.071397,0.110640,0.125964,0.160998,0.710107,0.623876,0.577063,0.107574,1.496795,1.744359,1.502234,1.138205,1.715204,1.973375,2.081314,1.122213,1.131061,1.437278
0.803631,0.760086,0.408348,0.759675,0.372049,0.399497,0.227311,0.397252,0.140289,0.180154,1.337963,1.779767,2.045320,1.949155,1.394059,1.961440,1.191959,1.792131,1.538797,1.919684
0.520290,0.481877,0.028749,0.643507,0.157829,0.970409,0.504251,0.619149,0.904317,0.716885,2.100230,2.299666,2.241111,1.571930,1.505077,1.903636,2.158586,2.157431,1.158655,2.423570
0.604723,0.422814,0.695054,0.872980,0.418777,0.609238,0.418768,0.311453,0.249097,0.463102,1.560105,1.484863,1.974928,2.180870,1.901868,1.701726,1.424464,2.087444,1.901876,1.793986
0.908049,0.059460,0.955825,0.965472,0.653909,0.979976,0.587001,0.836044,0.643344,0.115159,1.814128,1.473351,2.804529,2.586044,2.500602,2.607018,1.987914,1.978733,2.567510,2.019812
0.754113,0.150179,0.675591,0.648961,0.346635,0.333550,0.301838,0.207451,0.152145,0.889349,1.932385,1.173327,1.902237,1.767786,1.758261,1.797149,1.243252,2.439903,1.803058,1.261435
0.167920,0.050981,0.892721,0.428626,0.985896,0.095866,0.127842,0.208032,0.155142,0.503643,1.546920,1.075050,1.124063,2.169616,1.924794,1.211198,1.171485,1.682282,2.782848,1.060171
0.547979,0.485060,0.469320,0.885252,0.941561,0.542622,0.686825,0.695774,0.071531,0.822746,2.306848,1.490177,1.842903,2.725232,1.907086,2.032081,1.543260,2.562164,2.161822,1.779499
0.073156,0.846072,0.019864,0.211264,0.576816,0.899883,0.023072,0.003974,0.050455,0.674478,1.674494,1.848618,1.905234,1.621448,1.023466,1.073172,1.050987,1.666184,1.577211,2.655861
0.281230,0.847063,0.388492,0.191709,0.554978,0.444067,0.184104,0.328223,0.012641,0.765766,1.873497,1.847223,1.523158,1.591730,1.335030,1.388961,1.046536,1.778107,1.705904,2.044259
0.515426,0.471125,0.802170,0.493779,0.381554,0.476733,0.445394,0.662973,0.144121,0.774041,2.213574,1.491895,1.742397,1.625372,2.088870,1.954959,1.342497,2.092918,2.025030,1.698399
0.054323,0.329874,0.771622,0.705859,0.309476,0.651480,0.776543,0.901199,0.605457,0.332668,2.144827,1.696452,1.654431,1.807713,2.371944,1.866482,2.208476,1.816527,1.904877,1.754300
0.389758,0.184570,0.174244,0.440934,0.056067,0.556441,0.912233,0.804465,0.272019,0.644280,2.291444,1.258565,1.708353,1.250489,1.942594,2.036923,2.104188,1.856031,1.086428,1.494197
0.813075,0.242340,0.113685,0.641342,0.848120,0.757814,0.309957,0.016531,0.962832,0.807579,1.807852,2.169387,2.418904,2.259439,1.322881,1.813348,2.058906,2.293526,1.861044,1.816622
0.558714,0.580992,0.132374,0.969249,0.236457,0.580715,0.103991,0.279607,0.690325,0.750570,1.828750,2.057540,1.892876,2.175900,1.121514,1.636894,1.701139,2.532604,1.253979,1.918222
0.807717,0.230490,0.502016,0.753581,0.979255,0.509042,0.373905,0.119013,0.296833,0.332035,1.346199,1.318600,2.161448,2.547140,1.625925,1.821881,1.436638,1.863829,2.231275,1.489614
0.453328,0.206093,0.237670,0.842073,0.366930,0.524121,0.324719,0.362779,0.874375,0.185042,1.316650,1.970624,1.729627,2.076017,1.381207,1.584936,1.979817,1.876313,1.423417,1.480795
0.030030,0.044826,0.280278,0.920677,0.616004,0.762909,0.848558,0.398648,0.909851,0.423124,1.582044,1.872655,1.763811,2.463649,1.927113,1.188950,2.629901,2.099711,1.694559,1.626856
0.449736,0.043990,0.237409,0.349945,0.929436,0.199632,0.974750,0.027211,0.328572,0.414447,1.415187,1.151949,1.401895,2.051898,2.031113,1.450477,2.278710,1.521711,1.985799,1.083843
0.266657,0.793581,0.865208,0.908123,0.224028,0.169918,0.062568,0.458992,0.859379,0.503495,1.714168,2.532114,1.241023,2.048716,1.811154,1.477330,1.863294,2.161630,1.972614,1.822453
0.039265,0.633160,0.161224,0.310941,0.377245,0.254883,0.017117,0.722014,0.738611,0.373853,1.895157,2.178706,1.256424,1.473930,1.043110,1.560569,1.738904,1.450707,1.403239,1.698125
0.459694,0.644192,0.477874,0.323556,0.525405,0.626614,0.883005,0.433628,0.902280,0.897220,2.085253,2.458301,1.837933,1.630093,2.111368,1.647727,2.681978,2.128559,1.753768,2.036837
0.516164,0.041746,0.606890,0.308331,0.096542,0.133336,0.239856,0.486894,0.677283,0.061372,1.298438,1.500458,1.399761,1.191610,1.608171,1.753230,1.734814,1.312098,1.464858,1.059524
0.422153,0.610457,0.356157,0.671174,0.882738,0.383115,0.119742,0.605324,0.543998,0.999135,2.365552,1.906391,1.561328,2.333213,1.246590,1.788570,1.558336,2.669444,2.009586,1.757234
0.816721,0.272215,0.685987,0.216801,0.653834,0.036289,0.743223,0.569054,0.081869,0.446546,1.770369,1.278917,1.703323,1.700837,2.213801,2.140544,1.634248,1.416205,2.124413,1.273532
0.474752,0.379989,0.967510,0.402383,0.976670,0.853863,0.675399,0.208632,0.289666,0.732790,1.776317,1.463896,2.079252,2.138582,2.611475,1.518279,1.745829,1.939364,2.912746,2.109071
0.587052,0.735762,0.152028,0.133725,0.280161,0.902677,0.997050,0.046035,0.887100,0.175034,1.177153,2.522708,2.247307,1.298044,2.020163,1.589171,2.881209,1.164362,1.303274,2.550588
0.850237,0.802701,0.419389,0.281567,0.024491,0.424747,0.146847,0.279763,0.488801,0.598370,1.676638,2.041628,2.147649,1.103771,1.322734,1.928504,1.510365,1.639615,1.200378,1.983111
0.631219,0.436877,0.993857,0.571856,0.734090,0.218911,0.237210,0.967021,0.563931,0.215986,2.151115,1.754896,1.617348,2.061110,2.224962,2.566348,1.620200,1.618506,2.721842,1.484800
0.819307,0.454560,0.723744,0.993468,0.531125,0.538608,0.827365,0.797712,0.787988,0.845297,2.481642,2.075484,2.209872,2.518104,2.351169,2.455652,2.472520,2.707996,2.054930,1.744659
0.718108,0.773205,0.682347,0.302003,0.914821,0.326100,0.775577,0.738289,0.742284,0.212293,1.757364,2.324191,1.841779,2.006027,2.241174,2.263179,2.343804,1.347071,2.380419,1.879547
0.415377,0.748351,0.264872,0.030243,0.607939,0.385904,0.234086,0.431008,0.156005,0.896409,2.082177,1.772688,1.558442,1.608853,1.304243,1.601145,1.210801,1.833792,1.678096,1.897273
0.768250,0.094723,0.685241,0.871577,0.984601,0.289607,0.406909,0.005411,0.817930,0.680554,1.680584,1.763732,1.879816,2.744247,1.876464,1.768280,1.983504,2.334731,2.454156,1.178596
0.018097,0.395110,0.994905,0.795575,0.486345,0.293696,0.255430,0.611674,0.593320,0.409627,1.783772,1.747138,1.294024,2.119284,2.245266,1.392241,1.658564,1.963369,2.476181,1.481367
0.978169,0.306796,0.572867,0.889068,0.673991,0.363934,0.710422,0.426185,0.164844,0.218623,1.400257,1.333969,2.320748,2.464433,2.038599,2.159802,1.669544,1.936864,2.002168,1.439243
0.654068,0.619818,0.175454,0.929929,0.709750,0.642220,0.612806,0.367432,0.994704,0.976499,2.111505,2.609254,2.070025,2.574519,1.643590,1.789075,2.370235,2.883479,1.740534,2.032264
0.632427,0.249299,0.102903,0.097490,0.782245,0.667887,0.510230,0.166853,0.213630,0.798711,1.826551,1.294937,2.067851,1.791749,1.520819,1.660267,1.473965,1.735429,1.792834,1.695372
0.787806,0.966982,0.028570,0.195139,0.442042,0.792799,0.226702,0.483325,0.552882,0.544282,1.777886,2.272660,2.413438,1.480121,1.227518,2.021410,1.604276,1.491383,1.442858,2.595512
0.813406,0.122851,0.731306,0.590950,0.061303,0.004761,0.805351,0.433151,0.514543,0.122180,1.309800,1.387606,1.666391,1.410526,2.340160,2.001026,2.163133,1.605878,1.596112,1.122874
0.962632,0.209653,0.633104,0.429231,0.188390,0.275377,0.330093,0.990611,0.880423,0.758377,2.739686,1.984797,2.202038,1.372629,1.730913,2.943941,1.989384,2.004366,1.589210,1.285486
0.917604,0.597504,0.408176,0.814517,0.991932,0.994030,0.875364,0.649964,0.596451,0.674346,2.096800,1.953258,2.836027,2.655371,2.041972,2.340058,2.362714,2.269260,2.158540,2.585599
0.837892,0.748300,0.331882,0.406172,0.687982,0.429550,0.096671,0.980816,0.008920,0.600365,2.562366,1.748379,2.131612,1.852957,1.206817,2.799892,1.018265,1.766610,1.798127,1.932813
0.785582,0.234502,0.491868,0.190058,0.881322,0.514438,0.762836,0.601104,0.563997,0.488446,1.849771,1.552595,2.131578,1.917444,2.004770,2.146908,2.145915,1.428638,2.123256,1.499149
0.883714,0.347616,0.792992,0.665227,0.293864,0.082095,0.653415,0.956945,0.503214,0.293598,2.209342,1.600841,1.863045,1.736390,2.282252,2.799458,1.930166,1.751427,1.922700,1.354356
0.412515,0.019461,0.406591,0.447506,0.374648,0.656490,0.102079,0.780344,0.493379,0.372530,1.981467,1.262884,1.826659,1.574910,1.267395,2.021453,1.503800,1.586285,1.539964,1.450441
0.835049,0.524865,0.680499,0.233470,0.571737,0.580770,0.666979,0.634296,0.790343,0.178348,1.580680,2.149507,2.278077,1.626245,2.130058,2.237381,2.235204,1.265278,2.034816,1.862159
0.632966,0.313917,0.198609,0.150539,0.586055,0.056249,0.353380,0.507204,0.196617,0.404578,1.661834,1.352575,1.456894,1.608717,1.392826,1.890221,1.321495,1.314222,1.625500,1.317081
0.708418,0.373841,0.996726,0.212747,0.513122,0.505066,0.125588,0.517260,0.392598,0.387807,1.655365,1.527974,2.006923,1.558383,2.119052,1.975977,1.408370,1.363141,2.506586,1.628933
0.180895,0.347539,0.980699,0.369463,0.933484,0.021683,0.154322,0.191010,0.244682,0.210738,1.247223,1.407409,1.054406,2.069987,2.116093,1.217380,1.268497,1.413874,2.895255,1.348010
0.310912,0.706602,0.206875,0.104180,0.860369,0.499637,0.734670,0.334631,0.571101,0.014723,1.126700,2.032758,1.596303,1.871223,1.777467,1.422890,2.110841,1.104397,1.903167,1.956239
0.347080,0.154865,0.958325,0.816022,0.770283,0.028370,0.071128,0.819795,0.509896,0.782298,2.454362,1.414859,1.148835,2.436175,1.989514,2.019144,1.514956,2.428012,2.688670,1.155670
0.992777,0.357158,0.882997,0.690799,0.448457,0.824732,0.916198,0.512967,0.148935,0.881726,2.144861,1.379340,2.810337,1.925661,2.695882,2.255912,1.988353,2.468239,2.228141,2.037341
0.909911,0.770533,0.844036,0.128042,0.217980,0.295583,0.303486,0.313858,0.644642,0.511956,1.610463,2.186097,2.123522,1.234374,2.015883,2.008418,1.736746,1.390140,1.930377,1.857903
0.075984,0.280153,0.362610,0.123933,0.064050,0.622791,0.728654,0.790546,0.804660,0.589694,2.214658,1.927631,1.628564,1.079409,1.860140,1.700948,2.335597,1.471672,1.195536,1.668022
0.864015,0.706726,0.593832,0.244826,0.223270,0.098198,0.593939,0.554532,0.968050,0.072851,1.380356,2.643847,1.844719,1.283210,1.946575,2.171520,2.320814,1.250133,1.575907,1.716369
0.523763,0.866480,0.569711,0.710045,0.920312,0.222195,0.990728,0.517303,0.808227,0.184034,1.451636,2.519710,1.496523,2.424476,2.315299,1.791366,2.789769,1.743913,2.244882,1.915850
0.522434,0.319251,0.070803,0.823574,0.824171,0.383547,0.652673,0.011167,0.164553,0.755228,1.755353,1.346329,1.656484,2.502445,1.657686,1.522559,1.590536,2.393943,1.829184,1.466360
0.702457,0.528919,0.859009,0.006766,0.483781,0.988173,0.177002,0.228800,0.721733,0.498258,1.550608,2.049817,2.481619,1.483827,1.914898,1.754807,1.753062,1.255027,2.221677,2.505406
0.846773,0.108445,0.907189,0.534308,0.226568,0.036015,0.457065,0.427876,0.925822,0.293625,1.476703,1.965592,1.753039,1.512052,2.280057,2.029851,2.134731,1.620523,2.049559,1.109742
0.611426,0.649409,0.282932,0.693472,0.185105,0.495540,0.943105,0.361649,0.465894,0.475408,1.606198,1.866466,1.869382,1.666009,2.023156,1.742216,2.355342,1.919485,1.265156,1.894968
0.188303,0.557386,0.233128,0.471878,0.794048,0.169147,0.240624,0.939374,0.774974,0.162598,2.045021,2.157970,1.204605,2.016717,1.294973,2.070727,1.832874,1.498316,1.848396,1.585996
0.004674,0.422697,0.992171,0.965875,0.950780,0.734334,0.874850,0.363936,0.377210,0.412702,1.545152,1.564985,1.734355,2.883695,2.859253,1.137123,2.142573,2.136199,2.935183,1.961943
0.204100,0.023241,0.604054,0.464527,0.433707,0.381027,0.529915,0.036990,0.781851,0.962866,1.964234,1.634532,1.422684,1.649493,1.894797,1.205468,2.062661,2.391638,1.798589,1.168423
0.681549,0.207879,0.811361,0.695110,0.994000,0.520002,0.290272,0.482347,0.950491,0.301054,1.533713,2.111312,1.984511,2.477177,1.948579,1.914208,2.034749,1.785743,2.652306,1.478281
0.955196,0.241509,0.896281,0.109135,0.013133,0.020600,0.861559,0.257134,0.119063,0.381206,1.447323,1.255685,1.932998,1.025043,2.664878,2.021313,1.861348,1.254453,1.816452,1.241934
0.922213,0.918417,0.278479,0.842425,0.110187,0.135115,0.299834,0.590347,0.472917,0.017593,1.366102,2.142067,1.985592,1.819867,1.377385,2.270722,1.562818,1.842735,1.187738,1.936673
0.105148,0.363031,0.826518,0.297477,0.483934,0.094680,0.085965,0.805882,0.676528,0.692108,2.341554,1.820721,1.105736,1.572427,1.769097,1.754593,1.683918,1.776491,2.167066,1.371995
0.373991,0.515203,0.296420,0.125747,0.373761,0.685536,0.897265,0.452258,0.204907,0.539797,1.744334,1.557189,1.825405,1.389573,1.985130,1.578529,2.009991,1.417128,1.461626,1.985162
0.110115,0.809542,0.124186,0.722866,0.938594,0.344941,0.862732,0.128884,0.181239,0.058934,1.075545,1.842390,1.357066,2.461130,1.878154,1.126726,1.925546,1.726339,1.954016,1.928526
0.203515,0.725131,0.346888,0.049162,0.169240,0.402402,0.880595,0.379402,0.532684,0.469997,1.613943,2.008884,1.443820,1.171657,2.000926,1.347461,2.308131,1.270060,1.289571,1.887058
0.974116,0.832838,0.513369,0.746535,0.073800,0.190943,0.702896,0.421416,0.735517,0.942777,2.120368,2.373823,2.139844,1.631113,1.966444,2.151707,2.229579,2.635363,1.337347,1.869297
0.987110,0.879111,0.465308,0.261728,0.074784,0.648625,0.893146,0.070053,0.047069,0.228983,1.233890,1.881327,2.623012,1.143285,2.109658,1.992018,1.844780,1.314161,1.291296,2.299826
0.704589,0.693138,0.314326,0.878615,0.936737,0.396247,0.475641,0.250352,0.401768,0.612759,1.675436,1.854555,1.892693,2.708701,1.574442,1.767266,1.628002,2.254089,2.035538,1.850150
0.083929,0.334708,0.901372,0.072123,0.017392,0.387801,0.966476,0.055349,0.991159,0.022558,1.025621,2.317104,1.394845,1.022594,2.778947,1.086992,2.925235,1.072632,1.829863,1.485097
0.433524,0.671359,0.048316,0.317070,0.770629,0.206013,0.818105,0.651225,0.034987,0.609125,2.033218,1.672583,1.393956,1.871163,1.820439,1.857618,1.704283,1.688103,1.772964,1.713800
0.267675,0.003426,0.790463,0.968498,0.566050,0.576203,0.907847,0.952055,0.061148,0.919284,2.825692,1.007165,1.647853,2.504038,2.532679,2.174083,1.885333,2.813580,2.190882,1.335436
0.872500,0.899341,0.886709,0.006605,0.776625,0.360558,0.462550,0.802881,0.961159,0.407327,2.051945,2.823168,2.121814,1.776669,2.248803,2.517118,2.175111,1.172520,2.562878,2.029343
0.541161,0.081164,0.128255,0.482532,0.159693,0.205553,0.188045,0.942491,0.382054,0.318163,2.206453,1.227130,1.498408,1.392530,1.204494,2.429451,1.417415,1.583760,1.176142,1.123416
0.045373,0.807606,0.448106,0.941960,0.797565,0.947877,0.564521,0.415742,0.471871,0.157184,1.330025,2.030269,1.949936,2.684854,1.765320,1.218214,1.790555,1.966667,1.998364,2.706078
0.450074,0.905611,0.822967,0.971799,0.852185,0.372763,0.120057,0.764484,0.610275,0.958968,2.543404,2.278047,1.575329,2.796578,1.797331,2.034510,1.624689,2.891419,2.529459,2.044563
0.334565,0.862027,0.479201,0.654553,0.616465,0.444453,0.557358,0.245603,0.372986,0.922902,1.983223,2.001146,1.556386,2.044905,1.786992,1.394885,1.683635,2.506301,1.846099,2.059566
0.920028,0.082784,0.536159,0.325765,0.778613,0.236543,0.137449,0.226825,0.408655,0.706871,1.758320,1.249783,2.082995,1.884736,1.424915,1.971478,1.427547,1.825431,2.066079,1.138737
0.520394,0.100228,0.782643,0.916378,0.738305,0.171061,0.328792,0.813051,0.258324,0.473869,2.134921,1.166959,1.441871,2.578055,1.941322,2.181446,1.366428,2.140931,2.350835,1.129489
0.324847,0.285606,0.383229,0.521358,0.623423,0.916672,0.121207,0.365894,0.149342,0.887678,2.021556,1.307909,2.022197,1.895237,1.268072,1.458725,1.164033,2.309331,1.770288,2.125893
0.322139,0.246599,0.253692,0.317898,0.940730,0.183821,0.910706,0.009641,0.614690,0.503605,1.503698,1.624442,1.287594,2.041789,1.975065,1.322232,2.444075,1.571516,2.005090,1.280389
0.666203,0.289966,0.642286,0.190238,0.563174,0.178271,0.659919,0.312908,0.843277,0.283004,1.380916,2.001083,1.622097,1.599364,2.072450,1.764114,2.278770,1.270329,1.975705,1.321747
0.652829,0.506558,0.689661,0.185122,0.468429,0.988058,0.461711,0.052921,0.122498,0.882969,1.885770,1.521564,2.414244,1.502699,1.937344,1.655630,1.335676,1.964757,1.944061,2.482818
0.566492,0.537832,0.870824,0.853415,0.714516,0.437761,0.919411,0.351125,0.888892,0.171395,1.294683,2.327960,1.758673,2.442833,2.677745,1.689780,2.734207,1.882791,2.472850,1.729466
0.513158,0.635767,0.102824,0.524366,0.017394,0.063870,0.779177,0.480562,0.584672,0.518106,1.749046,1.977609,1.327201,1.292353,1.789750,1.744098,2.191789,1.792800,1.027967,1.639847
0.371823,0.435322,0.481585,0.400415,0.940397,0.198071,0.717978,0.453173,0.008558,0.583083,1.788448,1.435395,1.336323,2.100730,1.949902,1.577188,1.524050,1.740400,2.172322,1.474554
0.700454,0.428700,0.635776,0.290394,0.688290,0.229916,0.956122,0.506804,0.719933,0.938167,2.195017,1.947003,1.720552,1.772618,2.360333,1.957305,2.634102,2.170550,2.092501,1.481561
0.384451,0.679048,0.794362,0.745461,0.278016,0.110224,0.481520,0.609006,0.889099,0.574601,1.945489,2.469545,1.258027,1.833728,2.112531,1.755339,2.120960,2.075627,1.909027,1.691197
0.428002,0.702692,0.086553,0.035373,0.433559,0.712737,0.678647,0.120200,0.946741,0.836951,1.851399,2.599010,1.895923,1.434811,1.686139,1.442450,2.407303,1.735860,1.441051,2.210685
0.156101,0.343510,0.662134,0.056011,0.175702,0.550357,0.079994,0.138280,0.748777,0.618433,1.637554,1.904177,1.574725,1.178839,1.518416,1.175222,1.755176,1.438470,1.614123,1.646403
0.875402,0.564820,0.985535,0.519629,0.060431,0.957182,0.988565,0.442600,0.526844,0.604840,1.800734,1.842385,2.723511,1.330445,2.959845,2.071297,2.504105,1.885460,2.031711,2.481017
0.713426,0.243741,0.854796,0.883295,0.569368,0.844594,0.518583,0.758499,0.872009,0.222474,1.797795,2.004142,2.353571,2.349577,2.249260,2.288747,2.140938,1.932790,2.300045,1.957080
0.296090,0.887619,0.095882,0.725764,0.920981,0.010982,0.237014,0.889118,0.038951,0.000854,1.791385,1.889137,1.098651,2.447714,1.246207,2.086621,1.095126,1.725765,1.930175,1.887740
0.981123,0.478062,0.076826,0.142082,0.384545,0.317244,0.439034,0.286706,0.562124,0.124299,1.206499,1.794045,2.279846,1.404732,1.444936,2.063323,1.754875,1.157532,1.390447,1.578705
0.753445,0.073154,0.518043,0.534989,0.021590,0.274403,0.364514,0.150884,0.556424,0.053758,1.076524,1.382762,1.842082,1.307803,1.632883,1.776211,1.689295,1.537879,1.289959,1.148451
0.644662,0.542927,0.060080,0.543295,0.703309,0.207710,0.095504,0.855777,0.916296,0.597103,2.329457,2.382525,1.623299,1.998479,1.099114,2.377016,1.925417,1.899827,1.706918,1.586070
0.157019,0.472347,0.883125,0.268661,0.638219,0.676858,0.939810,0.468001,0.140730,0.061242,1.280267,1.492152,1.701512,1.710398,2.719720,1.376044,2.023974,1.272412,2.418129,1.930483
0.219369,0.917014,0.919737,0.523300,0.589414,0.599036,0.791578,0.572295,0.363340,0.617964,1.945486,2.049030,1.647158,1.863257,2.637493,1.546891,1.989935,1.905179,2.435330,2.275858
0.998995,0.497329,0.528194,0.340588,0.034242,0.608065,0.743365,0.048504,0.534456,0.273961,1.276314,1.782972,2.606056,1.150242,2.022354,2.001348,2.087048,1.415643,1.313232,1.867072
0.227534,0.350884,0.558146,0.544014,0.853571,0.791800,0.120568,0.960573,0.469187,0.881293,2.803994,1.571021,1.843572,2.149522,1.432095,2.150235,1.483724,2.320692,2.165098,1.977832
0.326469,0.742792,0.317862,0.372844,0.697026,0.837716,0.904332,0.342817,0.024404,0.374408,1.491932,1.743387,1.944298,1.836039,2.005368,1.443993,1.842220,1.513025,1.798063,2.444559
0.470948,0.552915,0.316495,0.331328,0.259009,0.285586,0.379535,0.073903,0.340457,0.430539,1.436001,1.668826,1.507378,1.368786,1.479704,1.476409,1.484504,1.516691,1.359178,1.634474
0.026558,0.242926,0.360071,0.684883,0.787291,0.939678,0.043725,0.143365,0.950364,0.524326,1.544879,2.146117,1.940383,2.256355,1.173376,1.047112,1.952276,1.959800,1.916942,2.125920
0.628027,0.968348,0.667614,0.494737,0.660879,0.411368,0.533263,0.770268,0.044722,0.218924,1.812236,1.970348,1.805785,1.905644,1.978971,2.221339,1.329091,1.542665,2.106587,2.137572
0.168757,0.641705,0.046805,0.662806,0.778211,0.780107,0.682306,0.274285,0.233260,0.976431,2.051663,1.696115,1.808586,2.217523,1.684497,1.243989,1.698802,2.616222,1.780402,2.250272
0.942686,0.838347,0.661319,0.164942,0.368205,0.712162,0.976299,0.433072,0.931723,0.844562,2.032113,2.706454,2.600818,1.395410,2.413642,2.130237,2.884882,1.878227,1.805548,2.345522
0.908182,0.535303,0.421792,0.748584,0.272862,0.193794,0.387074,0.379907,0.286614,0.291253,1.435583,1.617451,2.018590,1.833240,1.564982,2.052511,1.436441,1.833413,1.450770,1.572859
0.717988,0.107672,0.570855,0.068118,0.920320,0.684707,0.361695,0.345945,0.477774,0.847008,1.966686,1.335940,2.200214,1.924960,1.687571,1.837666,1.608597,1.785541,2.246196,1.576496
0.189980,0.409239,0.493820,0.913558,0.297470,0.423258,0.444380,0.200649,0.506933,0.856203,1.896464,1.666221,1.459350,2.132058,1.688239,1.230240,1.704407,2.646642,1.541328,1.588387
0.630395,0.176282,0.078712,0.936743,0.995282,0.160479,0.129823,0.393899,0.993083,0.983485,2.138641,2.162495,1.557877,2.872768,1.136019,1.785551,2.009937,2.903984,2.001477,1.202035
0.813571,0.352691,0.157719,0.976486,0.012555,0.038691,0.215907,0.094322,0.133308,0.128065,1.136961,1.370462,1.700589,1.966079,1.240782,1.822467,1.179924,1.992886,1.037430,1.354188
0.437164,0.534280,0.917089,0.217833,0.728559,0.248736,0.658058,0.493653,0.764475,0.283197,1.526891,2.118702,1.439849,1.776010,2.499110,1.680858,2.197515,1.298033,2.569611,1.596150
0.584082,0.682028,0.509268,0.435301,0.508584,0.315861,0.448659,0.466944,0.652167,0.052398,1.270435,2.107350,1.657012,1.698071,1.708013,1.802119,1.853461,1.438046,1.767938,1.781796
0.976823,0.154175,0.252546,0.848526,0.169205,0.665744,0.467172,0.078904,0.520082,0.558784,1.565009,1.424660,2.619928,1.889201,1.530952,1.983049,1.738331,2.160765,1.232984,1.597390
0.370792,0.281602,0.637183,0.722137,0.216340,0.546729,0.735818,0.166995,0.094627,0.143635,1.171523,1.290557,1.684217,1.737822,2.141821,1.398680,1.636056,1.742768,1.622343,1.580516
0.900155,0.119447,0.645556,0.783520,0.769012,0.150937,0.397231,0.188648,0.905961,0.561037,1.596625,1.940211,1.961216,2.382916,1.813973,1.935743,2.063753,2.098282,2.185754,1.142229
0.827770,0.324719,0.833221,0.955654,0.064717,0.723952,0.030404,0.875777,0.696584,0.635394,2.402380,1.809949,2.409155,1.977991,1.724662,2.594755,1.697508,2.359380,1.758975,1.848826
0.373175,0.422068,0.560173,0.085558,0.460428,0.472042,0.394143,0.974183,0.707906,0.149129,2.098161,1.923198,1.611301,1.467748,1.707937,2.322207,1.863255,1.107797,1.774222,1.644891
0.167382,0.242803,0.291633,0.230222,0.794797,0.100679,0.472371,0.682612,0.175550,0.694928,2.160886,1.273620,1.128695,1.847799,1.557421,1.633340,1.398685,1.713146,1.879847,1.252939
0.260060,0.329801,0.846069,0.549953,0.998268,0.779288,0.147463,0.397608,0.438089,0.274092,1.432184,1.521723,1.846920,2.300716,1.863297,1.418152,1.459834,1.625080,2.714101,1.937092
0.370761,0.566810,0.747217,0.578642,0.556399,0.589270,0.586881,0.986904,0.123712,0.142974,2.116953,1.582115,1.726734,1.891226,2.145214,2.344740,1.468141,1.599084,2.114732,1.914049
0.562785,0.193758,0.742568,0.588949,0.946812,0.182488,0.361831,0.805374,0.110759,0.810776,2.459402,1.206025,1.499215,2.293672,1.913239,2.211412,1.241681,2.246306,2.498220,1.227059
0.696371,0.470546,0.304590,0.906259,0.221876,0.695606,0.487396,0.715777,0.585912,0.713300,2.225637,1.813839,2.180538,2.043181,1.580172,2.208708,1.823467,2.415056,1.314651,1.954414
0.371948,0.207478,0.357835,0.712244,0.794930,0.538096,0.981297,0.848517,0.131459,0.959218,2.679200,1.224760,1.676442,2.302221,2.109343,2.091930,2.094402,2.632343,1.922976,1.497025
0.132206,0.096374,0.533972,0.490072,0.135348,0.166352,0.171186,0.846762,0.261736,0.973312,2.690319,1.164880,1.183830,1.375519,1.456312,1.849213,1.291040,2.437408,1.420475,1.124047
0.709162,0.239679,0.589637,0.529790,0.580829,0.631577,0.647682,0.119508,0.107133,0.559855,1.574137,1.251156,2.134488,1.861506,1.995354,1.723444,1.526626,1.843227,1.928501,1.638569
0.423261,0.672741,0.524702,0.151171,0.063723,0.294355,0.200425,0.607169,0.931099,0.033019,1.401674,2.539687,1.473505,1.086576,1.475737,1.791915,1.971270,1.152261,1.339035,1.759386
0.807016,0.322938,0.254264,0.153560,0.606291,0.032071,0.638193,0.465896,0.839108,0.222906,1.439965,2.027039,1.683346,1.629872,1.702843,2.024075,2.246398,1.203247,1.670942,1.323966
0.115778,0.343850,0.130882,0.218334,0.526608,0.448116,0.499232,0.844152,0.151883,0.237902,1.950495,1.366919,1.461520,1.574278,1.516362,1.828370,1.401115,1.274931,1.543738,1.544658
0.724580,0.841461,0.420799,0.920890,0.931163,0.406084,0.921110,0.421229,0.279169,0.647943,1.825376,1.919397,1.931100,2.779201,2.098182,1.902013,2.127613,2.340719,2.108235,2.006365
0.245747,0.463421,0.814997,0.619145,0.061360,0.351074,0.218217,0.949125,0.297660,0.003540,1.904379,1.552023,1.411466,1.444700,1.882436,2.146586,1.345279,1.619157,1.725579,1.586674
0.743496,0.060926,0.333720,0.646038,0.905192,0.367804,0.329116,0.281594,0.647096,0.072137,1.151432,1.479660,1.920589,2.322558,1.440485,1.822791,1.755413,1.651242,2.016561,1.196206
0.976658,0.070459,0.604962,0.131986,0.512321,0.094980,0.599778,0.901860,0.107227,0.559714,2.373065,1.081956,2.048841,1.529742,1.965757,2.790009,1.466961,1.445265,1.878300,1.079480
0.409859,0.397715,0.081521,0.981897,0.390886,0.231885,0.846419,0.581840,0.635229,0.534175,1.872712,1.801231,1.399870,2.355007,1.853065,1.748396,2.351655,2.267240,1.397531,1.451486
0.986013,0.596288,0.136821,0.956084,0.612224,0.256100,0.207125,0.276941,0.836114,0.620100,1.696796,2.295374,2.228322,2.526321,1.225845,2.062709,1.879015,2.340608,1.630944,1.661875
0.329899,0.453663,0.354956,0.960897,0.004630,0.153988,0.690579,0.647858,0.154511,0.231459,1.651178,1.477537,1.262821,1.927953,1.816572,1.749618,1.631410,2.014470,1.130623,1.477376
0.093719,0.904697,0.266496,0.273289,0.610854,0.149748,0.915973,0.977057,0.013493,0.078915,2.033555,1.904879,1.158531,1.685541,1.986993,2.048359,1.852500,1.279516,1.681875,1.927122
0.128377,0.532289,0.963360,0.569246,0.273447,0.495972,0.422031,0.597240,0.037885,0.088064,1.444759,1.533725,1.512453,1.597488,2.350093,1.485072,1.215995,1.577001,2.201509,1.778278
0.193404,0.568700,0.956845,0.911355,0.702255,0.592272,0.243027,0.658648,0.782353,0.539320,1.973137,2.180777,1.629677,2.532823,2.158580,1.627221,1.841416,2.202221,2.617808,1.919487
0.958451,0.118675,0.530619,0.300040,0.430856,0.992274,0.821506,0.018459,0.875602,0.102830,1.103171,1.885354,2.910903,1.520880,2.103063,1.958792,2.550474,1.310614,1.712413,2.103283
0.347402,0.819987,0.843639,0.489711,0.863815,0.890920,0.094344,0.704423,0.385303,0.379316,1.875528,1.968445,2.011609,2.103631,1.806072,1.843615,1.394204,1.633591,2.575542,2.613726
0.063843,0.284977,0.142125,0.136614,0.815048,0.911674,0.637446,0.575609,0.681365,0.175200,1.506525,1.749236,1.915750,1.833711,1.657646,1.395168,2.087703,1.167309,1.835247,2.116127
0.086250,0.332113,0.893781,0.452652,0.439866,0.774117,0.129621,0.803569,0.069427,0.506417,2.152139,1.336933,1.781556,1.644760,1.928466,1.731973,1.086228,1.709110,2.238711,1.931370
0.260341,0.920322,0.196596,0.622936,0.020334,0.811518,0.185912,0.469342,0.648176,0.375305,1.595588,2.340455,1.879295,1.408383,1.224562,1.480623,1.682740,1.763791,1.058984,2.578883
0.150472,0.716862,0.859822,0.185509,0.620812,0.393038,0.751582,0.393507,0.472755,0.098664,1.253512,1.940359,1.415680,1.655225,2.490876,1.305320,2.037631,1.195244,2.360106,1.871340
0.179766,0.364446,0.637877,0.105511,0.572264,0.856573,0.706418,0.361525,0.594528,0.766574,1.897275,1.717909,1.888889,1.583397,2.113305,1.310467,2.093554,1.693147,1.979151,2.098163
0.273810,0.118632,0.881924,0.258318,0.117381,0.742166,0.119599,0.201567,0.335244,0.663359,1.703989,1.231020,1.817138,1.184109,1.897389,1.314439,1.349548,1.698364,1.895171,1.669442
0.746268,0.287849,0.225985,0.300177,0.955783,0.096245,0.454657,0.392871,0.220435,0.520572,1.674919,1.336440,1.653161,2.045889,1.505726,1.900615,1.427148,1.571172,2.006852,1.297112
0.439754,0.884239,0.496435,0.422505,0.125825,0.276888,0.406702,0.729653,0.212382,0.654911,2.187304,1.929345,1.470271,1.304335,1.653149,1.972147,1.377788,1.851414,1.372273,1.960906
0.124581,0.528059,0.437801,0.223794,0.918277,0.425673,0.136201,0.690541,0.914892,0.663046,2.139893,2.365086,1.441194,1.968361,1.327871,1.601428,1.933442,1.663424,2.109947,1.709257
0.239114,0.733629,0.928993,0.929853,0.836913,0.045656,0.604456,0.446789,0.761280,0.091580,1.291200,2.313177,1.102832,2.701539,2.467483,1.438734,2.126647,1.938240,2.699940,1.735714
0.368144,0.922554,0.087684,0.968289,0.172324,0.322609,0.847313,0.968562,0.358191,0.054040,1.992151,2.050855,1.458139,2.109909,1.855001,2.306255,2.076130,1.971210,1.180013,2.026630
0.788279,0.984830,0.401690,0.804162,0.565023,0.196291,0.406783,0.073727,0.549917,0.081510,1.086946,2.287238,1.817674,2.211700,1.568138,1.793714,1.715389,1.810806,1.726378,2.023360
0.908074,0.855395,0.541737,0.701309,0.357707,0.059338,0.854523,0.833706,0.015826,0.683940,2.379005,1.855645,1.883936,1.849541,2.148002,2.603139,1.746036,2.169082,1.651185,1.858915
0.371395,0.083305,0.526111,0.723501,0.554843,0.394150,0.925080,0.476336,0.084521,0.005182,1.232078,1.090448,1.532085,2.078297,2.201873,1.598292,1.940295,1.723528,1.831636,1.238659
0.043618,0.908121,0.625713,0.732879,0.218154,0.950907,0.184067,0.543303,0.831431,0.304178,1.599356,2.599398,1.952809,1.755266,1.575585,1.338796,1.865312,1.825403,1.609671,2.812344
0.107353,0.004701,0.573809,0.677942,0.926322,0.336420,0.109170,0.666999,0.647924,0.756839,2.201727,1.424507,1.347945,2.385927,1.438427,1.552241,1.659842,2.250747,2.255579,1.117880
