0.553533,0.937812,0.776026,0.219611,0.007750,0.903243,0.834092,0.337246,0.984808,0.805536,2.082424,2.621384,1.986041,1.977596,2.032956,2.153095,2.482980,0.000000,0.000000,0.000000
0.765655,0.780966,0.535409,0.299267,0.156882,0.297589,0.181716,0.584358,0.111175,0.922551,2.121637,2.011111,1.870526,1.169242,1.617379,1.672917,2.032818,0.000000,0.000000,0.000000
0.787217,0.198269,0.797832,0.667211,0.979086,0.198228,0.752309,0.706824,0.195494,0.907388,2.417543,1.946683,1.643440,2.017303,2.272793,1.746118,2.575663,0.000000,0.000000,0.000000
0.783315,0.645904,0.673649,0.918034,0.450734,0.804741,0.371626,0.603772,0.500703,0.167400,2.287231,1.815008,2.488691,1.701438,1.741878,2.251380,1.399649,0.000000,0.000000,0.000000
0.929953,0.310740,0.970262,0.034838,0.493885,0.330759,0.787636,0.070417,0.557159,0.483440,2.835075,1.592841,1.311954,1.804311,1.690787,1.179818,2.021350,0.000000,0.000000,0.000000
0.602954,0.575115,0.286109,0.887822,0.472535,0.768390,0.123087,0.853276,0.478197,0.162727,1.649662,1.753150,2.363343,1.701207,1.868427,2.443699,1.149567,0.000000,0.000000,0.000000
0.350423,0.481595,0.073000,0.450926,0.249281,0.157250,0.377475,0.883342,0.873676,0.610051,1.195796,1.634778,1.684929,2.012591,2.025829,1.908070,1.749637,0.000000,0.000000,0.000000
0.517271,0.090757,0.733024,0.663093,0.080769,0.735872,0.621008,0.144882,0.018857,0.506074,2.000593,2.047582,1.530450,1.081125,1.530532,1.686389,1.877118,0.000000,0.000000,0.000000
0.020638,0.433509,0.399475,0.437948,0.146443,0.835676,0.700292,0.742435,0.696036,0.851558,1.399901,2.549913,1.625307,1.630910,2.232843,2.440790,2.425443,0.000000,0.000000,0.000000
0.487096,0.037519,0.901520,0.441669,0.637089,0.473658,0.357358,0.295374,0.672209,0.227326,2.138782,1.451677,1.232590,2.088954,1.423079,1.519726,1.409035,0.000000,0.000000,0.000000
0.584535,0.423919,0.081787,0.724209,0.477397,0.890863,0.741147,0.820039,0.593088,0.167765,1.423468,1.961403,1.948397,1.829151,2.369337,2.613676,1.769292,0.000000,0.000000,0.000000
0.278414,0.214689,0.585168,0.387569,0.192754,0.585268,0.974890,0.481544,0.864493,0.219781,1.662683,1.562319,1.364899,1.940103,2.431954,1.824083,2.023193,0.000000,0.000000,0.000000
0.866525,0.151464,0.318650,0.780498,0.539904,0.030871,0.072348,0.281309,0.265407,0.511263,2.069517,1.512216,1.760641,1.610344,1.286543,1.282262,1.333738,0.000000,0.000000,0.000000
0.585440,0.601216,0.587904,0.062088,0.693540,0.838118,0.288745,0.557884,0.605047,0.607408,1.930644,2.309851,1.605070,2.059622,1.641258,2.260327,1.657690,0.000000,0.000000,0.000000
0.828825,0.038304,0.163658,0.555172,0.372589,0.504647,0.709408,0.139156,0.531173,0.823496,1.850609,2.078165,1.346520,1.654733,1.642416,1.393825,2.387553,0.000000,0.000000,0.000000
0.560115,0.573612,0.536112,0.727429,0.563077,0.791353,0.417708,0.285214,0.595665,0.734232,1.849841,2.360472,2.102765,1.917894,1.459694,1.911454,1.956804,0.000000,0.000000,0.000000
0.931054,0.153772,0.047371,0.861303,0.329118,0.441503,0.094228,0.551679,0.097176,0.640841,1.914232,1.835766,1.895615,1.338561,1.560558,1.746604,1.504906,0.000000,0.000000,0.000000
0.281332,0.283894,0.108331,0.701462,0.765003,0.274672,0.538544,0.887661,0.850033,0.032501,1.187479,1.107946,1.775943,2.487559,2.177691,1.963106,1.539601,0.000000,0.000000,0.000000
0.504454,0.271610,0.363432,0.841850,0.025747,0.580904,0.112212,0.157601,0.822057,0.579137,1.617906,1.916587,1.980321,1.701524,1.170193,1.495051,1.447612,0.000000,0.000000,0.000000
0.301751,0.773354,0.317035,0.979166,0.754141,0.459439,0.597823,0.518060,0.617461,0.442651,1.408089,1.653736,2.732121,2.135398,1.875453,1.729145,1.793763,0.000000,0.000000,0.000000
0.227271,0.755821,0.521288,0.196823,0.277574,0.675774,0.290869,0.772697,0.739613,0.845410,1.572940,2.302081,1.794561,1.824602,1.857301,2.229367,2.005587,0.000000,0.000000,0.000000
0.690381,0.576517,0.410814,0.158406,0.024761,0.037826,0.437603,0.260218,0.247397,0.740311,1.887440,1.741741,1.601610,1.085966,1.451715,1.261649,1.985663,0.000000,0.000000,0.000000
0.616408,0.292866,0.226835,0.672596,0.991830,0.084738,0.781319,0.951406,0.662075,0.039712,1.606794,1.046893,1.745251,2.430174,2.561865,1.958586,1.782896,0.000000,0.000000,0.000000
0.431605,0.311338,0.292754,0.433733,0.374029,0.229821,0.027932,0.985083,0.462219,0.129504,1.479037,1.182322,1.499463,1.587676,1.985863,2.037900,1.044703,0.000000,0.000000,0.000000
0.061034,0.163314,0.452108,0.037270,0.239213,0.491987,0.299380,0.268767,0.119348,0.680690,1.455833,1.922741,1.164703,1.253457,1.358395,1.510818,1.762719,0.000000,0.000000,0.000000
0.106388,0.268744,0.893207,0.764673,0.143883,0.505711,0.892465,0.317879,0.103145,0.261680,1.904525,1.517424,1.853469,1.154522,2.114373,1.573623,1.960941,0.000000,0.000000,0.000000
0.685202,0.463089,0.829521,0.027111,0.493550,0.382495,0.466912,0.492443,0.583866,0.126480,2.299022,1.272783,1.463824,1.834450,1.710450,1.638746,1.482909,0.000000,0.000000,0.000000
0.425106,0.372911,0.818961,0.992720,0.364780,0.393189,0.171057,0.505787,0.158277,0.335246,1.999676,1.489844,2.358404,1.389832,1.535047,1.660385,1.283447,0.000000,0.000000,0.000000
0.424378,0.670834,0.769401,0.356245,0.647741,0.580282,0.392836,0.280813,0.416061,0.252937,1.949498,1.589664,1.797744,1.820848,1.435133,1.617541,1.456813,0.000000,0.000000,0.000000
0.723038,0.770077,0.056153,0.146351,0.157622,0.264976,0.450539,0.773394,0.335567,0.309076,1.578937,1.379289,1.791496,1.270228,1.976380,1.843607,1.546067,0.000000,0.000000,0.000000
0.773474,0.247038,0.106794,0.521091,0.736728,0.918000,0.086252,0.623835,0.393011,0.637244,1.705056,2.479968,1.518574,1.891186,1.631274,2.466558,1.492332,0.000000,0.000000,0.000000
0.343702,0.574403,0.373807,0.119118,0.761305,0.097237,0.818210,0.807778,0.224028,0.243013,1.491938,1.252468,1.588592,1.811494,2.477245,1.817234,1.877265,0.000000,0.000000,0.000000
0.590064,0.343355,0.703603,0.609515,0.867376,0.055948,0.889694,0.189691,0.564547,0.770685,2.051779,1.773815,1.714863,2.186090,1.981246,1.192821,2.483650,0.000000,0.000000,0.000000
0.896786,0.251824,0.141001,0.699519,0.836609,0.289537,0.640338,0.036314,0.290346,0.869767,1.945226,1.953599,1.741151,1.920910,1.446347,1.120146,2.396833,0.000000,0.000000,0.000000
0.438454,0.929843,0.637179,0.290223,0.857924,0.952650,0.861771,0.214226,0.236536,0.801593,1.829421,2.709136,2.014072,1.913873,1.956875,2.121768,2.504323,0.000000,0.000000,0.000000
0.698370,0.897908,0.056056,0.189595,0.923853,0.283380,0.478406,0.319362,0.941264,0.891025,1.543777,1.971330,1.933854,2.809830,1.548235,1.399666,2.272333,0.000000,0.000000,0.000000
0.402605,0.247635,0.064743,0.956676,0.394366,0.820062,0.880822,0.637388,0.004717,0.277817,1.226835,1.950318,2.162865,1.394389,2.413235,2.309889,1.958004,0.000000,0.000000,0.000000
0.154973,0.520971,0.587605,0.639324,0.345119,0.589433,0.969411,0.187669,0.196964,0.359719,1.611622,1.707150,1.929706,1.383914,2.127427,1.535100,2.098809,0.000000,0.000000,0.000000
0.124801,0.695656,0.123811,0.005904,0.381640,0.303852,0.375267,0.089556,0.058284,0.127685,1.139387,1.220011,1.695691,1.385037,1.230382,1.181882,1.391571,0.000000,0.000000,0.000000
0.932460,0.095160,0.946068,0.663259,0.516941,0.881978,0.645116,0.305330,0.565205,0.455899,2.815550,2.233784,1.535073,1.836397,1.721505,2.083215,1.852960,0.000000,0.000000,0.000000
0.620813,0.468341,0.186542,0.241326,0.058172,0.354672,0.084584,0.710641,0.456292,0.589513,1.571950,1.715305,1.526579,1.266374,1.717796,1.836434,1.432109,0.000000,0.000000,0.000000
0.450621,0.031638,0.471713,0.936414,0.537013,0.331428,0.446824,0.040413,0.524688,0.197998,1.674772,1.307842,1.908509,1.812311,1.240064,1.150257,1.486027,0.000000,0.000000,0.000000
0.334366,0.155604,0.995054,0.873414,0.775832,0.850381,0.485282,0.557956,0.253646,0.590681,2.106855,2.313828,1.918456,1.840168,1.793455,2.281104,1.834186,0.000000,0.000000,0.000000
0.202638,0.228558,0.543835,0.600562,0.730432,0.333115,0.442789,0.866881,0.743897,0.344189,1.584897,1.455154,1.589232,2.283815,2.062943,1.977846,1.561255,0.000000,0.000000,0.000000
0.013661,0.593637,0.428856,0.115329,0.347293,0.920217,0.578685,0.003159,0.587804,0.232553,1.429043,2.079353,1.606937,1.692807,1.338035,1.849959,1.632766,0.000000,0.000000,0.000000
0.381918,0.967894,0.611298,0.622959,0.209963,0.021873,0.348707,0.961222,0.872690,0.096635,1.757159,1.097113,2.355972,1.971551,2.082819,1.961700,1.358046,0.000000,0.000000,0.000000
0.388847,0.383227,0.773456,0.743159,0.019330,0.270950,0.687441,0.148474,0.572541,0.757484,1.924658,1.830898,1.935512,1.347133,1.621050,1.221888,2.261223,0.000000,0.000000,0.000000
0.144428,0.704260,0.989906,0.353659,0.753611,0.281282,0.118212,0.314494,0.945052,0.660935,2.010766,1.740055,1.829335,2.646734,1.328468,1.393613,1.555047,0.000000,0.000000,0.000000
0.446514,0.411481,0.851970,0.144750,0.812412,0.853206,0.587306,0.520761,0.222121,0.738410,2.051345,2.466370,1.432433,1.861749,1.865689,2.248721,2.132556,0.000000,0.000000,0.000000
0.833917,0.369461,0.080214,0.475074,0.779120,0.170402,0.186296,0.825104,0.869307,0.062671,1.775631,1.091708,1.595157,2.534815,1.859810,1.854141,1.190223,0.000000,0.000000,0.000000
0.063215,0.362819,0.100918,0.616553,0.998554,0.087028,0.675988,0.032592,0.961537,0.598264,1.104914,1.605838,1.742957,2.923108,1.489552,1.040166,2.033908,0.000000,0.000000,0.000000
0.627358,0.230596,0.174188,0.369136,0.932100,0.777166,0.534218,0.262371,0.442580,0.536583,1.567766,2.140571,1.366857,2.127977,1.547760,1.866358,1.822140,0.000000,0.000000,0.000000
0.454211,0.182223,0.220627,0.528820,0.545705,0.483840,0.926454,0.965563,0.261886,0.832356,1.426934,2.066457,1.461873,1.614289,2.823880,2.199664,2.619270,0.000000,0.000000,0.000000
0.588103,0.606546,0.788563,0.909332,0.223614,0.917650,0.625794,0.503973,0.696295,0.875095,2.134428,2.717177,2.433431,1.708441,1.895591,2.346055,2.391585,0.000000,0.000000,0.000000
0.388227,0.399022,0.106710,0.812205,0.982375,0.624184,0.764337,0.393969,0.678073,0.684462,1.257431,2.074068,2.058699,2.442158,1.978180,1.783575,2.232825,0.000000,0.000000,0.000000
0.188742,0.783231,0.608316,0.831065,0.887883,0.599613,0.096227,0.189648,0.446351,0.884103,1.643940,2.243639,2.473900,2.087112,1.198908,1.549184,1.877866,0.000000,0.000000,0.000000
0.679881,0.924570,0.806409,0.028751,0.741969,0.957726,0.159491,0.416447,0.867893,0.939255,2.268647,2.856495,1.925397,2.495208,1.441884,2.333687,2.041691,0.000000,0.000000,0.000000
0.486634,0.400994,0.391310,0.988080,0.452192,0.024419,0.571760,0.296714,0.345294,0.201582,1.628122,1.202179,2.377296,1.571420,1.623624,1.297311,1.612396,0.000000,0.000000,0.000000
0.824600,0.568746,0.304858,0.242846,0.559230,0.164942,0.486413,0.968379,0.350272,0.090855,1.984824,1.118060,1.627720,1.681920,2.204977,1.995585,1.494668,0.000000,0.000000,0.000000
0.243590,0.434711,0.501749,0.773903,0.605406,0.517108,0.296620,0.218368,0.022326,0.759039,1.561085,2.026440,2.033637,1.605904,1.306352,1.485769,1.872761,0.000000,0.000000,0.000000
0.572720,0.439195,0.547612,0.482258,0.287329,0.657958,0.275427,0.588148,0.152417,0.807692,1.875620,2.240600,1.671767,1.310560,1.664008,2.021056,1.927793,0.000000,0.000000,0.000000
0.439554,0.764925,0.045318,0.567954,0.741305,0.426588,0.361452,0.493898,0.093725,0.467841,1.238526,1.649819,2.087496,1.750090,1.624545,1.675875,1.580328,0.000000,0.000000,0.000000
0.371471,0.204790,0.192396,0.934991,0.941593,0.477559,0.625576,0.241354,0.620140,0.932671,1.330387,2.160734,2.078997,2.326166,1.632699,1.469417,2.495451,0.000000,0.000000,0.000000
0.694814,0.832251,0.108607,0.914849,0.742085,0.145121,0.465512,0.261791,0.253571,0.451871,1.591374,1.472931,2.669200,1.806383,1.478492,1.282851,1.669699,0.000000,0.000000,0.000000
0.061291,0.008934,0.718477,0.641723,0.366346,0.467734,0.780542,0.635398,0.887326,0.256557,1.722234,1.475331,1.420742,2.153694,2.244643,1.854173,1.846363,0.000000,0.000000,0.000000
0.090622,0.739202,0.124089,0.188510,0.252327,0.962880,0.559399,0.977130,0.335313,0.304623,1.132301,2.231761,1.774738,1.364762,2.290058,2.904268,1.652195,0.000000,0.000000,0.000000
0.608258,0.301692,0.206989,0.802982,0.596783,0.028686,0.834612,0.249506,0.437910,0.297109,1.576966,1.297931,1.946472,1.788548,1.946083,1.250328,1.922886,0.000000,0.000000,0.000000
0.050001,0.415528,0.017064,0.881884,0.986299,0.514470,0.399144,0.316695,0.569910,0.155877,1.019564,1.420556,2.193248,2.311096,1.476011,1.581374,1.423442,0.000000,0.000000,0.000000
0.117106,0.818717,0.547612,0.859612,0.718354,0.951052,0.906339,0.311651,0.361126,0.403573,1.561326,2.308073,2.557650,1.848766,2.133101,2.216151,2.069210,0.000000,0.000000,0.000000
0.283301,0.904617,0.969242,0.284166,0.165890,0.070441,0.734588,0.715675,0.541716,0.576030,2.049501,1.580992,1.985367,1.459346,2.255295,1.720637,2.066399,0.000000,0.000000,0.000000
0.174741,0.013877,0.760596,0.299959,0.369174,0.491881,0.515119,0.885181,0.911486,0.315735,1.791130,1.557682,1.103853,2.199979,2.150528,2.127128,1.614807,0.000000,0.000000,0.000000
0.809214,0.702026,0.720719,0.244573,0.126405,0.751337,0.600055,0.974858,0.359038,0.134446,2.375546,1.698952,1.761842,1.255314,2.334924,2.539365,1.618131,0.000000,0.000000,0.000000
0.986224,0.891165,0.892457,0.094118,0.108396,0.786248,0.346768,0.435553,0.777893,0.421504,2.865096,2.039689,1.900023,1.713513,1.555801,2.053738,1.524434,0.000000,0.000000,0.000000
0.778328,0.884745,0.110079,0.896264,0.034780,0.220060,0.477902,0.100001,0.501437,0.237359,1.715873,1.285785,2.688034,1.286219,1.328391,1.148427,1.534241,0.000000,0.000000,0.000000
0.573121,0.413516,0.382402,0.871203,0.610005,0.685028,0.638678,0.338909,0.281786,0.396643,1.710869,1.865907,2.172511,1.689409,1.746818,1.808173,1.796003,0.000000,0.000000,0.000000
0.958145,0.884501,0.444481,0.803765,0.586108,0.697311,0.716068,0.602097,0.000821,0.243908,2.362522,1.730150,2.530539,1.586109,2.114850,2.088339,1.775559,0.000000,0.000000,0.000000
0.112390,0.539853,0.885106,0.898418,0.425110,0.845722,0.228446,0.795277,0.650128,0.147945,1.897738,1.863190,2.347009,1.847776,1.847464,2.510522,1.250333,0.000000,0.000000,0.000000
0.346094,0.117923,0.288189,0.413372,0.923458,0.419906,0.370140,0.236338,0.773362,0.515407,1.407970,1.691728,1.288799,2.521548,1.373341,1.412658,1.635784,0.000000,0.000000,0.000000
0.704801,0.751215,0.281675,0.914837,0.289726,0.061947,0.913164,0.010217,0.474206,0.419779,1.778419,1.423617,2.588142,1.514597,1.844085,1.014055,2.089378,0.000000,0.000000,0.000000
0.955835,0.205809,0.939214,0.266273,0.638356,0.470425,0.052643,0.831247,0.141352,0.558554,2.852835,1.779853,1.276710,1.658336,1.834019,2.052547,1.364625,0.000000,0.000000,0.000000
0.188370,0.835549,0.500551,0.996285,0.869385,0.115334,0.275794,0.868776,0.966153,0.344732,1.536035,1.358034,2.828133,2.802837,1.944838,1.882078,1.394634,0.000000,0.000000,0.000000
0.116053,0.750391,0.484275,0.864897,0.820394,0.904653,0.392369,0.097980,0.577639,0.410660,1.497743,2.229057,2.498437,2.154061,1.251933,1.916377,1.561010,0.000000,0.000000,0.000000
0.145337,0.006575,0.974320,0.701388,0.164888,0.199474,0.526445,0.719791,0.849832,0.231864,1.995442,1.271654,1.498519,1.887103,1.996936,1.759581,1.580206,0.000000,0.000000,0.000000
0.220679,0.407595,0.837369,0.716143,0.126306,0.741850,0.300561,0.479292,0.017026,0.425351,1.886068,1.975693,1.920457,1.126596,1.569629,2.029634,1.481484,0.000000,0.000000,0.000000
0.940549,0.405442,0.013917,0.512156,0.737064,0.008385,0.076418,0.005335,0.232686,0.390801,1.898550,1.390871,1.667746,1.791207,1.011175,1.005405,1.229144,0.000000,0.000000,0.000000
0.394810,0.831410,0.824060,0.046108,0.438777,0.493216,0.963044,0.508198,0.954434,0.417592,1.979934,1.660854,1.833536,2.349721,2.435653,1.751460,2.137427,0.000000,0.000000,0.000000
0.512654,0.655098,0.509064,0.973973,0.812902,0.804786,0.970635,0.203121,0.914237,0.449863,1.771879,2.097543,2.603721,2.648732,2.145254,1.850801,2.173012,0.000000,0.000000,0.000000
0.756368,0.819601,0.308892,0.367916,0.933104,0.638584,0.672737,0.488678,0.329187,0.610151,1.880984,2.017941,1.954963,2.041468,1.941252,1.896467,2.045021,0.000000,0.000000,0.000000
0.274492,0.632300,0.463137,0.753293,0.548312,0.332368,0.824907,0.954512,0.168166,0.484669,1.538483,1.595137,2.199750,1.576591,2.634983,2.064980,2.059811,0.000000,0.000000,0.000000
0.843862,0.940682,0.650129,0.238833,0.441145,0.157907,0.209513,0.781027,0.878051,0.032021,2.362231,1.056955,1.997723,2.212119,1.824923,1.805962,1.210539,0.000000,0.000000,0.000000
0.042397,0.256731,0.224203,0.741745,0.027932,0.220063,0.592885,0.451473,0.561743,0.193799,1.226000,1.242227,1.806916,1.343487,1.802986,1.499901,1.630443,0.000000,0.000000,0.000000
0.814850,0.511979,0.088800,0.839918,0.117877,0.344643,0.830702,0.852802,0.822196,0.194849,1.752781,1.313628,2.217441,1.793883,2.542869,1.971581,1.868669,0.000000,0.000000,0.000000
0.742001,0.908043,0.459585,0.179799,0.655457,0.970402,0.840647,0.098324,0.838139,0.909421,2.010151,2.851101,1.940371,2.357935,1.805011,2.040004,2.667693,0.000000,0.000000,0.000000
0.651738,0.511727,0.382528,0.577957,0.083418,0.589468,0.410732,0.963635,0.151233,0.986344,1.807290,2.333817,1.845760,1.106289,2.132336,2.311108,2.383606,0.000000,0.000000,0.000000
0.000186,0.453192,0.571473,0.625076,0.163870,0.622453,0.919326,0.427103,0.635284,0.603333,1.571473,1.990781,1.843912,1.567457,2.272264,1.814550,2.283337,0.000000,0.000000,0.000000
0.904130,0.626171,0.365842,0.614652,0.811079,0.714730,0.618602,0.157694,0.828046,0.434053,2.183292,1.944892,2.003968,2.496739,1.540362,1.668533,1.807004,0.000000,0.000000,0.000000
0.940406,0.584452,0.567874,0.246596,0.308685,0.252935,0.570789,0.169924,0.541091,0.448404,2.452238,1.512380,1.645262,1.601464,1.495724,1.233900,1.771855,0.000000,0.000000,0.000000
0.768164,0.966032,0.738702,0.159668,0.007113,0.270295,0.724359,0.738401,0.085464,0.419985,2.328778,1.493044,1.991526,1.014417,2.263097,1.811460,1.900746,0.000000,0.000000,0.000000
0.112904,0.043152,0.836779,0.317395,0.620089,0.739001,0.385671,0.084226,0.231900,0.857872,1.849526,2.403994,1.143891,1.673867,1.232968,1.630348,2.121615,0.000000,0.000000,0.000000
0.669380,0.134512,0.722826,0.521241,0.962075,0.016834,0.507067,0.864616,0.947758,0.693477,2.170896,1.693760,1.406204,2.860320,2.121733,1.864899,1.987977,0.000000,0.000000,0.000000
0.791107,0.577759,0.798621,0.568739,0.443865,0.621656,0.553438,0.135020,0.666835,0.558696,2.424472,1.945151,1.901223,1.888534,1.441313,1.521476,1.865579,0.000000,0.000000,0.000000
0.312610,0.939452,0.211381,0.535579,0.334461,0.179187,0.049903,0.222706,0.709339,0.530350,1.309106,1.562458,2.226297,1.837623,1.225196,1.254814,1.331174,0.000000,0.000000,0.000000
0.024913,0.650883,0.910412,0.241694,0.069226,0.711278,0.790621,0.782367,0.790313,0.323449,1.911033,1.829366,1.709299,1.693820,2.407448,2.288283,1.895241,0.000000,0.000000,0.000000
0.495857,0.879837,0.468060,0.073956,0.755624,0.903489,0.241623,0.664989,0.337742,0.090663,1.713934,1.906955,1.885307,1.869694,1.723371,2.481282,1.249842,0.000000,0.000000,0.000000
0.834234,0.939949,0.849098,0.903743,0.724647,0.406284,0.757174,0.649183,0.412890,0.516769,2.545044,1.681836,2.756701,1.895125,2.222495,1.814249,2.024224,0.000000,0.000000,0.000000
0.851401,0.302558,0.993824,0.453063,0.837089,0.731512,0.109295,0.449678,0.666455,0.433023,2.718707,1.968133,1.507824,2.281251,1.461624,1.984788,1.296803,0.000000,0.000000,0.000000
0.336909,0.600963,0.908815,0.487156,0.411569,0.471609,0.214189,0.636876,0.719749,0.637995,2.022322,1.860410,1.838284,1.929607,1.682753,1.859291,1.621226,0.000000,0.000000,0.000000
0.990878,0.287972,0.249716,0.407988,0.519754,0.181454,0.724558,0.188064,0.246722,0.462674,2.231555,1.495599,1.454426,1.580625,1.713048,1.220989,1.938625,0.000000,0.000000,0.000000
0.330765,0.583784,0.904645,0.886674,0.443442,0.815328,0.767178,0.041699,0.033435,0.041491,2.014050,1.706251,2.369974,1.444560,1.630262,1.706459,1.768900,0.000000,0.000000,0.000000
0.221895,0.962183,0.320566,0.319752,0.208058,0.969233,0.396007,0.146489,0.492366,0.779959,1.369803,2.719371,2.064424,1.450482,1.303311,2.085902,2.004343,0.000000,0.000000,0.000000
0.488392,0.868397,0.560871,0.998208,0.483091,0.648144,0.519326,0.076280,0.356571,0.155084,1.799398,1.575174,2.864817,1.610234,1.345980,1.496370,1.543378,0.000000,0.000000,0.000000
0.427938,0.301402,0.853380,0.455255,0.666561,0.488927,0.096853,0.871122,0.433963,0.416652,2.036512,1.655702,1.508659,1.854885,1.880503,2.110172,1.270452,0.000000,0.000000,0.000000
0.662297,0.540311,0.937904,0.455610,0.335910,0.369514,0.014280,0.300293,0.717666,0.385425,2.376542,1.521966,1.747892,1.850954,1.300497,1.436834,1.162833,0.000000,0.000000,0.000000
0.989438,0.364831,0.998876,0.808147,0.916867,0.730771,0.365427,0.688004,0.713189,0.438907,2.977863,1.972933,2.017933,2.425506,1.821542,2.222031,1.558066,0.000000,0.000000,0.000000
0.156507,0.120564,0.956246,0.886608,0.197218,0.002631,0.724474,0.662988,0.111963,0.847289,1.980741,1.847296,1.906638,1.209754,2.187850,1.662995,2.442372,0.000000,0.000000,0.000000
0.383035,0.747404,0.142958,0.375888,0.410166,0.442871,0.251470,0.047742,0.546063,0.281314,1.289674,1.477449,1.888696,1.708351,1.110979,1.243876,1.330608,0.000000,0.000000,0.000000
0.566206,0.289819,0.765537,0.587040,0.833990,0.353545,0.111391,0.323499,0.316518,0.057465,2.086126,1.182459,1.634435,1.934173,1.335907,1.448493,1.114693,0.000000,0.000000,0.000000
0.669654,0.160681,0.495678,0.913802,0.518601,0.022124,0.758932,0.464034,0.603355,0.051441,1.944114,1.051931,1.995715,1.882638,2.040012,1.464523,1.761578,0.000000,0.000000,0.000000
0.756793,0.434983,0.632568,0.922016,0.445770,0.690742,0.607684,0.537023,0.688115,0.859463,2.205303,2.336587,2.285097,1.919272,1.906303,2.014148,2.346360,0.000000,0.000000,0.000000
0.692018,0.727284,0.533714,0.870525,0.037398,0.245007,0.438956,0.422561,0.894123,0.892768,2.012603,1.952797,2.485097,1.836853,1.615243,1.482589,2.235991,0.000000,0.000000,0.000000
0.798487,0.199134,0.835137,0.903089,0.589166,0.982744,0.216402,0.671415,0.084172,0.776856,2.472718,2.742642,2.014704,1.596251,1.718245,2.637200,1.819907,0.000000,0.000000,0.000000
0.797494,0.177019,0.411671,0.258455,0.740870,0.461559,0.500082,0.084558,0.302123,0.794948,2.047668,2.007985,1.243818,1.832148,1.334640,1.297595,2.132024,0.000000,0.000000,0.000000
0.923262,0.696465,0.189654,0.522176,0.524856,0.896554,0.580889,0.466232,0.914680,0.771617,2.042068,2.575426,1.969133,2.361495,1.803665,2.270042,2.176282,0.000000,0.000000,0.000000
0.041240,0.030633,0.418462,0.412014,0.682832,0.959225,0.036195,0.657236,0.797148,0.416150,1.420162,2.336263,1.200389,2.318277,1.658546,2.577349,1.209375,0.000000,0.000000,0.000000
0.009576,0.080555,0.927423,0.200548,0.527843,0.308976,0.110887,0.558259,0.227263,0.991705,1.927514,2.087171,1.120775,1.579492,1.570555,1.653725,2.094367,0.000000,0.000000,0.000000
0.766511,0.542594,0.863685,0.025509,0.004201,0.383491,0.831456,0.201959,0.713087,0.582262,2.451224,1.729327,1.543245,1.512693,1.893278,1.349024,2.170484,0.000000,0.000000,0.000000
0.003631,0.741330,0.046887,0.690620,0.561519,0.594707,0.443883,0.186742,0.099656,0.494540,1.046901,1.848216,2.218286,1.571450,1.383774,1.540418,1.688452,0.000000,0.000000,0.000000
0.515757,0.896661,0.511702,0.199112,0.530454,0.285938,0.448634,0.721994,0.548844,0.918522,1.777707,2.000283,1.936307,1.831684,1.923267,1.803755,2.292317,0.000000,0.000000,0.000000
0.302088,0.331139,0.924478,0.774135,0.943608,0.984110,0.316129,0.239430,0.501202,0.972802,2.015735,2.941275,1.930424,2.194811,1.339367,2.207902,2.262473,0.000000,0.000000,0.000000
0.037608,0.846398,0.051739,0.594403,0.945126,0.575461,0.415881,0.662986,0.095567,0.292411,1.053153,1.623567,2.199712,1.954259,1.835943,1.994142,1.501386,0.000000,0.000000,0.000000
0.112143,0.905276,0.573522,0.959146,0.041953,0.280246,0.868810,0.546508,0.522674,0.742545,1.586098,1.821083,2.825238,1.315141,2.301339,1.625046,2.420183,0.000000,0.000000,0.000000
0.103030,0.028383,0.736323,0.299589,0.483180,0.075911,0.239256,0.652456,0.868205,0.432609,1.746938,1.438371,1.118137,2.236960,1.709700,1.658219,1.426407,0.000000,0.000000,0.000000
0.913865,0.794697,0.898137,0.903583,0.053677,0.295910,0.484348,0.488949,0.201703,0.714924,2.733286,1.802486,2.611159,1.094361,1.723543,1.576512,1.995464,0.000000,0.000000,0.000000
0.504494,0.313165,0.744881,0.661299,0.131221,0.014224,0.910110,0.908179,0.466599,0.749344,1.999395,1.749546,1.750482,1.348936,2.736479,1.908382,2.471626,0.000000,0.000000,0.000000
0.121656,0.283432,0.728835,0.439104,0.336993,0.976739,0.579888,0.465731,0.479326,0.249691,1.743635,2.203710,1.476244,1.566746,1.802001,2.419750,1.642234,0.000000,0.000000,0.000000
0.328943,0.354981,0.336751,0.182057,0.953782,0.079973,0.150818,0.581051,0.743901,0.186235,1.444954,1.192631,1.388126,2.507172,1.603798,1.587447,1.185502,0.000000,0.000000,0.000000
0.278087,0.667416,0.466302,0.353259,0.773866,0.930151,0.178809,0.389832,0.618679,0.816259,1.543634,2.681439,1.792208,2.156630,1.421805,2.255013,1.845087,0.000000,0.000000,0.000000
0.319583,0.697569,0.743692,0.366252,0.444691,0.446962,0.344817,0.992660,0.557343,0.567480,1.845825,1.767255,1.831710,1.755322,2.111559,2.192435,1.666850,0.000000,0.000000,0.000000
0.515897,0.181740,0.665020,0.814515,0.884457,0.836007,0.911894,0.787102,0.650114,0.212087,1.931169,1.910994,1.845175,2.307106,2.618654,2.486009,1.956875,0.000000,0.000000,0.000000
0.364235,0.211805,0.698779,0.534346,0.053868,0.695387,0.556249,0.955107,0.847006,0.499180,1.831446,1.982743,1.497330,1.771287,2.264519,2.438669,1.805430,0.000000,0.000000,0.000000
0.306059,0.011908,0.751090,0.795950,0.077695,0.563036,0.552728,0.600173,0.443435,0.837359,1.844762,2.154369,1.645443,1.274330,1.905682,1.917183,2.253899,0.000000,0.000000,0.000000
0.919540,0.055077,0.213450,0.501306,0.628257,0.049914,0.200543,0.510502,0.664017,0.577968,2.059004,1.580459,1.306385,2.069175,1.550720,1.512994,1.534589,0.000000,0.000000,0.000000
0.272156,0.754729,0.494537,0.546266,0.435227,0.270646,0.252871,0.034722,0.115942,0.430529,1.568605,1.503779,2.053135,1.448670,1.098665,1.107971,1.438227,0.000000,0.000000,0.000000
0.164191,0.241070,0.716447,0.010753,0.355695,0.834793,0.334615,0.900640,0.998660,0.214467,1.743406,1.911345,1.241185,2.353017,2.012607,2.597518,1.380611,0.000000,0.000000,0.000000
0.448961,0.549457,0.128398,0.897902,0.894746,0.187888,0.046364,0.460778,0.990245,0.298811,1.329964,1.334113,2.355684,2.875330,1.462928,1.496080,1.135652,0.000000,0.000000,0.000000
0.473343,0.134277,0.879823,0.172764,0.188039,0.269359,0.953078,0.369543,0.004038,0.281810,2.103876,1.354364,1.164124,1.188055,2.277900,1.442097,2.032495,0.000000,0.000000,0.000000
0.901227,0.228685,0.935589,0.597001,0.416012,0.397617,0.257308,0.986643,0.161357,0.701535,2.747799,1.859634,1.585096,1.442048,2.052850,2.144742,1.749460,0.000000,0.000000,0.000000
0.220768,0.580820,0.871327,0.187646,0.393047,0.049959,0.824510,0.860118,0.392293,0.328054,1.920066,1.330550,1.616031,1.546941,2.539935,1.862614,1.932130,0.000000,0.000000,0.000000
0.296761,0.305102,0.146868,0.881330,0.869458,0.441123,0.890043,0.342460,0.873569,0.679937,1.234935,1.874527,2.081844,2.632582,2.134636,1.537050,2.352357,0.000000,0.000000,0.000000
0.485572,0.809584,0.578982,0.863258,0.315205,0.213203,0.129608,0.197173,0.552308,0.595690,1.814762,1.641145,2.554798,1.620249,1.213971,1.242628,1.484455,0.000000,0.000000,0.000000
0.235741,0.622554,0.058973,0.487041,0.847305,0.519662,0.212285,0.136310,0.555157,0.423382,1.114547,1.693430,1.859762,2.155504,1.181375,1.406358,1.391537,0.000000,0.000000,0.000000
0.004665,0.438066,0.841016,0.732887,0.014185,0.041574,0.325210,0.454808,0.159588,0.166104,1.841038,1.167833,1.975189,1.039654,1.560570,1.456537,1.352801,0.000000,0.000000,0.000000
0.781198,0.583247,0.709843,0.484730,0.745097,0.772726,0.714831,0.462985,0.880779,0.067322,2.320114,1.664428,1.818210,2.520868,1.973968,2.060091,1.719363,0.000000,0.000000,0.000000
0.297857,0.102859,0.660538,0.806165,0.301763,0.384879,0.953313,0.949575,0.501519,0.941956,1.749256,2.090087,1.752761,1.553284,2.858380,2.097707,2.840593,0.000000,0.000000,0.000000
0.983354,0.304935,0.909831,0.486847,0.455459,0.540916,0.986466,0.122214,0.543050,0.360677,2.876816,1.653267,1.541955,1.750362,2.095329,1.414804,2.116553,0.000000,0.000000,0.000000
0.283358,0.231751,0.471150,0.663123,0.721360,0.967201,0.981313,0.147584,0.116975,0.691396,1.551442,2.626874,1.671484,1.735043,2.110559,2.083062,2.459341,0.000000,0.000000,0.000000
0.754131,0.842901,0.526661,0.190992,0.725245,0.054773,0.380130,0.546828,0.336365,0.181826,2.095376,1.184826,1.879379,1.838386,1.691327,1.549828,1.413191,0.000000,0.000000,0.000000
0.557275,0.914566,0.754873,0.197978,0.283165,0.205306,0.343675,0.357475,0.581132,0.254286,2.065428,1.296437,1.953761,1.620879,1.475588,1.399625,1.408337,0.000000,0.000000,0.000000
0.744297,0.071946,0.335599,0.381860,0.493722,0.651468,0.859627,0.282830,0.613656,0.972319,1.889578,2.396729,1.217763,1.870295,2.021789,1.707240,2.805032,0.000000,0.000000,0.000000
0.881581,0.967575,0.675913,0.380237,0.807267,0.172248,0.242152,0.998582,0.940406,0.599418,2.453098,1.629087,2.112155,2.691631,2.057219,2.028251,1.601453,0.000000,0.000000,0.000000
0.817488,0.222380,0.754275,0.981004,0.150028,0.346751,0.469716,0.838277,0.999914,0.317693,2.422561,1.437930,2.184749,2.149857,2.058910,1.958514,1.570645,0.000000,0.000000,0.000000
0.766609,0.221376,0.600014,0.882252,0.933244,0.091291,0.391328,0.208441,0.569205,0.434560,2.187703,1.442894,1.999744,2.257238,1.361579,1.216775,1.580170,0.000000,0.000000,0.000000
0.343135,0.818014,0.891003,0.093183,0.621426,0.751208,0.906393,0.732586,0.728438,0.212641,2.008744,1.776955,1.826697,2.152047,2.554135,2.296901,1.951609,0.000000,0.000000,0.000000
0.958103,0.646909,0.962130,0.719578,0.475089,0.790684,0.823540,0.845447,0.829567,0.664506,2.880091,2.289687,2.164702,2.163271,2.523666,2.470628,2.265109,0.000000,0.000000,0.000000
0.512910,0.359189,0.247627,0.467685,0.017684,0.634259,0.146084,0.670737,0.906622,0.369559,1.510704,1.771844,1.577918,1.839648,1.692078,2.073022,1.282658,0.000000,0.000000,0.000000
0.165294,0.727616,0.459576,0.642147,0.342388,0.968355,0.553645,0.158853,0.346284,0.487855,1.486898,2.425566,2.139968,1.462301,1.465376,2.096564,1.791648,0.000000,0.000000,0.000000
0.551418,0.340764,0.339752,0.657622,0.910943,0.131685,0.183833,0.675428,0.646155,0.802967,1.643813,1.820308,1.773230,2.328459,1.709223,1.692769,1.828590,0.000000,0.000000,0.000000
0.921732,0.666220,0.402107,0.185861,0.968246,0.544390,0.729200,0.463641,0.159442,0.440691,2.251696,1.737052,1.700764,1.993668,1.995374,1.760001,1.923409,0.000000,0.000000,0.000000
0.377310,0.269378,0.584078,0.276244,0.689988,0.691171,0.806905,0.887347,0.697268,0.154333,1.726441,1.632050,1.345689,2.176170,2.538443,2.365064,1.830723,0.000000,0.000000,0.000000
0.137988,0.197208,0.003683,0.192005,0.067425,0.777554,0.662092,0.116716,0.852525,0.164335,1.022724,1.768925,1.234073,1.794223,1.555083,1.721307,1.689098,0.000000,0.000000,0.000000
0.494250,0.892244,0.020113,0.763437,0.892790,0.573682,0.176099,0.711742,0.353290,0.857063,1.264396,2.186174,2.475080,2.017604,1.742753,2.040853,1.910655,0.000000,0.000000,0.000000
0.816881,0.631914,0.451865,0.591462,0.964347,0.874545,0.898667,0.678471,0.305153,0.793900,2.119160,2.558730,1.981741,2.057466,2.486073,2.443300,2.528945,0.000000,0.000000,0.000000
0.865863,0.324328,0.033892,0.043053,0.752385,0.660706,0.784242,0.901300,0.298503,0.259410,1.783610,1.695942,1.326181,1.841489,2.516335,2.337832,1.851535,0.000000,0.000000,0.000000
0.774301,0.447645,0.112951,0.178680,0.078294,0.683550,0.637340,0.220697,0.720351,0.380550,1.712493,1.847791,1.479572,1.597199,1.626900,1.687938,1.782159,0.000000,0.000000,0.000000
0.599050,0.954084,0.318873,0.488383,0.363644,0.983504,0.139742,0.286368,0.805435,0.388533,1.677735,2.355813,2.192601,2.012369,1.305896,2.253649,1.290700,0.000000,0.000000,0.000000
0.466951,0.205543,0.115041,0.565546,0.265225,0.340859,0.174849,0.579149,0.581328,0.553144,1.333085,1.669329,1.525385,1.603167,1.609721,1.695334,1.480817,0.000000,0.000000,0.000000
0.473140,0.078833,0.643525,0.122163,0.700109,0.455075,0.948156,0.919014,0.097465,0.062646,1.867386,1.269739,1.093757,1.709608,2.818015,2.126107,1.952081,0.000000,0.000000,0.000000
0.028944,0.647265,0.367663,0.530841,0.438539,0.839530,0.658790,0.143086,0.767964,0.567444,1.368500,2.272255,1.929057,2.028308,1.577090,1.847897,1.980782,0.000000,0.000000,0.000000
0.223854,0.294057,0.538298,0.400434,0.761258,0.226548,0.952542,0.964979,0.935405,0.310145,1.588409,1.361469,1.454404,2.636241,2.872315,2.016303,2.048732,0.000000,0.000000,0.000000
0.974477,0.861454,0.891875,0.529375,0.649326,0.738728,0.440660,0.712694,0.910790,0.847844,2.841481,2.393563,2.141691,2.478864,1.906875,2.258413,2.159500,0.000000,0.000000,0.000000
0.402601,0.501211,0.164450,0.818248,0.363544,0.750751,0.124911,0.149011,0.796047,0.288068,1.326538,1.851695,2.170742,1.997235,1.164613,1.712638,1.207894,0.000000,0.000000,0.000000
0.030313,0.639708,0.462453,0.883710,0.940437,0.558861,0.898324,0.067415,0.518644,0.268670,1.463372,1.580995,2.420651,2.209428,1.874401,1.379740,1.970508,0.000000,0.000000,0.000000
0.846560,0.887932,0.538643,0.741595,0.774041,0.900758,0.090796,0.048698,0.170738,0.776610,2.255308,2.587974,2.437895,1.803192,1.056942,1.860062,1.693919,0.000000,0.000000,0.000000
0.707224,0.322016,0.028168,0.649442,0.084582,0.961807,0.023731,0.458422,0.041412,0.793905,1.528334,2.718978,1.743791,1.086297,1.458985,2.383495,1.654016,0.000000,0.000000,0.000000
0.922432,0.669678,0.405528,0.642469,0.788428,0.922259,0.687674,0.511065,0.037695,0.422955,2.256408,2.273517,2.082444,1.789849,1.983960,2.361626,1.866565,0.000000,0.000000,0.000000
0.261304,0.268938,0.176627,0.284413,0.123757,0.237489,0.920622,0.012521,0.283078,0.089402,1.244907,1.145803,1.349829,1.203891,1.860065,1.068922,1.928615,0.000000,0.000000,0.000000
0.791648,0.867976,0.058591,0.974274,0.491784,0.145111,0.551930,0.385862,0.348576,0.233958,1.685297,1.255015,2.817185,1.613289,1.690489,1.406919,1.606666,0.000000,0.000000,0.000000
0.951607,0.568344,0.508817,0.756391,0.426515,0.809901,0.190153,0.972428,0.455177,0.738243,2.414374,2.394183,2.140472,1.633701,2.008586,2.628367,1.735156,0.000000,0.000000,0.000000
0.087755,0.349225,0.808949,0.232791,0.908535,0.211798,0.083725,0.219443,0.783430,0.203677,1.816650,1.248535,1.403417,2.522297,1.226453,1.264301,1.125209,0.000000,0.000000,0.000000
0.708893,0.571969,0.382337,0.677736,0.373449,0.459125,0.120431,0.215902,0.450672,0.977375,1.884866,2.188171,2.031296,1.576554,1.230405,1.426697,2.075693,0.000000,0.000000,0.000000
0.027286,0.013973,0.487344,0.486876,0.386995,0.607494,0.142371,0.245519,0.307519,0.506470,1.488088,1.875519,1.251022,1.481563,1.265789,1.614568,1.398883,0.000000,0.000000,0.000000
0.601999,0.866500,0.830192,0.156689,0.598917,0.526581,0.314522,0.504036,0.246199,0.630934,2.192594,1.908222,1.891051,1.659531,1.602959,1.781323,1.712599,0.000000,0.000000,0.000000
0.802251,0.263355,0.192915,0.777996,0.487572,0.654951,0.248722,0.397861,0.800587,0.339015,1.836522,1.767976,1.868632,2.128512,1.459724,1.826822,1.363653,0.000000,0.000000,0.000000
0.628360,0.064023,0.110706,0.203218,0.502224,0.471345,0.518052,0.695500,0.368070,0.010568,1.505541,1.232734,1.105321,1.637699,1.963877,1.917666,1.518164,0.000000,0.000000,0.000000
0.078944,0.168048,0.366186,0.261508,0.989583,0.931787,0.957883,0.956792,0.086080,0.006023,1.372418,1.874250,1.236435,1.996992,2.874333,2.825019,1.957920,0.000000,0.000000,0.000000
0.272192,0.101549,0.944508,0.988456,0.145299,0.177669,0.813457,0.581069,0.943649,0.034072,2.018597,1.065638,2.078594,2.035773,2.242781,1.612635,1.814618,0.000000,0.000000,0.000000
0.337860,0.835231,0.147941,0.101913,0.064001,0.103999,0.726297,0.569951,0.886345,0.289991,1.262090,1.300807,1.845617,1.849608,2.097458,1.580766,1.810392,0.000000,0.000000,0.000000
0.664445,0.606545,0.324313,0.279405,0.287601,0.037050,0.523058,0.413656,0.024852,0.313837,1.765800,1.315210,1.684611,1.288219,1.687246,1.415029,1.621552,0.000000,0.000000,0.000000
0.861273,0.954025,0.867251,0.504639,0.260656,0.408186,0.802181,0.498489,0.950505,0.753941,2.609042,1.920557,2.208685,2.164116,2.141984,1.665105,2.370608,0.000000,0.000000,0.000000
0.505465,0.161355,0.106671,0.405151,0.346096,0.064282,0.707207,0.118876,0.616988,0.249299,1.362166,1.253431,1.325503,1.726769,1.619017,1.123008,1.769357,0.000000,0.000000,0.000000
0.835264,0.756553,0.710533,0.605207,0.377238,0.347592,0.515846,0.175554,0.220889,0.093291,2.408199,1.214112,2.122829,1.426030,1.441651,1.296375,1.524549,0.000000,0.000000,0.000000
0.929951,0.394920,0.043655,0.255642,0.795627,0.618758,0.695724,0.051569,0.440536,0.934191,1.908464,2.317052,1.460274,1.989699,1.535602,1.434430,2.568438,0.000000,0.000000,0.000000
0.849670,0.193612,0.529630,0.744875,0.808736,0.485949,0.815384,0.020954,0.717362,0.655826,2.251569,1.891972,1.748450,2.323345,1.685806,1.257100,2.245492,0.000000,0.000000,0.000000
0.779615,0.548899,0.673498,0.597336,0.293853,0.959573,0.265723,0.979526,0.820037,0.781331,2.281297,2.702111,1.905709,1.966313,2.050135,2.900306,1.876201,0.000000,0.000000,0.000000
0.559778,0.469397,0.077260,0.764090,0.695517,0.988802,0.903395,0.233011,0.949442,0.620739,1.390612,2.598469,2.053231,2.596956,2.049133,2.210741,2.288712,0.000000,0.000000,0.000000
0.991196,0.594682,0.603388,0.124947,0.222886,0.478668,0.773535,0.098880,0.147970,0.184164,2.585858,1.413287,1.610294,1.244781,1.697236,1.328003,1.807451,0.000000,0.000000,0.000000
0.343056,0.151243,0.180172,0.286053,0.503762,0.003266,0.221386,0.572970,0.486127,0.441175,1.297859,1.441186,1.233070,1.740082,1.621981,1.572980,1.416022,0.000000,0.000000,0.000000
0.465025,0.459940,0.907074,0.487365,0.028945,0.685491,0.308442,0.181778,0.346815,0.698626,2.123322,2.168524,1.697464,1.149225,1.276914,1.651676,1.796520,0.000000,0.000000,0.000000
0.176403,0.912149,0.123199,0.328240,0.781673,0.102545,0.944926,0.710652,0.241246,0.017139,1.154317,1.027654,2.019890,1.839873,2.603537,1.721168,1.945220,0.000000,0.000000,0.000000
0.420848,0.937719,0.562804,0.624437,0.049792,0.819869,0.173742,0.498326,0.924991,0.695512,1.739916,2.367697,2.327640,1.905399,1.528512,2.170512,1.657479,0.000000,0.000000,0.000000
0.168352,0.726696,0.068070,0.903855,0.841027,0.144318,0.247074,0.952594,0.455582,0.346772,1.096413,1.367600,2.543650,2.048582,2.013640,1.973422,1.367325,0.000000,0.000000,0.000000
0.289839,0.299724,0.230852,0.378838,0.556759,0.101806,0.567109,0.063878,0.945610,0.628395,1.314859,1.638759,1.443243,2.450938,1.385491,1.074243,1.961988,0.000000,0.000000,0.000000
0.705621,0.733345,0.302702,0.578427,0.478328,0.906306,0.837850,0.731577,0.525155,0.484643,1.800603,2.306033,2.067922,1.754116,2.433569,2.552967,2.072729,0.000000,0.000000,0.000000
0.360659,0.726202,0.053696,0.445135,0.248269,0.097632,0.224670,0.371923,0.374404,0.772981,1.183771,1.782513,1.924347,1.388448,1.422399,1.381455,1.822169,0.000000,0.000000,0.000000
0.068241,0.534728,0.633700,0.167257,0.421355,0.189502,0.200956,0.615054,0.322765,0.137545,1.638357,1.173456,1.562703,1.525533,1.655437,1.650965,1.219875,0.000000,0.000000,0.000000
0.170526,0.932290,0.498533,0.343600,0.970744,0.081327,0.306913,0.840656,0.133573,0.638936,1.527612,1.645550,2.050350,1.988585,1.934852,1.847270,1.715152,0.000000,0.000000,0.000000
0.572733,0.839715,0.433884,0.585468,0.630097,0.459240,0.941996,0.795409,0.685131,0.208771,1.761908,1.419672,2.182488,2.099501,2.682766,2.006310,1.985582,0.000000,0.000000,0.000000
0.858147,0.888780,0.657285,0.007716,0.086546,0.766586,0.644920,0.670106,0.713748,0.705506,2.393701,2.293160,1.888839,1.595983,2.086028,2.257760,2.142659,0.000000,0.000000,0.000000
0.885441,0.280683,0.708924,0.182231,0.015679,0.774196,0.024404,0.663404,0.489490,0.219569,2.492929,1.818948,1.313891,1.255280,1.664000,2.262784,1.072614,0.000000,0.000000,0.000000
0.726355,0.204294,0.981187,0.828028,0.611380,0.398477,0.316851,0.161945,0.553008,0.449377,2.508779,1.608161,1.889924,1.917199,1.262340,1.320729,1.518791,0.000000,0.000000,0.000000
0.623919,0.306154,0.157657,0.974193,0.414205,0.957313,0.090364,0.523247,0.839090,0.021457,1.546933,1.937905,2.255206,2.118278,1.531413,2.439695,1.090825,0.000000,0.000000,0.000000
0.800933,0.637597,0.176431,0.678446,0.996654,0.748301,0.748166,0.494611,0.858828,0.142100,1.817925,1.702054,2.097886,2.734239,2.054363,2.054566,1.768358,0.000000,0.000000,0.000000
0.689150,0.829041,0.912231,0.879583,0.495007,0.300672,0.437107,0.605740,0.171340,0.048866,2.387158,1.139270,2.602708,1.524365,1.796803,1.696144,1.439495,0.000000,0.000000,0.000000
0.968648,0.416423,0.658637,0.171783,0.665745,0.427251,0.763177,0.434759,0.788686,0.323774,2.596916,1.506317,1.445933,2.287770,2.017198,1.617303,1.868006,0.000000,0.000000,0.000000
0.614108,0.086323,0.754081,0.322586,0.954645,0.963751,0.666738,0.708448,0.947188,0.893303,2.131209,2.822119,1.190385,2.851810,2.152988,2.637264,2.464729,0.000000,0.000000,0.000000
0.061674,0.628119,0.218393,0.750572,0.487302,0.024898,0.691885,0.137878,0.871627,0.400783,1.222197,1.401403,2.191478,2.247036,1.616582,1.138497,1.852512,0.000000,0.000000,0.000000
0.095772,0.491103,0.630193,0.160914,0.522710,0.147299,0.079830,0.078107,0.975990,0.393863,1.639365,1.415560,1.516996,2.475266,1.084480,1.099804,1.234958,0.000000,0.000000,0.000000
0.187653,0.378775,0.720847,0.986830,0.330702,0.633110,0.860305,0.029515,0.835897,0.996916,1.756061,2.397744,2.352608,2.029425,1.769641,1.430344,2.854147,0.000000,0.000000,0.000000
0.239796,0.034779,0.334484,0.322407,0.117668,0.554563,0.493447,0.001542,0.235838,0.526269,1.391986,1.833809,1.138726,1.173288,1.245032,1.309083,1.770406,0.000000,0.000000,0.000000
0.360085,0.323363,0.344250,0.995069,0.609520,0.788642,0.316432,0.884602,0.528089,0.166107,1.473911,1.788063,2.313524,1.888398,1.984731,2.506558,1.344024,0.000000,0.000000,0.000000
0.107248,0.189276,0.651353,0.202967,0.135146,0.664679,0.614339,0.282147,0.971488,0.411667,1.662856,1.853466,1.230471,2.078935,1.659560,1.723946,1.783808,0.000000,0.000000,0.000000
0.945765,0.560089,0.012290,0.249547,0.275707,0.463769,0.123107,0.325421,0.626578,0.136325,1.906762,1.351407,1.622363,1.668307,1.340577,1.540503,1.141691,0.000000,0.000000,0.000000
0.504411,0.912572,0.359011,0.186757,0.448201,0.972751,0.619106,0.174341,0.302791,0.259615,1.613442,2.205860,1.947450,1.539883,1.557634,2.120587,1.686506,0.000000,0.000000,0.000000
0.585208,0.343321,0.057711,0.629660,0.617006,0.082410,0.702915,0.146261,0.633382,0.619358,1.400180,1.626150,1.739793,2.018180,1.640350,1.153053,2.086519,0.000000,0.000000,0.000000
0.020616,0.118332,0.670553,0.964958,0.432309,0.570713,0.575120,0.603844,0.031883,0.296351,1.670978,1.622065,2.049477,1.433325,1.934608,1.929558,1.662944,0.000000,0.000000,0.000000
0.192002,0.814547,0.518956,0.842063,0.345577,0.015384,0.654582,0.962987,0.305999,0.000429,1.555821,1.000665,2.523617,1.439212,2.391465,1.963224,1.654582,0.000000,0.000000,0.000000
0.798772,0.596555,0.067807,0.327041,0.865373,0.617094,0.268537,0.125431,0.860822,0.318078,1.705843,1.698883,1.703511,2.606388,1.197543,1.506236,1.369710,0.000000,0.000000,0.000000
0.844169,0.917282,0.229722,0.091886,0.318234,0.078624,0.423943,0.565691,0.878714,0.690302,1.942342,1.696483,1.925725,2.090373,1.745419,1.571873,1.900460,0.000000,0.000000,0.000000
0.754639,0.286193,0.170612,0.146892,0.539069,0.063588,0.075045,0.350343,0.714026,0.820614,1.740092,1.824657,1.307770,2.048903,1.355975,1.354386,1.748452,0.000000,0.000000,0.000000
0.281261,0.178692,0.700663,0.536954,0.137158,0.187785,0.302469,0.842435,0.350959,0.808389,1.779771,1.843652,1.467011,1.260330,1.933923,1.877698,1.955961,0.000000,0.000000,0.000000
0.575903,0.684889,0.266379,0.210472,0.128791,0.496631,0.495946,0.900976,0.555602,0.563712,1.598043,1.810355,1.729187,1.437485,2.146939,2.147619,1.813718,0.000000,0.000000,0.000000
0.448942,0.792176,0.443252,0.581787,0.490671,0.818972,0.767658,0.183682,0.702559,0.576219,1.644800,2.246934,2.130652,1.984261,1.772981,1.854397,2.099686,0.000000,0.000000,0.000000
0.894722,0.937272,0.395551,0.362202,0.594236,0.073202,0.738616,0.364046,0.676405,0.083690,2.196078,1.089048,2.068462,2.051759,1.909600,1.369404,1.745620,0.000000,0.000000,0.000000
0.353309,0.365763,0.736947,0.790900,0.525530,0.737402,0.839514,0.441628,0.977553,0.864548,1.861774,2.408309,1.991286,2.481141,2.146412,1.985389,2.586957,0.000000,0.000000,0.000000
0.652814,0.615281,0.690960,0.699613,0.844731,0.732674,0.181259,0.155411,0.368498,0.069197,2.117126,1.606008,2.104739,1.980522,1.188265,1.692222,1.186047,0.000000,0.000000,0.000000
0.950274,0.271813,0.372835,0.764192,0.141762,0.640670,0.477992,0.824120,0.325544,0.701378,2.275857,2.111835,1.855802,1.247741,2.052597,2.234578,1.969923,0.000000,0.000000,0.000000
0.959734,0.033436,0.481062,0.349467,0.294774,0.216337,0.389159,0.039358,0.939632,0.162146,2.402152,1.208947,1.155563,2.177682,1.190803,1.086159,1.415451,0.000000,0.000000,0.000000
0.019923,0.846455,0.197509,0.589824,0.258673,0.655783,0.857239,0.204536,0.201456,0.235552,1.197906,1.665604,2.194348,1.299258,1.939395,1.634587,1.912724,0.000000,0.000000,0.000000
0.224881,0.764688,0.582395,0.549857,0.967289,0.300895,0.984809,0.701204,0.122650,0.252228,1.632966,1.342765,2.067031,1.982332,2.671052,1.791742,2.048428,0.000000,0.000000,0.000000
0.405030,0.851315,0.368117,0.698523,0.111373,0.406551,0.529781,0.437863,0.772868,0.639760,1.532167,1.805044,2.339249,1.708697,1.718531,1.603146,1.939074,0.000000,0.000000,0.000000
0.733292,0.512133,0.572418,0.219545,0.793858,0.069803,0.527687,0.979436,0.533005,0.253632,2.110136,1.258504,1.560333,2.077952,2.257889,1.984309,1.592016,0.000000,0.000000,0.000000
0.165746,0.836151,0.380690,0.194815,0.350474,0.733444,0.273555,0.850816,0.111396,0.420943,1.408162,1.958884,1.874104,1.362883,1.925648,2.388756,1.450749,0.000000,0.000000,0.000000
0.093044,0.652076,0.461942,0.733164,0.877704,0.861719,0.170268,0.104129,0.791216,0.579740,1.470599,2.322301,2.189605,2.503727,1.133120,1.846689,1.506367,0.000000,0.000000,0.000000
0.319352,0.938869,0.118214,0.614265,0.872883,0.845687,0.620379,0.002745,0.582884,0.562482,1.220200,2.277669,2.316190,2.212637,1.387615,1.717932,1.936765,0.000000,0.000000,0.000000
0.180268,0.495518,0.388755,0.137973,0.409477,0.504335,0.498875,0.763942,0.973307,0.443366,1.421252,1.697719,1.514555,2.356804,2.012818,2.018296,1.695448,0.000000,0.000000,0.000000
0.279443,0.093559,0.230170,0.239480,0.423857,0.340777,0.354427,0.229216,0.645867,0.219774,1.308258,1.335903,1.150910,1.841001,1.354835,1.345345,1.402728,0.000000,0.000000,0.000000
0.518763,0.620030,0.854184,0.374156,0.036052,0.755064,0.907819,0.742355,0.244575,0.971508,2.123300,2.541629,1.760022,1.095869,2.566490,2.312476,2.851646,0.000000,0.000000,0.000000
0.103687,0.092146,0.521343,0.788113,0.142109,0.069528,0.091639,0.418622,0.555284,0.315312,1.532094,1.320146,1.713268,1.450449,1.427020,1.423457,1.191060,0.000000,0.000000,0.000000
0.190833,0.480164,0.122788,0.156168,0.181482,0.088172,0.849255,0.179111,0.643790,0.223562,1.159206,1.231337,1.504553,1.595947,1.900345,1.186885,1.899235,0.000000,0.000000,0.000000
0.311180,0.258792,0.788464,0.071804,0.802469,0.929937,0.229855,0.295805,0.192940,0.478143,1.885297,2.342925,1.263948,1.839695,1.348638,2.160587,1.458476,0.000000,0.000000,0.000000
0.642485,0.561068,0.227339,0.428806,0.076184,0.254182,0.245253,0.731672,0.300744,0.533434,1.640126,1.598042,1.744942,1.166631,1.791821,1.796280,1.529805,0.000000,0.000000,0.000000
0.422292,0.761908,0.636295,0.375267,0.296893,0.074263,0.087601,0.615947,0.637279,0.319834,1.814625,1.325349,1.902733,1.703017,1.623621,1.621462,1.189895,0.000000,0.000000,0.000000
0.936874,0.301010,0.013733,0.166605,0.750558,0.720933,0.990219,0.605608,0.281536,0.492873,1.891465,2.012617,1.328767,1.829821,2.586142,2.125352,2.233142,0.000000,0.000000,0.000000
0.395430,0.276954,0.136052,0.610407,0.754317,0.647505,0.625191,0.954288,0.530157,0.113614,1.292417,1.532877,1.649550,2.035384,2.345152,2.373551,1.638099,0.000000,0.000000,0.000000
0.058470,0.559646,0.535784,0.976515,0.661436,0.054798,0.556242,0.624820,0.339202,0.628547,1.539203,1.631550,2.513228,1.776493,1.934226,1.627823,1.951314,0.000000,0.000000,0.000000
0.210142,0.879659,0.866501,0.211142,0.706666,0.979439,0.822848,0.930164,0.678702,0.629330,1.910660,2.588632,1.924240,2.167303,2.607243,2.889465,2.218905,0.000000,0.000000,0.000000
0.337702,0.964036,0.577504,0.009280,0.673922,0.012648,0.484859,0.911076,0.479476,0.853190,1.691546,1.853350,1.964122,1.903820,2.146164,1.911236,2.212791,0.000000,0.000000,0.000000
0.821297,0.960169,0.552066,0.653043,0.210592,0.769092,0.468648,0.154282,0.384437,0.089572,2.226594,1.681074,2.386635,1.358384,1.373913,1.745784,1.476671,0.000000,0.000000,0.000000
0.769639,0.276854,0.197171,0.563680,0.702217,0.526562,0.469623,0.779126,0.349219,0.625497,1.789515,1.902765,1.594588,1.824170,1.999671,2.056393,1.860869,0.000000,0.000000,0.000000
0.012825,0.608429,0.086330,0.193069,0.268897,0.558345,0.301570,0.727744,0.408812,0.502183,1.086494,1.813932,1.645705,1.436024,1.818689,2.039493,1.553758,0.000000,0.000000,0.000000
0.116651,0.830509,0.642970,0.329431,0.924784,0.250736,0.196618,0.340355,0.540017,0.958568,1.656577,2.021436,1.939034,2.216402,1.379013,1.403223,2.115471,0.000000,0.000000,0.000000
0.840933,0.737964,0.090301,0.421050,0.393355,0.703092,0.085398,0.802432,0.000374,0.081512,1.797470,1.575850,1.915248,1.393355,1.809724,2.296770,1.092042,0.000000,0.000000,0.000000
0.454743,0.591821,0.799958,0.537535,0.097903,0.739008,0.392402,0.802688,0.329219,0.637681,2.006749,2.183814,1.880765,1.206288,1.956668,2.348821,1.799039,0.000000,0.000000,0.000000
0.118169,0.239920,0.143816,0.610962,0.247845,0.799499,0.103593,0.368316,0.979927,0.462890,1.157780,2.102089,1.613195,2.208103,1.379047,2.007515,1.317860,0.000000,0.000000,0.000000
0.212802,0.136659,0.916881,0.376904,0.210476,0.469369,0.261140,0.834086,0.639089,0.669360,1.962165,1.889668,1.278716,1.618910,1.902280,2.054394,1.709183,0.000000,0.000000,0.000000
0.311196,0.012455,0.663792,0.292820,0.365131,0.905538,0.944788,0.539781,0.819697,0.717035,1.760635,2.537033,1.098198,2.037034,2.432404,2.359779,2.458926,0.000000,0.000000,0.000000
0.560234,0.946911,0.116960,0.852786,0.353150,0.169224,0.261550,0.762251,0.602572,0.401714,1.430821,1.430351,2.674154,1.716244,1.830659,1.790888,1.422924,0.000000,0.000000,0.000000
0.285827,0.477848,0.294852,0.895908,0.487304,0.824350,0.992975,0.312240,0.277194,0.172109,1.376550,1.851662,2.280500,1.564141,2.298240,1.991794,2.022597,0.000000,0.000000,0.000000
0.915581,0.332099,0.587105,0.981914,0.177384,0.642605,0.498245,0.445299,0.133259,0.047848,2.425393,1.460789,2.296254,1.195142,1.693547,1.858240,1.500534,0.000000,0.000000,0.000000
0.452943,0.190194,0.585930,0.678366,0.654880,0.298833,0.019560,0.986450,0.051448,0.181633,1.791087,1.270934,1.650374,1.657527,1.986832,2.075751,1.052550,0.000000,0.000000,0.000000
0.832657,0.809618,0.772864,0.692106,0.459341,0.645722,0.934373,0.720446,0.862024,0.363335,2.466182,1.780292,2.288629,2.202426,2.593499,2.137404,2.066385,0.000000,0.000000,0.000000
0.878050,0.042581,0.070023,0.736195,0.814848,0.978671,0.581263,0.026320,0.373716,0.536965,1.840994,2.494761,1.584564,1.954512,1.364186,1.984116,1.869594,0.000000,0.000000,0.000000
0.768885,0.680765,0.264129,0.814658,0.777971,0.425813,0.131420,0.041845,0.263843,0.439953,1.855314,1.621271,2.344432,1.847584,1.059116,1.223162,1.324979,0.000000,0.000000,0.000000
0.805691,0.530447,0.839267,0.147381,0.445404,0.512129,0.543363,0.296897,0.766901,0.286739,2.488405,1.549015,1.552168,2.033541,1.592141,1.559173,1.625582,0.000000,0.000000,0.000000
0.081113,0.354628,0.912296,0.821136,0.020421,0.905565,0.437148,0.308661,0.351257,0.999182,1.918875,2.819229,2.028892,1.143803,1.499760,2.128709,2.435512,0.000000,0.000000,0.000000
0.139931,0.381322,0.257649,0.265095,0.322334,0.491337,0.399458,0.962918,0.904630,0.313393,1.277230,1.554805,1.451597,2.140690,2.122485,2.204330,1.497673,0.000000,0.000000,0.000000
0.411568,0.379728,0.285590,0.039852,0.608382,0.071149,0.508916,0.552360,0.691161,0.478918,1.454979,1.483980,1.381316,2.086086,1.811356,1.557423,1.738278,0.000000,0.000000,0.000000
0.098642,0.266396,0.177679,0.202492,0.941280,0.254476,0.701222,0.256613,0.210866,0.713359,1.187409,1.778117,1.307399,1.985745,1.748325,1.321372,2.210102,0.000000,0.000000,0.000000
0.016496,0.413956,0.519034,0.681046,0.353683,0.632610,0.762702,0.121614,0.587362,0.681697,1.519306,2.081893,1.877779,1.698676,1.703329,1.521810,2.227413,0.000000,0.000000,0.000000
0.905769,0.389363,0.186390,0.962339,0.340111,0.320148,0.059820,0.848042,0.845931,0.874504,2.006807,1.976999,2.315459,2.055710,1.851620,1.950536,1.824578,0.000000,0.000000,0.000000
0.465080,0.136427,0.236880,0.011369,0.265451,0.886771,0.238697,0.594181,0.962769,0.424601,1.453179,2.210964,1.136557,2.192376,1.651157,2.380544,1.418983,0.000000,0.000000,0.000000
0.431498,0.441852,0.315019,0.238646,0.764635,0.142822,0.943351,0.624799,0.904763,0.071066,1.501210,1.091464,1.498804,2.583231,2.514710,1.645198,1.948401,0.000000,0.000000,0.000000
0.589160,0.077568,0.275495,0.838965,0.376996,0.773674,0.733124,0.064212,0.138844,0.237356,1.622604,1.835927,1.781431,1.396273,1.601682,1.662784,1.789461,0.000000,0.000000,0.000000
0.879700,0.299988,0.373017,0.753549,0.628425,0.944844,0.860534,0.308936,0.949777,0.776169,2.146889,2.668899,1.867824,2.530501,2.049455,2.201666,2.462972,0.000000,0.000000,0.000000
0.465254,0.775453,0.020664,0.456050,0.901554,0.324526,0.989510,0.400766,0.650735,0.004711,1.237125,1.110028,1.983435,2.325010,2.379896,1.506083,1.989532,0.000000,0.000000,0.000000
0.565713,0.466839,0.911830,0.337356,0.603760,0.726826,0.580255,0.693644,0.526641,0.686882,2.231862,2.215158,1.580648,1.881111,2.030340,2.221920,2.052062,0.000000,0.000000,0.000000
0.136737,0.003740,0.726635,0.778704,0.465800,0.085304,0.883791,0.138707,0.775279,0.767799,1.745331,1.775076,1.610120,2.066858,1.919794,1.145984,2.473306,0.000000,0.000000,0.000000
0.688446,0.527064,0.207511,0.294812,0.883521,0.850144,0.941913,0.257140,0.118282,0.508441,1.681469,2.231187,1.613978,1.897512,2.144340,1.979885,2.200425,0.000000,0.000000,0.000000
0.851220,0.103792,0.675852,0.684307,0.338257,0.681264,0.574233,0.394433,0.716406,0.644117,2.400427,2.108237,1.572069,1.851494,1.724176,1.858553,1.989119,0.000000,0.000000,0.000000
0.385502,0.367290,0.640164,0.693178,0.185742,0.866073,0.609457,0.098729,0.050243,0.986445,1.788776,2.736528,1.847785,1.188266,1.470167,1.848812,2.582530,0.000000,0.000000,0.000000
0.372213,0.239390,0.854189,0.827215,0.261998,0.505582,0.072013,0.095731,0.521642,0.103302,1.992732,1.358915,1.923674,1.534108,1.100917,1.351344,1.082685,0.000000,0.000000,0.000000
0.361744,0.692508,0.917777,0.964827,0.164851,0.381918,0.515261,0.019706,0.723084,0.725708,2.048636,1.871569,2.623399,1.687702,1.285200,1.165568,2.041912,0.000000,0.000000,0.000000
0.212810,0.092851,0.542511,0.632978,0.386402,0.893418,0.826553,0.260044,0.282481,0.119000,1.587799,1.917195,1.493512,1.466197,1.943234,2.058239,1.840714,0.000000,0.000000,0.000000
0.902266,0.627707,0.756512,0.077554,0.728541,0.916873,0.764440,0.968855,0.368303,0.340439,2.570595,2.181096,1.633722,1.864187,2.553224,2.809512,1.880339,0.000000,0.000000,0.000000
0.528082,0.619616,0.935606,0.671127,0.467968,0.344629,0.153907,0.475257,0.271297,0.657627,2.214477,1.776396,2.070026,1.541570,1.498945,1.594027,1.586381,0.000000,0.000000,0.000000
0.226506,0.822172,0.281017,0.110691,0.123935,0.092554,0.324221,0.746157,0.612459,0.537254,1.332322,1.545820,1.834424,1.499041,1.851275,1.754723,1.612862,0.000000,0.000000,0.000000
0.200687,0.461361,0.764053,0.530521,0.379646,0.961916,0.287538,0.310867,0.875021,0.810808,1.804328,2.736091,1.742813,2.145308,1.393546,2.236151,1.944947,0.000000,0.000000,0.000000
0.010985,0.383787,0.968878,0.983315,0.756286,0.150753,0.366779,0.200695,0.108706,0.383967,1.968999,1.406694,2.350696,1.768103,1.335221,1.223421,1.514209,0.000000,0.000000,0.000000
0.415724,0.128618,0.473619,0.604989,0.698938,0.016641,0.867759,0.200922,0.298228,0.947616,1.646445,1.947893,1.494630,1.787878,1.953928,1.201198,2.765736,0.000000,0.000000,0.000000
0.943037,0.964314,0.513373,0.734759,0.672977,0.534830,0.070845,0.212779,0.097527,0.198824,2.402691,1.484866,2.504185,1.682488,1.217799,1.498822,1.110376,0.000000,0.000000,0.000000
0.216898,0.648098,0.729994,0.334397,0.889030,0.182289,0.540203,0.368421,0.716476,0.355789,1.777039,1.389019,1.759919,2.402368,1.660240,1.401650,1.666789,0.000000,0.000000,0.000000
0.464289,0.515978,0.429694,0.960236,0.311043,0.828529,0.155393,0.911050,0.423838,0.412067,1.645259,2.098527,2.438030,1.490681,1.935197,2.597510,1.325192,0.000000,0.000000,0.000000
0.830603,0.925330,0.845636,0.920507,0.526963,0.566306,0.583330,0.772020,0.867556,0.788185,2.535537,2.108888,2.772663,2.279616,2.112294,2.092723,2.204566,0.000000,0.000000,0.000000
0.807834,0.050007,0.913456,0.927415,0.439519,0.025398,0.262108,0.290882,0.435461,0.944483,2.566053,1.945128,1.910105,1.629145,1.359583,1.291527,2.154155,0.000000,0.000000,0.000000
0.444400,0.387017,0.678529,0.383196,0.645860,0.353906,0.056975,0.494907,0.025310,0.390986,1.876020,1.516235,1.533856,1.646500,1.498154,1.620157,1.209845,0.000000,0.000000,0.000000
0.300222,0.538528,0.884493,0.376894,0.381939,0.931464,0.943285,0.901280,0.419082,0.628990,1.974627,2.496614,1.680577,1.557569,2.791068,2.768905,2.338914,0.000000,0.000000,0.000000
0.983330,0.449714,0.917866,0.268697,0.215700,0.858143,0.299779,0.233168,0.037470,0.809137,2.884803,2.545547,1.521912,1.217104,1.323036,1.969578,1.954482,0.000000,0.000000,0.000000
0.843702,0.406759,0.894614,0.457040,0.124076,0.981340,0.341865,0.354249,0.875018,0.342112,2.606447,2.305140,1.615645,1.889733,1.471121,2.317277,1.458905,0.000000,0.000000,0.000000
0.114125,0.796904,0.465193,0.273152,0.097791,0.160220,0.097538,0.777521,0.918541,0.734799,1.478218,1.760469,1.871516,1.941509,1.787035,1.803192,1.637467,0.000000,0.000000,0.000000
0.257484,0.884385,0.341501,0.559874,0.593015,0.399386,0.083251,0.491972,0.733304,0.266526,1.407799,1.426036,2.197843,2.130749,1.498903,1.651482,1.154287,0.000000,0.000000,0.000000
0.966108,0.548198,0.336872,0.623278,0.694509,0.990746,0.466137,0.455750,0.935847,0.100319,2.270237,2.081896,1.936674,2.570319,1.673033,2.437327,1.476201,0.000000,0.000000,0.000000
0.362785,0.323357,0.033114,0.057968,0.516948,0.110662,0.040833,0.455933,0.938115,0.020985,1.164727,1.033231,1.326717,2.397008,1.457600,1.468179,1.041274,0.000000,0.000000,0.000000
0.796497,0.752144,0.425445,0.597542,0.522273,0.440234,0.350400,0.086689,0.104987,0.844609,2.059852,2.038415,2.109200,1.533295,1.209469,1.280496,2.063764,0.000000,0.000000,0.000000
0.401723,0.345762,0.000984,0.233631,0.325189,0.966223,0.878853,0.397630,0.861607,0.597624,1.162365,2.531210,1.400346,2.067556,2.170012,2.331216,2.236007,0.000000,0.000000,0.000000
0.013133,0.381128,0.213529,0.476136,0.138368,0.002531,0.618645,0.738815,0.921428,0.746528,1.213701,1.746535,1.607833,1.987398,2.121536,1.738821,2.175949,0.000000,0.000000,0.000000
0.668363,0.028902,0.642142,0.507022,0.000957,0.886056,0.985726,0.959426,0.212958,0.326107,2.088850,2.111202,1.285973,1.046308,2.931080,2.744520,2.092071,0.000000,0.000000,0.000000
0.908145,0.123670,0.597558,0.214764,0.988381,0.411314,0.761707,0.798105,0.849039,0.192798,2.422285,1.361977,1.169793,2.709248,2.378303,1.967284,1.798878,0.000000,0.000000,0.000000
0.938296,0.023542,0.396410,0.342179,0.603471,0.764609,0.560753,0.434639,0.308962,0.691694,2.276810,2.276321,1.140628,1.698929,1.749083,2.019266,2.039193,0.000000,0.000000,0.000000
0.936264,0.029091,0.212978,0.191992,0.764283,0.985936,0.115801,0.923574,0.946146,0.640761,2.089569,2.612832,1.065952,2.659476,1.936984,2.895645,1.526375,0.000000,0.000000,0.000000
0.052190,0.057050,0.212584,0.498300,0.531144,0.398533,0.449116,0.138926,0.681882,0.669864,1.215308,1.828692,1.305352,1.996107,1.340632,1.297755,1.897833,0.000000,0.000000,0.000000
0.591663,0.983744,0.329877,0.559092,0.406544,0.548465,0.897104,0.651993,0.980375,0.172563,1.679943,1.473377,2.296327,2.367679,2.456789,1.952807,1.926882,0.000000,0.000000,0.000000
0.584880,0.459696,0.655210,0.073037,0.753635,0.920722,0.657671,0.702756,0.742865,0.585973,1.997294,2.433702,1.465030,2.305483,2.135287,2.550485,2.001036,0.000000,0.000000,0.000000
0.677436,0.119627,0.945187,0.197926,0.289561,0.200561,0.600472,0.507214,0.275130,0.201780,2.404106,1.242005,1.158802,1.365257,1.867781,1.547439,1.641187,0.000000,0.000000,0.000000
0.634105,0.967210,0.734672,0.722392,0.346860,0.565462,0.485373,0.291002,0.679045,0.121812,2.136762,1.441559,2.489060,1.807962,1.526589,1.610749,1.500212,0.000000,0.000000,0.000000
0.049813,0.350716,0.790540,0.975154,0.922657,0.310187,0.047700,0.100998,0.853948,0.032783,1.793021,1.128999,2.301640,2.651884,1.103273,1.197214,1.048775,0.000000,0.000000,0.000000
0.838191,0.422776,0.423753,0.785355,0.466708,0.875387,0.187803,0.630036,0.065279,0.401493,2.126317,2.167796,2.039558,1.470969,1.665306,2.396339,1.349000,0.000000,0.000000,0.000000
0.923427,0.186064,0.896393,0.010943,0.228547,0.569695,0.670460,0.370244,0.013904,0.969568,2.749111,2.294120,1.186184,1.228741,1.819760,1.694797,2.610521,0.000000,0.000000,0.000000
0.833815,0.681145,0.556255,0.114663,0.621044,0.365688,0.398307,0.741557,0.354124,0.499213,2.251502,1.632941,1.694293,1.746448,1.900205,1.875285,1.647520,0.000000,0.000000,0.000000
0.661189,0.749806,0.664204,0.671427,0.664023,0.921036,0.563625,0.285047,0.836846,0.067558,2.101374,1.915866,2.200621,2.364334,1.602719,2.133355,1.568189,0.000000,0.000000,0.000000
0.584154,0.411357,0.071397,0.110640,0.125964,0.160998,0.710107,0.623876,0.577063,0.107574,1.412633,1.133494,1.423599,1.458965,2.128127,1.649796,1.721679,0.000000,0.000000,0.000000
0.803631,0.760086,0.408348,0.759675,0.372049,0.399497,0.227311,0.397252,0.140289,0.180154,2.054171,1.339752,2.337193,1.391730,1.448922,1.556850,1.259766,0.000000,0.000000,0.000000
0.520290,0.481877,0.028749,0.643507,0.157829,0.970409,0.504251,0.619149,0.904317,0.716885,1.299451,2.658578,1.895978,1.975618,1.873418,2.560842,2.018175,0.000000,0.000000,0.000000
0.604723,0.422814,0.695054,0.872980,0.418777,0.609238,0.418768,0.311453,0.249097,0.463102,2.060743,1.834274,2.184908,1.480826,1.486820,1.682624,1.633232,0.000000,0.000000,0.000000
0.908049,0.059460,0.955825,0.965472,0.653909,0.979976,0.587001,0.836044,0.643344,0.115159,2.780379,2.075511,1.991595,2.067800,2.180614,2.796396,1.600263,0.000000,0.000000,0.000000
0.754113,0.150179,0.675591,0.648961,0.346635,0.333550,0.301838,0.207451,0.152145,0.889349,2.244278,2.000605,1.571330,1.369783,1.298557,1.318707,2.092780,0.000000,0.000000,0.000000
0.167920,0.050981,0.892721,0.428626,0.985896,0.095866,0.127842,0.208032,0.155142,0.503643,1.920919,1.512833,1.234701,2.009965,1.224376,1.217222,1.381498,0.000000,0.000000,0.000000
0.547979,0.485060,0.469320,0.885252,0.941561,0.542622,0.686825,0.695774,0.071531,0.822746,1.769601,2.117186,2.268732,1.946677,2.167503,1.990213,2.363737,0.000000,0.000000,0.000000
0.073156,0.846072,0.019864,0.211264,0.576816,0.899883,0.023072,0.003974,0.050455,0.674478,1.025215,2.484267,1.890705,1.579362,1.004506,1.813762,1.477992,0.000000,0.000000,0.000000
0.281230,0.847063,0.388492,0.191709,0.554978,0.444067,0.184104,0.328223,0.012641,0.765766,1.467583,1.962962,1.883816,1.555138,1.362118,1.525419,1.770502,0.000000,0.000000,0.000000
0.515426,0.471125,0.802170,0.493779,0.381554,0.476733,0.445394,0.662973,0.144121,0.774041,2.067834,2.001315,1.714942,1.402325,1.861349,1.890247,2.044533,0.000000,0.000000,0.000000
0.054323,0.329874,0.771622,0.705859,0.309476,0.651480,0.776543,0.901199,0.605457,0.332668,1.774573,1.757094,1.828111,1.676054,2.504218,2.325625,1.887211,0.000000,0.000000,0.000000
0.389758,0.184570,0.174244,0.440934,0.056067,0.556441,0.912233,0.804465,0.272019,0.644280,1.326156,1.953907,1.378993,1.130061,2.636634,2.114092,2.327330,0.000000,0.000000,0.000000
0.813075,0.242340,0.113685,0.641342,0.848120,0.757814,0.309957,0.016531,0.962832,0.807579,1.774776,2.381860,1.653660,2.775166,1.112604,1.590812,1.962140,0.000000,0.000000,0.000000
0.558714,0.580992,0.132374,0.969249,0.236457,0.580715,0.103991,0.279607,0.690325,0.750570,1.444535,2.087800,2.520435,1.713005,1.290422,1.616838,1.667346,0.000000,0.000000,0.000000
0.807717,0.230490,0.502016,0.753581,0.979255,0.509042,0.373905,0.119013,0.296833,0.332035,2.154422,1.591159,1.798375,2.067365,1.258818,1.378137,1.484152,0.000000,0.000000,0.000000
0.453328,0.206093,0.237670,0.842073,0.366930,0.524121,0.324719,0.362779,0.874375,0.185042,1.443177,1.459744,1.915179,2.131461,1.468221,1.637481,1.358960,0.000000,0.000000,0.000000
0.030030,0.044826,0.280278,0.920677,0.616004,0.762909,0.848558,0.398648,0.909851,0.423124,1.281179,2.005154,1.892472,2.443832,2.118698,1.980677,2.027592,0.000000,0.000000,0.000000
0.449736,0.043990,0.237409,0.349945,0.929436,0.199632,0.974750,0.027211,0.328572,0.414447,1.439672,1.454300,1.166451,2.037396,1.977349,1.067064,2.146516,0.000000,0.000000,0.000000
0.266657,0.793581,0.865208,0.908123,0.224028,0.169918,0.062568,0.458992,0.859379,0.503495,1.936314,1.532367,2.618269,1.962561,1.462907,1.487864,1.316075,0.000000,0.000000,0.000000
0.039265,0.633160,0.161224,0.310941,0.377245,0.254883,0.017117,0.722014,0.738611,0.373853,1.162766,1.438818,1.729844,1.922792,1.722307,1.786979,1.156883,0.000000,0.000000,0.000000
0.459694,0.644192,0.477874,0.323556,0.525405,0.626614,0.883005,0.433628,0.902280,0.897220,1.689192,2.289865,1.748880,2.339514,2.213326,1.826274,2.688008,0.000000,0.000000,0.000000
0.516164,0.041746,0.606890,0.308331,0.096542,0.133336,0.239856,0.486894,0.677283,0.061372,1.873315,1.079151,1.136814,1.555255,1.544425,1.504673,1.243622,0.000000,0.000000,0.000000
0.422153,0.610457,0.356157,0.671174,0.882738,0.383115,0.119742,0.605324,0.543998,0.999135,1.534370,2.145911,2.060932,2.178672,1.619662,1.752101,2.118012,0.000000,0.000000,0.000000
0.816721,0.272215,0.685987,0.216801,0.653834,0.036289,0.743223,0.569054,0.081869,0.446546,2.353021,1.447863,1.319218,1.660537,2.121434,1.570371,1.942626,0.000000,0.000000,0.000000
0.474752,0.379989,0.967510,0.402383,0.976670,0.853863,0.675399,0.208632,0.289666,0.732790,2.192900,2.461872,1.541902,2.060576,1.664796,1.937714,2.212380,0.000000,0.000000,0.000000
0.587052,0.735762,0.152028,0.133725,0.280161,0.902677,0.997050,0.046035,0.887100,0.175034,1.496659,1.989860,1.753644,2.067107,2.040143,1.860861,2.027687,0.000000,0.000000,0.000000
0.850237,0.802701,0.419389,0.281567,0.024491,0.424747,0.146847,0.279763,0.488801,0.598370,2.142291,1.778781,1.881981,1.263418,1.301327,1.460174,1.504894,0.000000,0.000000,0.000000
0.631219,0.436877,0.993857,0.571856,0.734090,0.218911,0.237210,0.967021,0.563931,0.215986,2.392294,1.263908,1.763897,2.052109,2.023289,2.014943,1.283860,0.000000,0.000000,0.000000
0.819307,0.454560,0.723744,0.993468,0.531125,0.538608,0.827365,0.797712,0.787988,0.845297,2.395008,2.135396,2.441539,2.152049,2.482244,2.087811,2.541892,0.000000,0.000000,0.000000
0.718108,0.773205,0.682347,0.302003,0.914821,0.326100,0.775577,0.738289,0.742284,0.212293,2.198026,1.318634,1.864411,2.465808,2.339808,1.844631,1.820645,0.000000,0.000000,0.000000
0.415377,0.748351,0.264872,0.030243,0.607939,0.385904,0.234086,0.431008,0.156005,0.896409,1.437410,2.045331,1.749266,1.632276,1.485805,1.579930,2.037635,0.000000,0.000000,0.000000
0.768250,0.094723,0.685241,0.871577,0.984601,0.289607,0.406909,0.005411,0.817930,0.680554,2.275450,1.764427,1.854370,2.653610,1.170985,1.089283,1.870063,0.000000,0.000000,0.000000
0.018097,0.395110,0.994905,0.795575,0.486345,0.293696,0.255430,0.611674,0.593320,0.409627,1.995232,1.495884,2.028049,1.838373,1.676918,1.697931,1.423225,0.000000,0.000000,0.000000
0.978169,0.306796,0.572867,0.889068,0.673991,0.363934,0.710422,0.426185,0.164844,0.218623,2.529681,1.351071,2.097237,1.701165,1.930885,1.558633,1.758219,0.000000,0.000000,0.000000
0.654068,0.619818,0.175454,0.929929,0.709750,0.642220,0.612806,0.367432,0.994704,0.976499,1.603259,2.388945,2.484586,2.699186,1.742963,1.779878,2.566355,0.000000,0.000000,0.000000
0.632427,0.249299,0.102903,0.097490,0.782245,0.667887,0.510230,0.166853,0.213630,0.798711,1.502867,2.244784,1.258803,1.827883,1.427188,1.612927,2.148169,0.000000,0.000000,0.000000
0.787806,0.966982,0.028570,0.195139,0.442042,0.792799,0.226702,0.483325,0.552882,0.544282,1.649209,2.172812,2.005061,1.747720,1.534719,2.111855,1.522945,0.000000,0.000000,0.000000
0.813406,0.122851,0.731306,0.590950,0.061303,0.004761,0.805351,0.433151,0.514543,0.122180,2.392936,1.122203,1.472074,1.326057,2.081741,1.433173,1.820279,0.000000,0.000000,0.000000
0.962632,0.209653,0.633104,0.429231,0.188390,0.275377,0.330093,0.990611,0.880423,0.758377,2.559764,1.834209,1.393892,1.963534,2.099572,2.066443,1.905228,0.000000,0.000000,0.000000
0.917604,0.597504,0.408176,0.814517,0.991932,0.994030,0.875364,0.649964,0.596451,0.674346,2.250174,2.662442,2.260942,2.347686,2.416227,2.638060,2.330107,0.000000,0.000000,0.000000
0.837892,0.748300,0.331882,0.406172,0.687982,0.429550,0.096671,0.980816,0.008920,0.600365,2.033944,1.784878,1.913275,1.688061,1.990162,2.165329,1.457109,0.000000,0.000000,0.000000
0.785582,0.234502,0.491868,0.190058,0.881322,0.514438,0.762836,0.601104,0.563997,0.488446,2.109007,1.753093,1.270624,2.199415,2.183022,1.865750,2.001415,0.000000,0.000000,0.000000
0.883714,0.347616,0.792992,0.665227,0.293864,0.082095,0.653415,0.956945,0.503214,0.293598,2.573942,1.300338,1.790142,1.547088,2.383897,1.963685,1.739615,0.000000,0.000000,0.000000
0.412515,0.019461,0.406591,0.447506,0.374648,0.656490,0.102079,0.780344,0.493379,0.372530,1.576759,1.803509,1.219723,1.618071,1.790765,2.211324,1.240858,0.000000,0.000000,0.000000
0.835049,0.524865,0.680499,0.233470,0.571737,0.580770,0.666979,0.634296,0.790343,0.178348,2.377807,1.515642,1.579374,2.196379,2.079158,1.971590,1.698787,0.000000,0.000000,0.000000
0.632966,0.313917,0.198609,0.150539,0.586055,0.056249,0.353380,0.507204,0.196617,0.404578,1.599254,1.407742,1.336579,1.624713,1.632081,1.510368,1.517064,0.000000,0.000000,0.000000
0.708418,0.373841,0.996726,0.212747,0.513122,0.505066,0.125588,0.517260,0.392598,0.387807,2.498583,1.642899,1.419102,1.667255,1.533033,1.772353,1.275983,0.000000,0.000000,0.000000
0.180895,0.347539,0.980699,0.369463,0.933484,0.021683,0.154322,0.191010,0.244682,0.210738,2.013422,1.211208,1.484043,1.993353,1.214825,1.191480,1.198732,0.000000,0.000000,0.000000
0.310912,0.706602,0.206875,0.104180,0.860369,0.499637,0.734670,0.334631,0.571101,0.014723,1.303542,1.264360,1.717455,2.186526,1.874370,1.584268,1.734886,0.000000,0.000000,0.000000
0.347080,0.154865,0.958325,0.816022,0.770283,0.028370,0.071128,0.819795,0.509896,0.782298,2.078789,1.783103,1.820757,2.030278,1.824855,1.820600,1.683118,0.000000,0.000000,0.000000
0.992777,0.357158,0.882997,0.690799,0.448457,0.824732,0.916198,0.512967,0.148935,0.881726,2.868602,2.561909,1.834362,1.470639,2.352386,2.193150,2.693638,0.000000,0.000000,0.000000
0.909911,0.770533,0.844036,0.128042,0.217980,0.295583,0.303486,0.313858,0.644642,0.511956,2.671975,1.599325,1.786928,1.633544,1.405962,1.401228,1.565584,0.000000,0.000000,0.000000
0.075984,0.280153,0.362610,0.123933,0.064050,0.622791,0.728654,0.790546,0.804660,0.589694,1.368384,1.977563,1.295513,1.711528,2.321483,2.178415,2.076393,0.000000,0.000000,0.000000
0.864015,0.706726,0.593832,0.244826,0.223270,0.098198,0.593939,0.554532,0.968050,0.072851,2.340353,1.082493,1.766665,2.160391,1.907295,1.564174,1.599246,0.000000,0.000000,0.000000
0.523763,0.866480,0.569711,0.710045,0.920312,0.222195,0.990728,0.517303,0.808227,0.184034,1.844039,1.233404,2.370644,2.573542,2.498845,1.566674,2.024596,0.000000,0.000000,0.000000
0.522434,0.319251,0.070803,0.823574,0.824171,0.383547,0.652673,0.011167,0.164553,0.755228,1.343740,1.902336,1.997525,1.851249,1.437150,1.158276,2.223043,0.000000,0.000000,0.000000
0.702457,0.528919,0.859009,0.006766,0.483781,0.988173,0.177002,0.228800,0.721733,0.498258,2.352455,2.474745,1.528965,2.004679,1.260130,2.205286,1.425264,0.000000,0.000000,0.000000
0.846773,0.108445,0.907189,0.534308,0.226568,0.036015,0.457065,0.427876,0.925822,0.293625,2.624213,1.294922,1.393930,2.083715,1.636784,1.429173,1.543281,0.000000,0.000000,0.000000
0.611426,0.649409,0.282932,0.693472,0.185105,0.495540,0.943105,0.361649,0.465894,0.475408,1.656774,1.720968,2.130312,1.402163,2.251096,1.607208,2.169118,0.000000,0.000000,0.000000
0.188303,0.557386,0.233128,0.471878,0.794048,0.169147,0.240624,0.939374,0.774974,0.162598,1.268586,1.191208,1.780055,2.394632,1.997274,1.967985,1.267063,0.000000,0.000000,0.000000
0.004674,0.422697,0.992171,0.965875,0.950780,0.734334,0.874850,0.363936,0.377210,0.412702,1.992193,1.951948,2.355612,2.093067,2.129298,1.903182,2.045173,0.000000,0.000000,0.000000
0.204100,0.023241,0.604054,0.464527,0.433707,0.381027,0.529915,0.036990,0.781851,0.962866,1.645711,2.108048,1.239026,2.044998,1.317800,1.182172,2.457026,0.000000,0.000000,0.000000
0.681549,0.207879,0.811361,0.695110,0.994000,0.520002,0.290272,0.482347,0.950491,0.301054,2.275870,1.571456,1.691057,2.897433,1.566605,1.752749,1.380906,0.000000,0.000000,0.000000
0.955196,0.241509,0.896281,0.109135,0.013133,0.020600,0.861559,0.257134,0.119063,0.381206,2.808679,1.381630,1.253420,1.027309,1.999418,1.257558,2.006877,0.000000,0.000000,0.000000
0.922213,0.918417,0.278479,0.842425,0.110187,0.135115,0.299834,0.590347,0.472917,0.017593,2.128956,1.035849,2.628097,1.333838,1.680247,1.608603,1.300144,0.000000,0.000000,0.000000
0.105148,0.363031,0.826518,0.297477,0.483934,0.094680,0.085965,0.805882,0.676528,0.692108,1.837574,1.701073,1.451523,1.941624,1.813272,1.814846,1.564979,0.000000,0.000000,0.000000
0.373991,0.515203,0.296420,0.125747,0.373761,0.685536,0.897265,0.452258,0.204907,0.539797,1.436290,2.009756,1.531015,1.415747,2.257342,1.922217,2.188646,0.000000,0.000000,0.000000
0.110115,0.809542,0.124186,0.722866,0.938594,0.344941,0.862732,0.128884,0.181239,0.058934,1.136312,1.177918,2.332078,1.971442,1.873190,1.247868,1.866205,0.000000,0.000000,0.000000
0.203515,0.725131,0.346888,0.049162,0.169240,0.402402,0.880595,0.379402,0.532684,0.469997,1.388306,1.631924,1.727548,1.452992,2.154849,1.541330,2.101492,0.000000,0.000000,0.000000
0.974116,0.832838,0.513369,0.746535,0.073800,0.190943,0.702896,0.421416,0.735517,0.942777,2.462270,1.979236,2.390152,1.614785,1.915478,1.457875,2.591724,0.000000,0.000000,0.000000
0.987110,0.879111,0.465308,0.261728,0.074784,0.648625,0.893146,0.070053,0.047069,0.228983,2.439695,1.649697,1.947613,1.076999,1.867763,1.490768,1.945579,0.000000,0.000000,0.000000
0.704589,0.693138,0.314326,0.878615,0.936737,0.396247,0.475641,0.250352,0.401768,0.612759,1.810772,1.769771,2.465102,2.098154,1.476586,1.407364,1.851115,0.000000,0.000000,0.000000
0.083929,0.334708,0.901372,0.072123,0.017392,0.387801,0.966476,0.055349,0.991159,0.022558,1.908416,1.172947,1.339910,1.999787,1.989425,1.205738,1.966985,0.000000,0.000000,0.000000
0.433524,0.671359,0.048316,0.317070,0.770629,0.206013,0.818105,0.651225,0.034987,0.609125,1.236259,1.651566,1.771892,1.771853,2.320521,1.693666,2.189138,0.000000,0.000000,0.000000
0.267675,0.003426,0.790463,0.968498,0.566050,0.576203,0.907847,0.952055,0.061148,0.919284,1.862113,2.251294,1.941414,1.569789,2.776240,2.284065,2.752929,0.000000,0.000000,0.000000
0.872500,0.899341,0.886709,0.006605,0.776625,0.360558,0.462550,0.802881,0.961159,0.407327,2.647965,1.537329,1.899384,2.700452,2.016833,1.932883,1.628465,0.000000,0.000000,0.000000
0.541161,0.081164,0.128255,0.482532,0.159693,0.205553,0.188045,0.942491,0.382054,0.318163,1.421111,1.360415,1.314001,1.305659,1.977852,1.984743,1.289273,0.000000,0.000000,0.000000
0.045373,0.807606,0.448106,0.941960,0.797565,0.947877,0.564521,0.415742,0.471871,0.157184,1.450165,2.055656,2.694896,2.020227,1.734426,2.314214,1.589228,0.000000,0.000000,0.000000
0.450074,0.905611,0.822967,0.971799,0.852185,0.372763,0.120057,0.764484,0.610275,0.958968,2.025533,2.097920,2.850004,2.224620,1.778897,1.903436,2.039677,0.000000,0.000000,0.000000
0.334565,0.862027,0.479201,0.654553,0.616465,0.444453,0.557358,0.245603,0.372986,0.922902,1.591135,2.120441,2.290467,1.755584,1.556251,1.443141,2.409107,0.000000,0.000000,0.000000
0.920028,0.082784,0.536159,0.325765,0.778613,0.236543,0.137449,0.226825,0.408655,0.706871,2.382610,1.762823,1.188907,1.945612,1.245717,1.282778,1.637115,0.000000,0.000000,0.000000
0.520394,0.100228,0.782643,0.916378,0.738305,0.171061,0.328792,0.813051,0.258324,0.473869,2.053453,1.503131,1.939977,1.805037,1.921155,1.842313,1.553344,0.000000,0.000000,0.000000
0.324847,0.285606,0.383229,0.521358,0.623423,0.916672,0.121207,0.365894,0.149342,0.887678,1.488755,2.727965,1.557420,1.645726,1.380585,2.206181,1.909179,0.000000,0.000000,0.000000
0.322139,0.246599,0.253692,0.317898,0.940730,0.183821,0.910706,0.009641,0.614690,0.503605,1.357465,1.537395,1.347658,2.318574,1.839026,1.043431,2.164324,0.000000,0.000000,0.000000
0.666203,0.289966,0.642286,0.190238,0.563174,0.178271,0.659919,0.312908,0.843277,0.283004,2.086112,1.314785,1.326157,2.274290,1.748401,1.344689,1.740010,0.000000,0.000000,0.000000
0.652829,0.506558,0.689661,0.185122,0.468429,0.988058,0.461711,0.052921,0.122498,0.882969,2.115847,2.859228,1.540829,1.483435,1.266098,2.029180,2.241346,0.000000,0.000000,0.000000
0.566492,0.537832,0.870824,0.853415,0.714516,0.437761,0.919411,0.351125,0.888892,0.171395,2.191736,1.363029,2.266149,2.504645,2.196440,1.542759,1.948787,0.000000,0.000000,0.000000
0.513158,0.635767,0.102824,0.524366,0.017394,0.063870,0.779177,0.480562,0.584672,0.518106,1.366156,1.522185,1.910727,1.359235,2.087679,1.484641,2.047611,0.000000,0.000000,0.000000
0.371823,0.435322,0.481585,0.400415,0.940397,0.198071,0.717978,0.453173,0.008558,0.583083,1.619837,1.622315,1.595654,1.940471,1.968665,1.492405,2.057963,0.000000,0.000000,0.000000
0.700454,0.428700,0.635776,0.290394,0.688290,0.229916,0.956122,0.506804,0.719933,0.938167,2.126411,1.991028,1.513029,2.206593,2.420974,1.559666,2.836279,0.000000,0.000000,0.000000
0.384451,0.679048,0.794362,0.745461,0.278016,0.110224,0.481520,0.609006,0.889099,0.574601,1.942164,1.586750,2.234760,2.068513,1.840867,1.621155,1.811686,0.000000,0.000000,0.000000
0.428002,0.702692,0.086553,0.035373,0.433559,0.712737,0.678647,0.120200,0.946741,0.836951,1.269739,2.344945,1.703943,2.329877,1.580762,1.628194,2.379134,0.000000,0.000000,0.000000
0.156101,0.343510,0.662134,0.056011,0.175702,0.550357,0.079994,0.138280,0.748777,0.618433,1.686502,1.921326,1.346647,1.736368,1.144679,1.441173,1.462454,0.000000,0.000000,0.000000
0.875402,0.564820,0.985535,0.519629,0.060431,0.957182,0.988565,0.442600,0.526844,0.604840,2.751864,2.521037,1.834834,1.337995,2.419861,2.358797,2.354396,0.000000,0.000000,0.000000
0.713426,0.243741,0.854796,0.883295,0.569368,0.844594,0.518583,0.758499,0.872009,0.222474,2.363773,1.935813,2.023951,2.329768,2.027428,2.471837,1.568078,0.000000,0.000000,0.000000
0.296090,0.887619,0.095882,0.725764,0.920981,0.010982,0.237014,0.889118,0.038951,0.000854,1.183551,1.000975,2.414353,1.922498,1.945294,1.889239,1.237015,0.000000,0.000000,0.000000
0.981123,0.478062,0.076826,0.142082,0.384545,0.317244,0.439034,0.286706,0.562124,0.124299,2.039429,1.224942,1.498249,1.700528,1.479457,1.387349,1.454484,0.000000,0.000000,0.000000
0.753445,0.073154,0.518043,0.534989,0.021590,0.274403,0.364514,0.150884,0.556424,0.053758,2.085722,1.129055,1.359367,1.331198,1.283754,1.226181,1.367404,0.000000,0.000000,0.000000
0.644662,0.542927,0.060080,0.543295,0.703309,0.207710,0.095504,0.855777,0.916296,0.597103,1.475668,1.640246,1.838097,2.542907,1.864898,1.898920,1.452036,0.000000,0.000000,0.000000
0.157019,0.472347,0.883125,0.268661,0.638219,0.676858,0.939810,0.468001,0.140730,0.061242,1.907780,1.519378,1.544526,1.658024,2.351245,1.926138,1.943561,0.000000,0.000000,0.000000
0.219369,0.917014,0.919737,0.523300,0.589414,0.599036,0.791578,0.572295,0.363340,0.617964,1.967859,1.976807,2.190857,1.721430,2.198891,1.931139,2.173457,0.000000,0.000000,0.000000
0.998995,0.497329,0.528194,0.340588,0.034242,0.608065,0.743365,0.048504,0.534456,0.273961,2.526185,1.643704,1.613329,1.319886,1.601096,1.418247,1.818420,0.000000,0.000000,0.000000
0.227534,0.350884,0.558146,0.544014,0.853571,0.791800,0.120568,0.960573,0.469187,0.881293,1.609918,2.508241,1.646836,2.073708,1.975110,2.587521,1.897245,0.000000,0.000000,0.000000
0.326469,0.742792,0.317862,0.372844,0.697026,0.837716,0.904332,0.342817,0.024404,0.374408,1.424444,2.076176,1.881804,1.697622,2.160633,2.044585,2.044513,0.000000,0.000000,0.000000
0.470948,0.552915,0.316495,0.331328,0.259009,0.285586,0.379535,0.073903,0.340457,0.430539,1.538287,1.512098,1.662692,1.374920,1.217950,1.155462,1.564898,0.000000,0.000000,0.000000
0.026558,0.242926,0.360071,0.684883,0.787291,0.939678,0.043725,0.143365,0.950364,0.524326,1.360777,2.407320,1.711990,2.690482,1.145277,2.026359,1.318642,0.000000,0.000000,0.000000
0.628027,0.968348,0.667614,0.494737,0.660879,0.411368,0.533263,0.770268,0.044722,0.218924,2.062031,1.388148,2.213113,1.662879,2.054637,1.939491,1.581190,0.000000,0.000000,0.000000
0.168757,0.641705,0.046805,0.662806,0.778211,0.780107,0.682306,0.274285,0.233260,0.976431,1.075284,2.584997,2.081017,1.832621,1.739827,1.882852,2.635723,0.000000,0.000000,0.000000
0.942686,0.838347,0.661319,0.164942,0.368205,0.712162,0.976299,0.433072,0.931723,0.844562,2.549975,2.351737,1.865553,2.236312,2.386231,1.940246,2.689585,0.000000,0.000000,0.000000
0.908182,0.535303,0.421792,0.748584,0.272862,0.193794,0.387074,0.379907,0.286614,0.291253,2.246587,1.328810,2.095681,1.355009,1.529733,1.417463,1.471903,0.000000,0.000000,0.000000
0.717988,0.107672,0.570855,0.068118,0.920320,0.684707,0.361695,0.345945,0.477774,0.847008,2.086363,2.315832,1.112312,2.148588,1.476768,1.814769,2.079118,0.000000,0.000000,0.000000
0.189980,0.409239,0.493820,0.913558,0.297470,0.423258,0.444380,0.200649,0.506933,0.856203,1.529913,2.035351,2.243828,1.554451,1.398123,1.379797,2.177465,0.000000,0.000000,0.000000
0.630395,0.176282,0.078712,0.936743,0.995282,0.160479,0.129823,0.393899,0.993083,0.983485,1.476109,2.009238,2.053768,2.981495,1.410753,1.419653,2.097065,0.000000,0.000000,0.000000
0.813571,0.352691,0.157719,0.976486,0.012555,0.038691,0.215907,0.094322,0.133308,0.128065,1.819616,1.129562,2.306215,1.030326,1.140937,1.095819,1.232308,0.000000,0.000000,0.000000
0.437164,0.534280,0.917089,0.217833,0.728559,0.248736,0.658058,0.493653,0.764475,0.283197,2.108201,1.345067,1.581731,2.312982,1.926693,1.555523,1.738259,0.000000,0.000000,0.000000
0.584082,0.682028,0.509268,0.435301,0.508584,0.315861,0.448659,0.466944,0.652167,0.052398,1.850420,1.152166,1.871515,1.933906,1.668239,1.566712,1.451404,0.000000,0.000000,0.000000
0.976823,0.154175,0.252546,0.848526,0.169205,0.665744,0.467172,0.078904,0.520082,0.558784,2.206730,2.001998,1.874172,1.439690,1.297154,1.522119,1.779411,0.000000,0.000000,0.000000
0.370792,0.281602,0.637183,0.722137,0.216340,0.546729,0.735818,0.166995,0.094627,0.143635,1.774670,1.442548,1.803085,1.225294,1.708424,1.465908,1.756450,0.000000,0.000000,0.000000
0.900155,0.119447,0.645556,0.783520,0.769012,0.150937,0.397231,0.188648,0.905961,0.561037,2.455834,1.583819,1.733350,2.589777,1.346441,1.211430,1.711993,0.000000,0.000000,0.000000
0.827770,0.324719,0.833221,0.955654,0.064717,0.723952,0.030404,0.875777,0.696584,0.635394,2.518424,2.159501,2.237994,1.549946,1.876701,2.399884,1.434130,0.000000,0.000000,0.000000
0.373175,0.422068,0.560173,0.085558,0.460428,0.472042,0.394143,0.974183,0.707906,0.149129,1.699433,1.371952,1.429388,1.961559,2.129532,2.197006,1.416383,0.000000,0.000000,0.000000
0.167382,0.242803,0.291633,0.230222,0.794797,0.100679,0.472371,0.682612,0.175550,0.694928,1.319650,1.705064,1.295805,1.825615,1.905746,1.692748,1.955296,0.000000,0.000000,0.000000
0.260060,0.329801,0.846069,0.549953,0.998268,0.779288,0.147463,0.397608,0.438089,0.274092,1.913701,1.881383,1.632249,2.190189,1.419353,2.004898,1.222590,0.000000,0.000000,0.000000
0.370761,0.566810,0.747217,0.578642,0.556399,0.589270,0.586881,0.986904,0.123712,0.142974,1.884681,1.490214,1.901637,1.571704,2.331333,2.334143,1.607323,0.000000,0.000000,0.000000
0.562785,0.193758,0.742568,0.588949,0.946812,0.182488,0.361831,0.805374,0.110759,0.810776,2.059295,1.844077,1.540618,1.959080,1.936295,1.838675,2.019188,0.000000,0.000000,0.000000
0.696371,0.470546,0.304590,0.906259,0.221876,0.695606,0.487396,0.715777,0.585912,0.713300,1.789523,2.197168,2.291851,1.565168,1.953332,2.199645,1.996194,0.000000,0.000000,0.000000
0.371948,0.207478,0.357835,0.712244,0.794930,0.538096,0.981297,0.848517,0.131459,0.959218,1.496181,2.248766,1.714769,1.812211,2.811460,2.138065,2.901396,0.000000,0.000000,0.000000
0.132206,0.096374,0.533972,0.490072,0.135348,0.166352,0.171186,0.846762,0.261736,0.973312,1.551451,2.000985,1.336545,1.203854,1.876067,1.874435,2.118522,0.000000,0.000000,0.000000
0.709162,0.239679,0.589637,0.529790,0.580829,0.631577,0.647682,0.119508,0.107133,0.559855,2.092548,1.958745,1.520356,1.592307,1.539001,1.518398,1.961120,0.000000,0.000000,0.000000
0.423261,0.672741,0.524702,0.151171,0.063723,0.294355,0.200425,0.607169,0.931099,0.033019,1.703852,1.119664,1.695593,1.930669,1.647339,1.693814,1.201516,0.000000,0.000000,0.000000
0.807016,0.322938,0.254264,0.153560,0.606291,0.032071,0.638193,0.465896,0.839108,0.222906,1.905539,1.223935,1.346518,2.310393,1.873186,1.466924,1.687880,0.000000,0.000000,0.000000
0.115778,0.343850,0.130882,0.218334,0.526608,0.448116,0.499232,0.844152,0.151883,0.237902,1.144287,1.438710,1.391520,1.549676,2.093384,2.044960,1.555829,0.000000,0.000000,0.000000
0.724580,0.841461,0.420799,0.920890,0.931163,0.406084,0.921110,0.421229,0.279169,0.647943,1.945815,1.812847,2.689499,2.009099,2.269672,1.586133,2.340940,0.000000,0.000000,0.000000
0.245747,0.463421,0.814997,0.619145,0.061360,0.351074,0.218217,0.949125,0.297660,0.003540,1.875388,1.126793,1.846762,1.149961,1.996744,2.072379,1.218229,0.000000,0.000000,0.000000
0.743496,0.060926,0.333720,0.646038,0.905192,0.367804,0.329116,0.281594,0.647096,0.072137,1.886506,1.207416,1.478292,2.323925,1.389912,1.416874,1.334320,0.000000,0.000000,0.000000
0.976658,0.070459,0.604962,0.131986,0.512321,0.094980,0.599778,0.901860,0.107227,0.559714,2.558822,1.568735,1.087879,1.523819,2.261593,1.910881,1.913057,0.000000,0.000000,0.000000
0.409859,0.397715,0.081521,0.981897,0.390886,0.231885,0.846419,0.581840,0.635229,0.534175,1.249505,1.587946,2.361836,1.794401,2.298265,1.635610,2.131762,0.000000,0.000000,0.000000
0.986013,0.596288,0.136821,0.956084,0.612224,0.256100,0.207125,0.276941,0.836114,0.620100,2.109043,1.685687,2.510385,2.311310,1.319842,1.342529,1.591648,0.000000,0.000000,0.000000
0.329899,0.453663,0.354956,0.960897,0.004630,0.153988,0.690579,0.647858,0.154511,0.231459,1.463789,1.255171,2.376987,1.028504,2.124757,1.671570,1.744152,0.000000,0.000000,0.000000
0.093719,0.904697,0.266496,0.273289,0.610854,0.149748,0.915973,0.977057,0.013493,0.078915,1.275280,1.101340,1.979384,1.611036,2.816064,1.999481,1.922201,0.000000,0.000000,0.000000
0.128377,0.532289,0.963360,0.569246,0.273447,0.495972,0.422031,0.597240,0.037885,0.088064,1.979840,1.334052,1.856330,1.274882,1.775350,1.843228,1.429786,0.000000,0.000000,0.000000
0.193404,0.568700,0.956845,0.911355,0.702255,0.592272,0.243027,0.658648,0.782353,0.539320,1.994250,1.890106,2.399268,2.314332,1.717710,2.009434,1.533893,0.000000,0.000000,0.000000
0.958451,0.118675,0.530619,0.300040,0.430856,0.992274,0.821506,0.018459,0.875602,0.102830,2.449248,2.087438,1.208699,2.197535,1.693331,2.003066,1.832080,0.000000,0.000000,0.000000
0.347402,0.819987,0.843639,0.489711,0.863815,0.890920,0.094344,0.704423,0.385303,0.379316,1.964328,2.173054,2.059803,2.012273,1.713324,2.498162,1.238225,0.000000,0.000000,0.000000
0.063843,0.284977,0.142125,0.136614,0.815048,0.911674,0.637446,0.575609,0.681365,0.175200,1.146201,2.006350,1.303641,2.279306,1.981947,2.406759,1.668142,0.000000,0.000000,0.000000
0.086250,0.332113,0.893781,0.452652,0.439866,0.774117,0.129621,0.803569,0.069427,0.506417,1.901220,2.105674,1.537006,1.444686,1.820370,2.402826,1.386078,0.000000,0.000000,0.000000
0.260341,0.920322,0.196596,0.622936,0.020334,0.811518,0.185912,0.469342,0.648176,0.375305,1.264373,2.033866,2.308372,1.440466,1.503906,2.127903,1.326767,0.000000,0.000000,0.000000
0.150472,0.716862,0.859822,0.185509,0.620812,0.393038,0.751582,0.393507,0.472755,0.098664,1.882464,1.253143,1.751276,1.844309,1.958382,1.547985,1.761317,0.000000,0.000000,0.000000
0.179766,0.364446,0.637877,0.105511,0.572264,0.856573,0.706418,0.361525,0.594528,0.766574,1.670193,2.500292,1.375578,1.925728,1.860551,2.095242,2.294054,0.000000,0.000000,0.000000
0.273810,0.118632,0.881924,0.258318,0.117381,0.742166,0.119599,0.201567,0.335244,0.663359,1.956896,2.214170,1.185360,1.229769,1.215871,1.752378,1.559644,0.000000,0.000000,0.000000
0.746268,0.287849,0.225985,0.300177,0.955783,0.096245,0.454657,0.392871,0.220435,0.520572,1.782900,1.529835,1.377955,2.004375,1.599584,1.402134,1.725652,0.000000,0.000000,0.000000
0.439754,0.884239,0.496435,0.422505,0.125825,0.276888,0.406702,0.729653,0.212382,0.654911,1.689818,1.731578,2.062750,1.170931,1.895059,1.806320,1.835610,0.000000,0.000000,0.000000
0.124581,0.528059,0.437801,0.223794,0.918277,0.425673,0.136201,0.690541,0.914892,0.663046,1.453322,1.844244,1.578143,2.755304,1.709092,1.871738,1.575832,0.000000,0.000000,0.000000
0.239114,0.733629,0.928993,0.929853,0.836913,0.045656,0.604456,0.446789,0.761280,0.091580,1.986168,1.093664,2.598255,2.416461,1.812156,1.448874,1.612843,0.000000,0.000000,0.000000
0.368144,0.922554,0.087684,0.968289,0.172324,0.322609,0.847313,0.968562,0.358191,0.054040,1.223213,1.158116,2.860138,1.300625,2.686500,2.072638,1.850233,0.000000,0.000000,0.000000
0.788279,0.984830,0.401690,0.804162,0.565023,0.196291,0.406783,0.073727,0.549917,0.081510,2.023073,1.120040,2.631507,1.867431,1.239199,1.112257,1.413427,0.000000,0.000000,0.000000
0.908074,0.855395,0.541737,0.701309,0.357707,0.059338,0.854523,0.833706,0.015826,0.683940,2.366335,1.687461,2.347229,1.357957,2.563915,1.837227,2.322296,0.000000,0.000000,0.000000
0.371395,0.083305,0.526111,0.723501,0.554843,0.394150,0.925080,0.476336,0.084521,0.005182,1.664046,1.160536,1.606759,1.561987,2.332110,1.631691,1.925107,0.000000,0.000000,0.000000
0.043618,0.908121,0.625713,0.732879,0.218154,0.950907,0.184067,0.543303,0.831431,0.304178,1.627616,2.208402,2.445232,1.909432,1.577183,2.447526,1.276592,0.000000,0.000000,0.000000
0.107353,0.004701,0.573809,0.677942,0.926322,0.336420,0.109170,0.666999,0.647924,0.756839,1.585334,1.870018,1.464306,2.346127,1.678917,1.780177,1.681975,0.000000,0.000000,0.000000
