0.553533,0.937812,0.776026,0.219611,0.007750,0.903243,0.834092,0.337246,0.984808,0.805536,1.937872,1.821828,1.947827,2.291206,2.552131,2.800656,2.140490,1.821828,0.000000,0.000000
0.765655,0.780966,0.535409,0.299267,0.156882,0.297589,0.181716,0.584358,0.111175,0.922551,1.805577,1.585930,1.523191,1.697403,2.148690,1.199734,1.767944,1.585930,0.000000,0.000000
0.787217,0.198269,0.797832,0.667211,0.979086,0.198228,0.752309,0.706824,0.195494,0.907388,2.156877,2.303747,2.251909,1.815204,2.021582,1.234788,2.372020,2.303747,0.000000,0.000000
0.783315,0.645904,0.673649,0.918034,0.450734,0.804741,0.371626,0.603772,0.500703,0.167400,1.849066,2.371837,1.736167,2.114285,1.832764,2.148311,1.985209,2.371837,0.000000,0.000000
0.929953,0.310740,0.970262,0.034838,0.493885,0.330759,0.787636,0.070417,0.557159,0.483440,1.554663,1.976245,1.792594,2.421972,1.564473,1.666560,2.652449,1.976245,0.000000,0.000000
0.602954,0.575115,0.286109,0.887822,0.472535,0.768390,0.123087,0.853276,0.478197,0.162727,1.798404,1.969680,1.851167,1.841750,1.794870,2.068619,1.486640,1.969680,0.000000,0.000000
0.350423,0.481595,0.073000,0.450926,0.249281,0.157250,0.377475,0.883342,0.873676,0.610051,1.543735,1.456255,2.157768,1.996473,1.529412,1.898404,1.500272,1.456255,0.000000,0.000000
0.517271,0.090757,0.733024,0.663093,0.080769,0.735872,0.621008,0.144882,0.018857,0.506074,1.097281,2.200417,1.641998,1.286426,1.991983,1.560365,1.888577,2.200417,0.000000,0.000000
0.020638,0.433509,0.399475,0.437948,0.146443,0.835676,0.700292,0.742435,0.696036,0.851558,1.454955,1.597528,2.251501,1.696462,2.560828,2.394391,1.700718,1.597528,0.000000,0.000000
0.487096,0.037519,0.901520,0.441669,0.637089,0.473658,0.357358,0.295374,0.672209,0.227326,1.443401,2.254408,1.444604,1.909471,1.525335,1.896560,1.594620,2.254408,0.000000,0.000000
0.584535,0.423919,0.081787,0.724209,0.477397,0.890863,0.741147,0.820039,0.593088,0.167765,1.651827,1.730898,2.413610,1.934770,1.919008,2.386726,2.082828,1.730898,0.000000,0.000000
0.278414,0.214689,0.585168,0.387569,0.192754,0.585268,0.974890,0.481544,0.864493,0.219781,1.251843,1.729991,2.206774,1.942008,1.633572,2.207032,2.052404,1.729991,0.000000,0.000000
0.866525,0.151464,0.318650,0.780498,0.539904,0.030871,0.072348,0.281309,0.265407,0.511263,1.442960,1.882036,1.151482,2.016273,1.292262,1.266360,1.823214,1.882036,0.000000,0.000000
0.585440,0.601216,0.587904,0.062088,0.693540,0.838118,0.288745,0.557884,0.605047,0.607408,2.082213,1.407719,1.599980,1.947787,2.207063,2.307490,1.631485,1.407719,0.000000,0.000000
0.828825,0.038304,0.163658,0.555172,0.372589,0.504647,0.709408,0.139156,0.531173,0.823496,1.177127,1.581956,1.728772,2.218124,2.182793,1.785842,2.396359,1.581956,0.000000,0.000000
0.560115,0.573612,0.536112,0.727429,0.563077,0.791353,0.417708,0.285214,0.595665,0.734232,1.890668,2.014845,1.499055,1.909394,2.330450,2.221905,1.731437,2.014845,0.000000,0.000000
0.931054,0.153772,0.047371,0.861303,0.329118,0.441503,0.094228,0.551679,0.097176,0.640841,1.262091,1.863547,1.398578,1.964037,1.852181,1.292101,1.961089,1.863547,0.000000,0.000000
0.281332,0.283894,0.108331,0.701462,0.765003,0.274672,0.538544,0.887661,0.850033,0.032501,1.869123,1.713197,2.326486,1.929181,1.275728,1.925478,1.617692,1.713197,0.000000,0.000000
0.504454,0.271610,0.363432,0.841850,0.025747,0.580904,0.112212,0.157601,0.822057,0.579137,1.272273,1.973933,1.137050,2.076530,1.916304,2.159506,1.366686,1.973933,0.000000,0.000000
0.301751,0.773354,0.317035,0.979166,0.754141,0.459439,0.597823,0.518060,0.617461,0.442651,2.342083,2.079677,1.866209,1.708514,1.655380,1.828545,1.688877,2.079677,0.000000,0.000000
0.227271,0.755821,0.521288,0.196823,0.277574,0.675774,0.290869,0.772697,0.739613,0.845410,1.832869,1.468564,1.887929,1.791266,2.390492,2.196284,1.342521,1.468564,0.000000,0.000000
0.690381,0.576517,0.410814,0.158406,0.024761,0.037826,0.437603,0.260218,0.247397,0.740311,1.577131,1.327174,1.505317,1.724023,1.585886,1.248828,1.914229,1.327174,0.000000,0.000000
0.616408,0.292866,0.226835,0.672596,0.991830,0.084738,0.781319,0.951406,0.662075,0.039712,2.276593,1.724050,2.686492,2.042034,1.086315,1.669256,2.161277,1.724050,0.000000,0.000000
0.431605,0.311338,0.292754,0.433733,0.374029,0.229821,0.027932,0.985083,0.462219,0.129504,1.451236,1.519438,1.998320,1.648502,1.246592,1.515037,1.214214,1.519438,0.000000,0.000000
0.061034,0.163314,0.452108,0.037270,0.239213,0.491987,0.299380,0.268767,0.119348,0.680690,1.220537,1.241672,1.371616,1.123073,1.955326,1.361399,1.303106,1.241672,0.000000,0.000000
0.106388,0.268744,0.893207,0.764673,0.143883,0.505711,0.892465,0.317879,0.103145,0.261680,1.289447,2.562491,1.993512,1.114463,1.574187,1.358888,1.903783,2.562491,0.000000,0.000000
0.685202,0.463089,0.829521,0.027111,0.493550,0.382495,0.466912,0.492443,0.583866,0.126480,1.706681,1.715216,1.709412,2.053368,1.398493,1.730169,1.936413,1.715216,0.000000,0.000000
0.425106,0.372911,0.818961,0.992720,0.364780,0.393189,0.171057,0.505787,0.158277,0.335246,1.505976,2.663417,1.426877,1.338992,1.505579,1.312875,1.351772,2.663417,0.000000,0.000000
0.424378,0.670834,0.769401,0.356245,0.647741,0.580282,0.392836,0.280813,0.416061,0.252937,2.090403,1.948224,1.471692,1.596158,1.644259,1.752789,1.572933,1.948224,0.000000,0.000000
0.723038,0.770077,0.056153,0.146351,0.157622,0.264976,0.450539,0.773394,0.335567,0.309076,1.794922,1.149505,2.048678,1.858351,1.360504,1.405779,1.973323,1.149505,0.000000,0.000000
0.773474,0.247038,0.106794,0.521091,0.736728,0.918000,0.086252,0.623835,0.393011,0.637244,1.789806,1.532496,1.475421,1.991273,2.324080,2.235735,1.684514,1.532496,0.000000,0.000000
0.343702,0.574403,0.373807,0.119118,0.761305,0.097237,0.818210,0.807778,0.224028,0.243013,2.153989,1.258850,2.470716,1.342159,1.156293,1.233483,1.936340,1.258850,0.000000,0.000000
0.590064,0.343355,0.703603,0.609515,0.867376,0.055948,0.889694,0.189691,0.564547,0.770685,2.095696,2.104573,1.925677,1.912723,1.649903,1.567677,2.237870,2.104573,0.000000,0.000000
0.896786,0.251824,0.141001,0.699519,0.836609,0.289537,0.640338,0.036314,0.290346,0.869767,1.951739,1.719400,1.641656,2.094571,2.046033,1.374177,2.444563,1.719400,0.000000,0.000000
0.438454,0.929843,0.637179,0.290223,0.857924,0.952650,0.861771,0.214226,0.236536,0.801593,2.665876,1.696220,1.907664,1.428778,2.595202,2.144079,2.054013,1.696220,0.000000,0.000000
0.698370,0.897908,0.056056,0.189595,0.923853,0.283380,0.478406,0.319362,0.941264,0.891025,2.751412,1.192737,1.580399,2.428985,2.077306,2.021568,1.966128,1.192737,0.000000,0.000000
0.402605,0.247635,0.064743,0.956676,0.394366,0.820062,0.880822,0.637388,0.004717,0.277817,1.403160,1.960868,2.287085,1.166808,1.897244,1.677218,2.042913,1.960868,0.000000,0.000000
0.154973,0.520971,0.587605,0.639324,0.345119,0.589433,0.969411,0.187669,0.196964,0.359719,1.640078,1.984603,2.004631,1.220981,1.718830,1.544395,1.993428,1.984603,0.000000,0.000000
0.124801,0.695656,0.123811,0.005904,0.381640,0.303852,0.375267,0.089556,0.058284,0.127685,1.841305,1.021233,1.383288,1.073859,1.320155,1.150609,1.390843,1.021233,0.000000,0.000000
0.932460,0.095160,0.946068,0.663259,0.516941,0.881978,0.645116,0.305330,0.565205,0.455899,1.362388,2.558304,1.738343,2.434687,2.089822,2.343090,2.514598,2.558304,0.000000,0.000000
0.620813,0.468341,0.186542,0.241326,0.058172,0.354672,0.084584,0.710641,0.456292,0.589513,1.471725,1.276125,1.589595,1.841700,1.702197,1.582084,1.469992,1.276125,0.000000,0.000000
0.450621,0.031638,0.471713,0.936414,0.537013,0.331428,0.446824,0.040413,0.524688,0.197998,1.320021,2.158927,1.448457,1.727747,1.370631,1.634533,1.649883,2.158927,0.000000,0.000000
0.334366,0.155604,0.995054,0.873414,0.775832,0.850381,0.485282,0.557956,0.253646,0.590681,1.757520,2.863547,1.796597,1.365446,2.199285,1.976793,1.597083,2.863547,0.000000,0.000000
0.202638,0.228558,0.543835,0.600562,0.730432,0.333115,0.442789,0.866881,0.743897,0.344189,1.762088,1.896318,2.194271,1.784960,1.451581,1.854863,1.483851,1.896318,0.000000,0.000000
0.013661,0.593637,0.428856,0.115329,0.347293,0.920217,0.578685,0.003159,0.587804,0.232553,1.714249,1.299246,1.578695,1.587991,1.974298,2.434604,1.578871,1.299246,0.000000,0.000000
0.381918,0.967894,0.611298,0.622959,0.209963,0.021873,0.348707,0.961222,0.872690,0.096635,2.011978,1.996645,2.272655,2.018552,1.031211,1.873169,1.494569,1.996645,0.000000,0.000000
0.388847,0.383227,0.773456,0.743159,0.019330,0.270950,0.687441,0.148474,0.572541,0.757484,1.383601,2.341393,1.709486,1.723743,1.844732,1.645955,1.838644,2.341393,0.000000,0.000000
0.144428,0.704260,0.989906,0.353659,0.753611,0.281282,0.118212,0.314494,0.945052,0.660935,2.272189,2.333573,1.217118,1.965911,1.718118,2.024172,1.139072,2.333573,0.000000,0.000000
0.446514,0.411481,0.851970,0.144750,0.812412,0.853206,0.587306,0.520761,0.222121,0.738410,2.071493,1.870603,1.858498,1.421496,2.398456,1.950081,1.786681,1.870603,0.000000,0.000000
0.833917,0.369461,0.080214,0.475074,0.779120,0.170402,0.186296,0.825104,0.869307,0.062671,1.976489,1.481509,1.867092,2.564724,1.174329,1.898344,1.881713,1.481509,0.000000,0.000000
0.063215,0.362819,0.100918,0.616553,0.998554,0.087028,0.675988,0.032592,0.961537,0.598264,2.359929,1.626738,1.677050,1.965534,1.444948,1.969111,1.679984,1.626738,0.000000,0.000000
0.627358,0.230596,0.174188,0.369136,0.932100,0.777166,0.534218,0.262371,0.442580,0.536583,2.099406,1.399478,1.603056,1.836158,2.065088,2.046567,1.927796,1.399478,0.000000,0.000000
0.454211,0.182223,0.220627,0.528820,0.545705,0.483840,0.926454,0.965563,0.261886,0.832356,1.480016,1.577496,2.858766,1.468194,2.176656,1.495987,2.132761,1.577496,0.000000,0.000000
0.588103,0.606546,0.788563,0.909332,0.223614,0.917650,0.625794,0.503973,0.696295,0.875095,1.656549,2.531164,1.879782,2.042160,2.683441,2.538377,1.971659,2.531164,0.000000,0.000000
0.388227,0.399022,0.106710,0.812205,0.982375,0.624184,0.764337,0.393969,0.678073,0.684462,2.364083,1.823592,1.919548,1.828793,2.092672,2.067679,1.915057,1.823592,0.000000,0.000000
0.188742,0.783231,0.608316,0.831065,0.887883,0.599613,0.096227,0.189648,0.446351,0.884103,2.571567,2.201114,1.132194,1.481974,2.381251,1.805886,1.131851,2.201114,0.000000,0.000000
0.679881,0.924570,0.806409,0.028751,0.741969,0.957726,0.159491,0.416447,0.867893,0.939255,2.475089,1.679046,1.332919,2.330132,2.839926,2.785133,1.621730,1.679046,0.000000,0.000000
0.486634,0.400994,0.391310,0.988080,0.452192,0.024419,0.571760,0.296714,0.345294,0.201582,1.605472,2.141203,1.659800,1.582106,1.065055,1.345890,1.808573,2.141203,0.000000,0.000000
0.824600,0.568746,0.304858,0.242846,0.559230,0.164942,0.486413,0.968379,0.350272,0.090855,1.881483,1.335784,2.424171,2.030238,1.173197,1.377478,2.166379,1.335784,0.000000,0.000000
0.243590,0.434711,0.501749,0.773903,0.605406,0.517108,0.296620,0.218368,0.022326,0.759039,1.801227,2.025655,1.344305,1.081662,2.093249,1.289726,1.355956,2.025655,0.000000,0.000000
0.572720,0.439195,0.547612,0.482258,0.287329,0.657958,0.275427,0.588148,0.152417,0.807692,1.521753,1.782137,1.621345,1.480425,2.310324,1.585326,1.603435,1.782137,0.000000,0.000000
0.439554,0.764925,0.045318,0.567954,0.741305,0.426588,0.361452,0.493898,0.093725,0.467841,2.314458,1.570008,1.605387,1.286933,1.645464,1.275703,1.554660,1.570008,0.000000,0.000000
0.371471,0.204790,0.192396,0.934991,0.941593,0.477559,0.625576,0.241354,0.620140,0.932671,2.091387,1.972007,1.683827,1.758130,2.347434,1.848202,1.763567,1.972007,0.000000,0.000000
0.694814,0.832251,0.108607,0.914849,0.742085,0.145121,0.465512,0.261791,0.253571,0.451871,2.382941,1.926645,1.534046,1.736337,1.349309,1.274631,1.948278,1.926645,0.000000,0.000000
0.061291,0.008934,0.718477,0.641723,0.366346,0.467734,0.780542,0.635398,0.887326,0.256557,1.143143,2.157932,2.184272,1.891083,1.533555,2.106101,1.784298,2.157932,0.000000,0.000000
0.090622,0.739202,0.124089,0.188510,0.252327,0.962880,0.559399,0.977130,0.335313,0.304623,1.802871,1.203908,2.514183,1.343525,2.055675,2.262451,1.567612,1.203908,0.000000,0.000000
0.608258,0.301692,0.206989,0.802982,0.596783,0.028686,0.834612,0.249506,0.437910,0.297109,1.657842,1.845826,1.896865,1.807887,1.116960,1.438733,2.204589,1.845826,0.000000,0.000000
0.050001,0.415528,0.017064,0.881884,0.986299,0.514470,0.399144,0.316695,0.569910,0.155877,2.388313,1.882175,1.499440,1.572410,1.538767,1.834589,1.401644,1.882175,0.000000,0.000000
0.117106,0.818717,0.547612,0.859612,0.718354,0.951052,0.906339,0.311651,0.361126,0.403573,2.334749,2.159492,2.003465,1.374840,2.113923,2.265626,1.920053,2.159492,0.000000,0.000000
0.283301,0.904617,0.969242,0.284166,0.165890,0.070441,0.734588,0.715675,0.541716,0.576030,1.932136,2.223596,2.246779,1.621975,1.402251,1.546678,1.814848,2.223596,0.000000,0.000000
0.174741,0.013877,0.760596,0.299959,0.369174,0.491881,0.515119,0.885181,0.911486,0.315735,1.150167,1.878465,2.298664,1.942020,1.591570,2.153433,1.545653,1.878465,0.000000,0.000000
0.809214,0.702026,0.720719,0.244573,0.126405,0.751337,0.600055,0.974858,0.359038,0.134446,1.718004,1.764009,2.550404,2.013865,1.769412,1.923545,2.254882,1.764009,0.000000,0.000000
0.986224,0.891165,0.892457,0.094118,0.108396,0.786248,0.346768,0.435553,0.777893,0.421504,1.902914,1.890598,1.536474,2.750531,1.963913,2.396078,2.319407,1.890598,0.000000,0.000000
0.778328,0.884745,0.110079,0.896264,0.034780,0.220060,0.477902,0.100001,0.501437,0.237359,1.885954,1.908381,1.487902,2.107231,1.276399,1.549863,2.083696,1.908381,0.000000,0.000000
0.573121,0.413516,0.382402,0.871203,0.610005,0.685028,0.638678,0.338909,0.281786,0.396643,1.785623,2.017434,1.753537,1.610254,1.842354,1.751050,1.967145,2.017434,0.000000,0.000000
0.958145,0.884501,0.444481,0.803765,0.586108,0.697311,0.716068,0.602097,0.000821,0.243908,2.228024,2.001328,2.078588,1.918862,1.756802,1.487063,2.634109,2.001328,0.000000,0.000000
0.112390,0.539853,0.885106,0.898418,0.425110,0.845722,0.228446,0.795277,0.650128,0.147945,1.720572,2.681831,1.860911,1.662759,1.867609,2.365373,1.241077,2.681831,0.000000,0.000000
0.346094,0.117923,0.288189,0.413372,0.923458,0.419906,0.370140,0.236338,0.773362,0.515407,1.970698,1.496425,1.425995,1.893144,1.685550,1.949683,1.489921,1.496425,0.000000,0.000000
0.704801,0.751215,0.281675,0.914837,0.289726,0.061947,0.913164,0.010217,0.474206,0.419779,1.835156,1.994178,1.913268,1.970950,1.238161,1.478044,2.409908,1.994178,0.000000,0.000000
0.955835,0.205809,0.939214,0.266273,0.638356,0.470425,0.052643,0.831247,0.141352,0.558554,1.613307,2.148396,1.743615,2.054973,1.782407,1.362652,1.966264,2.148396,0.000000,0.000000
0.188370,0.835549,0.500551,0.996285,0.869385,0.115334,0.275794,0.868776,0.966153,0.344732,2.591379,2.246837,2.030566,2.001637,1.234175,1.979456,1.311278,2.246837,0.000000,0.000000
0.116053,0.750391,0.484275,0.864897,0.820394,0.904653,0.392369,0.097980,0.577639,0.410660,2.423438,2.099419,1.401969,1.591107,2.073295,2.396036,1.405837,2.099419,0.000000,0.000000
0.145337,0.006575,0.974320,0.701388,0.164888,0.199474,0.526445,0.719791,0.849832,0.231864,1.033763,2.650687,2.044544,1.870955,1.253235,1.889622,1.547567,2.650687,0.000000,0.000000
0.220679,0.407595,0.837369,0.716143,0.126306,0.741850,0.300561,0.479292,0.017026,0.425351,1.423549,2.417330,1.530282,1.065725,1.922774,1.567368,1.349261,2.417330,0.000000,0.000000
0.940549,0.405442,0.013917,0.512156,0.737064,0.008385,0.076418,0.005335,0.232686,0.390801,1.948706,1.512350,1.076447,2.117319,1.161110,1.232756,1.961051,1.512350,0.000000,0.000000
0.394810,0.831410,0.824060,0.046108,0.438777,0.493216,0.963044,0.508198,0.954434,0.417592,2.023935,1.725182,2.221310,2.110309,1.667599,2.197696,2.118919,1.725182,0.000000,0.000000
0.512654,0.655098,0.509064,0.973973,0.812902,0.804786,0.970635,0.203121,0.914237,0.449863,2.315908,2.233119,2.011893,2.177052,2.007162,2.561917,2.233450,2.233119,0.000000,0.000000
0.756368,0.819601,0.308892,0.367916,0.933104,0.638584,0.672737,0.488678,0.329187,0.610151,2.690283,1.463330,1.911543,1.901280,2.010869,1.736977,2.244830,1.463330,0.000000,0.000000
0.274492,0.632300,0.463137,0.753293,0.548312,0.332368,0.824907,0.954512,0.168166,0.484669,1.932945,1.967789,2.735999,1.243512,1.567272,1.278634,1.900253,1.967789,0.000000,0.000000
0.843862,0.940682,0.650129,0.238833,0.441145,0.157907,0.209513,0.781027,0.878051,0.032021,2.135290,1.661500,1.819517,2.590154,1.158933,1.902986,1.921616,1.661500,0.000000,0.000000
0.042397,0.256731,0.224203,0.741745,0.027932,0.220063,0.592885,0.451473,0.561743,0.193799,1.257511,1.792012,1.796713,1.563540,1.257621,1.610171,1.594683,1.792012,0.000000,0.000000
0.814850,0.511979,0.088800,0.839918,0.117877,0.344643,0.830702,0.852802,0.822196,0.194849,1.525874,1.847804,2.557974,2.486176,1.382609,1.940975,2.494683,1.847804,0.000000,0.000000
0.742001,0.908043,0.459585,0.179799,0.655457,0.970402,0.840647,0.098324,0.838139,0.909421,2.337667,1.391017,1.850315,2.388706,2.797448,2.779820,2.391213,1.391017,0.000000,0.000000
0.651738,0.511727,0.382528,0.577957,0.083418,0.589468,0.410732,0.963635,0.151233,0.986344,1.518685,1.724285,2.339324,1.575995,2.562342,1.498706,1.835494,1.724285,0.000000,0.000000
0.000186,0.453192,0.571473,0.625076,0.163870,0.622453,0.919326,0.427103,0.635284,0.603333,1.480045,1.951658,2.101743,1.635284,1.986464,2.022732,1.919326,1.951658,0.000000,0.000000
0.904130,0.626171,0.365842,0.614652,0.811079,0.714730,0.618602,0.157694,0.828046,0.434053,2.284020,1.748492,1.643470,2.645496,1.903132,2.338885,2.436053,1.748492,0.000000,0.000000
0.940406,0.584452,0.567874,0.246596,0.308685,0.252935,0.570789,0.169924,0.541091,0.448404,1.679739,1.569076,1.599663,2.425455,1.454000,1.605067,2.455154,1.569076,0.000000,0.000000
0.768164,0.966032,0.738702,0.159668,0.007113,0.270295,0.724359,0.738401,0.085464,0.419985,1.966083,1.705349,2.269595,1.675540,1.446682,1.158523,2.314436,1.705349,0.000000,0.000000
0.112904,0.043152,0.836779,0.317395,0.620089,0.739001,0.385671,0.084226,0.231900,0.857872,1.427662,2.017594,1.392765,1.244648,2.474945,1.778022,1.398418,2.017594,0.000000,0.000000
0.669380,0.134512,0.722826,0.521241,0.962075,0.016834,0.507067,0.864616,0.947758,0.693477,2.060100,2.043719,2.254627,2.395828,1.497744,1.948042,1.955137,2.043719,0.000000,0.000000
0.791107,0.577759,0.798621,0.568739,0.443865,0.621656,0.553438,0.135020,0.666835,0.558696,1.774775,2.206535,1.571668,2.292685,1.933797,2.053291,2.179288,2.206535,0.000000,0.000000
0.312610,0.939452,0.211381,0.535579,0.334461,0.179187,0.049903,0.222706,0.709339,0.530350,2.051316,1.580261,1.099501,1.807064,1.460458,1.741447,1.147628,1.580261,0.000000,0.000000
0.024913,0.650883,0.910412,0.241694,0.069226,0.711278,0.790621,0.782367,0.790313,0.323449,1.655675,2.070545,2.402719,1.790933,1.815898,2.296229,1.791242,2.070545,0.000000,0.000000
0.495857,0.879837,0.468060,0.073956,0.755624,0.903489,0.241623,0.664989,0.337742,0.090663,2.450804,1.293036,1.683833,1.583617,1.911709,2.154035,1.487497,1.293036,0.000000,0.000000
0.834234,0.939949,0.849098,0.903743,0.724647,0.406284,0.757174,0.649183,0.412890,0.516769,2.465062,2.624711,2.178612,2.108836,1.673335,1.577957,2.453120,2.624711,0.000000,0.000000
0.851401,0.302558,0.993824,0.453063,0.837089,0.731512,0.109295,0.449678,0.666455,0.433023,2.003275,2.440748,1.311505,2.391339,1.919021,2.201565,1.834178,2.440748,0.000000,0.000000
0.336909,0.600963,0.908815,0.487156,0.411569,0.471609,0.214189,0.636876,0.719749,0.637995,1.770352,2.313100,1.619800,1.833256,1.878646,1.942164,1.327697,2.313100,0.000000,0.000000
0.990878,0.287972,0.249716,0.407988,0.519754,0.181454,0.724558,0.188064,0.246722,0.462674,1.558116,1.470346,1.759926,2.228561,1.395521,1.279648,2.706397,1.470346,0.000000,0.000000
0.330765,0.583784,0.904645,0.886674,0.443442,0.815328,0.767178,0.041699,0.033435,0.041491,1.780425,2.705055,1.768917,1.142841,1.817049,1.698195,1.876584,2.705055,0.000000,0.000000
0.221895,0.962183,0.320566,0.319752,0.208058,0.969233,0.396007,0.146489,0.492366,0.779959,2.005471,1.422514,1.417466,1.541603,2.577569,2.431778,1.445244,1.422514,0.000000,0.000000
0.488392,0.868397,0.560871,0.998208,0.483091,0.648144,0.519326,0.076280,0.356571,0.155084,2.101774,2.312785,1.525145,1.595098,1.672195,1.776661,1.757854,2.312785,0.000000,0.000000
0.427938,0.301402,0.853380,0.455255,0.666561,0.488927,0.096853,0.871122,0.433963,0.416652,1.745706,2.183513,1.855707,1.617094,1.662527,1.673013,1.279984,2.183513,0.000000,0.000000
0.662297,0.540311,0.937904,0.455610,0.335910,0.369514,0.014280,0.300293,0.717666,0.385425,1.653147,2.335274,1.104456,2.156304,1.518066,1.854206,1.452918,2.335274,0.000000,0.000000
0.989438,0.364831,0.998876,0.808147,0.916867,0.730771,0.365427,0.688004,0.713189,0.438907,2.205475,2.805901,1.838778,2.692176,1.923410,2.247216,2.344414,2.805901,0.000000,0.000000
0.156507,0.120564,0.956246,0.886608,0.197218,0.002631,0.724474,0.662988,0.111963,0.847289,1.159459,2.801015,2.164027,1.136458,1.720529,1.111970,1.748969,2.801015,0.000000,0.000000
0.383035,0.747404,0.142958,0.375888,0.410166,0.442871,0.251470,0.047742,0.546063,0.281314,1.915640,1.396325,1.253750,1.692779,1.522008,1.742197,1.398187,1.396325,0.000000,0.000000
0.566206,0.289819,0.765537,0.587040,0.833990,0.353545,0.111391,0.323499,0.316518,0.057465,1.985358,2.173086,1.216042,1.637108,1.356847,1.441512,1.431980,2.173086,0.000000,0.000000
0.669654,0.160681,0.495678,0.913802,0.518601,0.022124,0.758932,0.464034,0.603355,0.051441,1.429628,2.159499,1.974260,2.051791,1.024770,1.603844,2.207368,2.159499,0.000000,0.000000
0.756793,0.434983,0.632568,0.922016,0.445770,0.690742,0.607684,0.537023,0.688115,0.859463,1.633694,2.322158,1.896078,2.260850,2.429418,2.165240,2.180419,2.322158,0.000000,0.000000
0.692018,0.727284,0.533714,0.870525,0.037398,0.245007,0.438956,0.422561,0.894123,0.892768,1.728683,2.155375,1.617513,2.373012,2.042042,1.954151,1.917845,2.155375,0.000000,0.000000
0.798487,0.199134,0.835137,0.903089,0.589166,0.982744,0.216402,0.671415,0.084172,0.776856,1.546250,2.600542,1.667200,1.721753,2.586249,2.049957,1.853983,2.600542,0.000000,0.000000
0.797494,0.177019,0.411671,0.258455,0.740870,0.461559,0.500082,0.084558,0.302123,0.794948,1.725907,1.427928,1.507232,1.938120,2.093502,1.515160,2.136079,1.427928,0.000000,0.000000
0.923262,0.696465,0.189654,0.522176,0.524856,0.896554,0.580889,0.466232,0.914680,0.771617,1.971939,1.558144,1.798262,2.767094,2.491947,2.718490,2.433303,1.558144,0.000000,0.000000
0.041240,0.030633,0.418462,0.412014,0.682832,0.959225,0.036195,0.657236,0.797148,0.416150,1.496893,1.587124,1.468154,1.798848,2.132406,2.717261,1.037895,1.587124,0.000000,0.000000
0.009576,0.080555,0.927423,0.200548,0.527843,0.308976,0.110887,0.558259,0.227263,0.991705,1.359174,2.060661,1.422540,1.227354,2.292455,1.322729,1.110979,2.060661,0.000000,0.000000
0.766511,0.542594,0.863685,0.025509,0.004201,0.383491,0.831456,0.201959,0.713087,0.582262,1.542612,1.771461,1.872243,2.300626,1.722520,1.860152,2.418995,1.771461,0.000000,0.000000
0.003631,0.741330,0.046887,0.690620,0.561519,0.594707,0.443883,0.186742,0.099656,0.494540,2.056633,1.692818,1.478755,1.099669,1.839276,1.453332,1.443896,1.692818,0.000000,0.000000
0.515757,0.896661,0.511702,0.199112,0.530454,0.285938,0.448634,0.721994,0.548844,0.918522,2.178043,1.460950,1.969910,1.814849,2.129622,1.630605,1.714639,1.460950,0.000000,0.000000
0.302088,0.331139,0.924478,0.774135,0.943608,0.984110,0.316129,0.239430,0.501202,0.972802,2.221535,2.628794,1.373455,1.592459,2.930454,2.469674,1.407386,2.628794,0.000000,0.000000
0.037608,0.846398,0.051739,0.594403,0.945126,0.575461,0.415881,0.662986,0.095567,0.292411,2.739661,1.597079,1.855432,1.096981,1.660965,1.426722,1.417296,1.597079,0.000000,0.000000
0.112143,0.905276,0.573522,0.959146,0.041953,0.280246,0.868810,0.546508,0.522674,0.742545,1.907036,2.288073,2.167481,1.535250,1.831619,1.601212,1.881386,2.288073,0.000000,0.000000
0.103030,0.028383,0.736323,0.299589,0.483180,0.075911,0.239256,0.652456,0.868205,0.432609,1.261845,1.841760,1.664956,1.878820,1.263061,1.873968,1.249872,1.841760,0.000000,0.000000
0.913865,0.794697,0.898137,0.903583,0.053677,0.295910,0.484348,0.488949,0.201703,0.714924,1.797579,2.710233,1.723420,2.036851,1.807025,1.289265,2.319497,2.710233,0.000000,0.000000
0.504494,0.313165,0.744881,0.661299,0.131221,0.014224,0.910110,0.908179,0.466599,0.749344,1.330384,2.216146,2.734899,1.721113,1.575740,1.466801,2.164624,2.216146,0.000000,0.000000
0.121656,0.283432,0.728835,0.439104,0.336993,0.976739,0.579888,0.465731,0.479326,0.249691,1.396996,1.970304,1.796793,1.494126,2.039085,2.433345,1.594689,1.970304,0.000000,0.000000
0.328943,0.354981,0.336751,0.182057,0.953782,0.079973,0.150818,0.581051,0.743901,0.186235,2.264682,1.295458,1.488439,1.852105,1.114656,1.750297,1.259022,1.295458,0.000000,0.000000
0.278087,0.667416,0.466302,0.353259,0.773866,0.930151,0.178809,0.389832,0.618679,0.816259,2.266284,1.570697,1.330778,1.696011,2.596429,2.483860,1.256141,1.570697,0.000000,0.000000
0.319583,0.697569,0.743692,0.366252,0.444691,0.446962,0.344817,0.992660,0.557343,0.567480,1.895319,1.919330,2.330191,1.659476,1.768995,1.757117,1.446950,1.919330,0.000000,0.000000
0.515897,0.181740,0.665020,0.814515,0.884457,0.836007,0.911894,0.787102,0.650114,0.212087,1.964004,2.256766,2.531424,1.916264,1.880987,2.349021,2.178044,2.256766,0.000000,0.000000
0.364235,0.211805,0.698779,0.534346,0.053868,0.695387,0.556249,0.955107,0.847006,0.499180,1.214707,2.022637,2.468477,1.979673,1.944568,2.330568,1.688916,2.022637,0.000000,0.000000
0.306059,0.011908,0.751090,0.795950,0.077695,0.563036,0.552728,0.600173,0.443435,0.837359,1.017944,2.360086,1.912936,1.537107,2.264207,1.760444,1.646400,2.360086,0.000000,0.000000
0.919540,0.055077,0.213450,0.501306,0.628257,0.049914,0.200543,0.510502,0.664017,0.577968,1.449784,1.546866,1.461156,2.509571,1.383960,1.666508,2.046097,1.546866,0.000000,0.000000
0.272156,0.754729,0.494537,0.546266,0.435227,0.270646,0.252871,0.034722,0.115942,0.430529,1.944152,1.790833,1.254077,1.190010,1.456001,1.189191,1.326940,1.790833,0.000000,0.000000
0.164191,0.241070,0.716447,0.010753,0.355695,0.834793,0.334615,0.900640,0.998660,0.214467,1.367589,1.524050,2.145767,2.025619,1.880788,2.695539,1.361574,1.524050,0.000000,0.000000
0.448961,0.549457,0.128398,0.897902,0.894746,0.187888,0.046364,0.460778,0.990245,0.298811,2.350027,1.914388,1.258681,2.191811,1.277176,2.025547,1.247931,1.914388,0.000000,0.000000
0.473343,0.134277,0.879823,0.172764,0.188039,0.269359,0.953078,0.369543,0.004038,0.281810,1.169636,1.946852,2.089640,1.228091,1.348776,1.076592,2.177131,1.946852,0.000000,0.000000
0.901227,0.228685,0.935589,0.597001,0.416012,0.397617,0.257308,0.986643,0.161357,0.701535,1.401751,2.472327,2.230773,1.973567,1.889768,1.319456,2.069519,2.472327,0.000000,0.000000
0.220768,0.580820,0.871327,0.187646,0.393047,0.049959,0.824510,0.860118,0.392293,0.328054,1.735306,1.946857,2.564314,1.441032,1.157579,1.394789,1.873249,1.946857,0.000000,0.000000
0.296761,0.305102,0.146868,0.881330,0.869458,0.441123,0.890043,0.342460,0.873569,0.679937,2.061059,1.902900,2.007321,1.961636,1.903438,2.068159,1.978110,1.902900,0.000000,0.000000
0.485572,0.809584,0.578982,0.863258,0.315205,0.213203,0.129608,0.197173,0.552308,0.595690,1.908938,2.198478,1.168485,1.788089,1.568049,1.597763,1.365389,2.198478,0.000000,0.000000
0.235741,0.622554,0.058973,0.487041,0.847305,0.519662,0.212285,0.136310,0.555157,0.423382,2.340480,1.490518,1.230866,1.610731,1.698914,1.825205,1.267859,1.490518,0.000000,0.000000
0.004665,0.438066,0.841016,0.732887,0.014185,0.041574,0.325210,0.454808,0.159588,0.166104,1.438267,2.440195,1.532061,1.159610,1.069164,1.161317,1.325232,2.440195,0.000000,0.000000
0.781198,0.583247,0.709843,0.484730,0.745097,0.772726,0.714831,0.462985,0.880779,0.067322,2.138416,1.988607,1.929186,2.491050,1.777259,2.477885,2.325102,1.988607,0.000000,0.000000
0.297857,0.102859,0.660538,0.806165,0.301763,0.384879,0.953313,0.949575,0.501519,0.941956,1.193920,2.242475,2.855005,1.590237,2.272159,1.649650,2.042031,2.242475,0.000000,0.000000
0.983354,0.304935,0.909831,0.486847,0.455459,0.540916,0.986466,0.122214,0.543050,0.360677,1.512378,2.314639,2.001402,2.510035,1.671004,1.835639,2.953451,2.314639,0.000000,0.000000
0.283358,0.231751,0.471150,0.663123,0.721360,0.967201,0.981313,0.147584,0.116975,0.691396,1.752111,1.885105,2.003094,1.197267,2.445229,2.052453,2.061605,1.885105,0.000000,0.000000
0.754131,0.842901,0.526661,0.190992,0.725245,0.054773,0.380130,0.546828,0.336365,0.181826,2.368881,1.468364,1.679151,1.905079,1.087834,1.339365,1.948844,1.468364,0.000000,0.000000
0.557275,0.914566,0.754873,0.197978,0.283165,0.205306,0.343675,0.357475,0.581132,0.254286,1.994748,1.767811,1.471464,1.891688,1.269968,1.623283,1.654231,1.767811,0.000000,0.000000
0.744297,0.071946,0.335599,0.381860,0.493722,0.651468,0.859627,0.282830,0.613656,0.972319,1.315708,1.494487,1.939620,2.167635,2.596872,2.038066,2.413606,1.494487,0.000000,0.000000
0.881581,0.967575,0.675913,0.380237,0.807267,0.172248,0.242152,0.998582,0.940406,0.599418,2.619255,1.837095,2.239317,2.717591,1.531550,1.970075,2.019336,1.837095,0.000000,0.000000
0.817488,0.222380,0.754275,0.981004,0.150028,0.346751,0.469716,0.838277,0.999914,0.317693,1.244889,2.549934,2.172424,2.668201,1.447680,2.120151,2.138002,2.549934,0.000000,0.000000
0.766609,0.221376,0.600014,0.882252,0.933244,0.091291,0.391328,0.208441,0.569205,0.434560,2.092320,2.242269,1.434776,2.156894,1.280134,1.577539,1.979017,2.242269,0.000000,0.000000
0.343135,0.818014,0.891003,0.093183,0.621426,0.751208,0.906393,0.732586,0.728438,0.212641,2.204184,1.887068,2.443076,1.846179,1.796424,2.292752,2.024134,1.887068,0.000000,0.000000
0.958103,0.646909,0.962130,0.719578,0.475089,0.790684,0.823540,0.845447,0.829567,0.664506,1.872619,2.645272,2.538321,2.747528,2.232252,2.454748,2.741502,2.645272,0.000000,0.000000
0.512910,0.359189,0.247627,0.467685,0.017684,0.634259,0.146084,0.670737,0.906622,0.369559,1.359502,1.529004,1.595972,2.169699,1.770833,2.308907,1.409161,1.529004,0.000000,0.000000
0.165294,0.727616,0.459576,0.642147,0.342388,0.968355,0.553645,0.158853,0.346284,0.487855,1.844845,1.853356,1.578880,1.373606,2.206357,2.283995,1.580967,1.853356,0.000000,0.000000
0.551418,0.340764,0.339752,0.657622,0.910943,0.131685,0.183833,0.675428,0.646155,0.802967,2.170581,1.773053,1.640037,1.950216,1.776442,1.663496,1.487895,1.773053,0.000000,0.000000
0.921732,0.666220,0.402107,0.185861,0.968246,0.544390,0.729200,0.463641,0.159442,0.440691,2.603720,1.347551,1.944163,2.009031,1.738599,1.455803,2.578790,1.347551,0.000000,0.000000
0.377310,0.269378,0.584078,0.276244,0.689988,0.691171,0.806905,0.887347,0.697268,0.154333,1.745461,1.617391,2.594290,1.839631,1.714989,2.174985,1.949267,1.617391,0.000000,0.000000
0.137988,0.197208,0.003683,0.192005,0.067425,0.777554,0.662092,0.116716,0.852525,0.164335,1.201754,1.192018,1.675715,1.871565,1.804560,2.457115,1.681133,1.192018,0.000000,0.000000
0.494250,0.892244,0.020113,0.763437,0.892790,0.573682,0.176099,0.711742,0.353290,0.857063,2.689317,1.763842,1.682675,1.597573,2.308238,1.682401,1.420382,1.763842,0.000000,0.000000
0.816881,0.631914,0.451865,0.591462,0.964347,0.874545,0.898667,0.678471,0.305153,0.793900,2.561880,1.795644,2.358990,1.972448,2.504823,2.069982,2.565962,1.795644,0.000000,0.000000
0.865863,0.324328,0.033892,0.043053,0.752385,0.660706,0.784242,0.901300,0.298503,0.259410,1.890411,1.044202,2.596583,2.048221,1.727999,1.735036,2.533960,1.044202,0.000000,0.000000
0.774301,0.447645,0.112951,0.178680,0.078294,0.683550,0.637340,0.220697,0.720351,0.380550,1.453775,1.191438,1.686047,2.319892,1.828369,2.187592,2.236882,1.191438,0.000000,0.000000
0.599050,0.954084,0.318873,0.488383,0.363644,0.983504,0.139742,0.286368,0.805435,0.388533,2.086320,1.590063,1.221749,2.164296,2.134462,2.772715,1.498603,1.590063,0.000000,0.000000
0.466951,0.205543,0.115041,0.565546,0.265225,0.340859,0.174849,0.579149,0.581328,0.553144,1.275888,1.578780,1.510262,1.799371,1.646827,1.697513,1.392892,1.578780,0.000000,0.000000
0.473140,0.078833,0.643525,0.122163,0.700109,0.455075,0.948156,0.919014,0.097465,0.062646,1.568985,1.536288,2.792743,1.321326,1.458999,1.304559,2.172018,1.536288,0.000000,0.000000
0.028944,0.647265,0.367663,0.530841,0.438539,0.839530,0.658790,0.143086,0.767964,0.567444,1.839581,1.666017,1.679263,1.768802,2.161522,2.472775,1.659628,1.666017,0.000000,0.000000
0.223854,0.294057,0.538298,0.400434,0.761258,0.226548,0.952542,0.964979,0.935405,0.310145,1.873571,1.690199,2.883726,1.985516,1.322738,1.986729,2.002653,1.690199,0.000000,0.000000
0.974477,0.861454,0.891875,0.529375,0.649326,0.738728,0.440660,0.712694,0.910790,0.847844,2.283077,2.324816,1.948593,2.860396,2.457567,2.456509,2.390267,2.324816,0.000000,0.000000
0.402601,0.501211,0.164450,0.818248,0.363544,0.750751,0.124911,0.149011,0.796047,0.288068,1.633375,1.845292,1.147115,1.958135,1.833734,2.359674,1.286999,1.845292,0.000000,0.000000
0.030313,0.639708,0.462453,0.883710,0.940437,0.558861,0.898324,0.067415,0.518644,0.268670,2.524129,2.097573,1.902869,1.519563,1.631044,1.830969,1.899243,2.097573,0.000000,0.000000
0.846560,0.887932,0.538643,0.741595,0.774041,0.900758,0.090796,0.048698,0.170738,0.776610,2.487071,2.031732,1.093168,1.887402,2.503881,1.982102,1.807460,2.031732,0.000000,0.000000
0.707224,0.322016,0.028168,0.649442,0.084582,0.961807,0.023731,0.458422,0.041412,0.793905,1.329170,1.650235,1.233882,1.541578,2.592092,1.966485,1.523897,1.650235,0.000000,0.000000
0.922432,0.669678,0.405528,0.642469,0.788428,0.922259,0.687674,0.511065,0.037695,0.422955,2.291296,1.806922,1.948861,1.888576,2.101150,1.888257,2.538555,1.806922,0.000000,0.000000
0.261304,0.268938,0.176627,0.284413,0.123757,0.237489,0.920622,0.012521,0.283078,0.089402,1.284254,1.315610,1.920779,1.351358,1.245481,1.339479,1.988902,1.315610,0.000000,0.000000
0.791648,0.867976,0.058591,0.974274,0.491784,0.145111,0.551930,0.385862,0.348576,0.233958,2.109828,1.977706,1.700819,1.975283,1.199847,1.369633,2.178637,1.977706,0.000000,0.000000
0.951607,0.568344,0.508817,0.756391,0.426515,0.809901,0.190153,0.972428,0.455177,0.738243,1.750259,2.015286,2.135768,2.360733,2.354904,2.111116,2.095709,2.015286,0.000000,0.000000
0.087755,0.349225,0.808949,0.232791,0.908535,0.211798,0.083725,0.219443,0.783430,0.203677,2.174662,1.887190,1.131880,1.791131,1.253282,1.828288,1.091426,1.887190,0.000000,0.000000
0.708893,0.571969,0.382337,0.677736,0.373449,0.459125,0.120431,0.215902,0.450672,0.977375,1.711433,1.823918,1.167044,1.953201,2.414387,1.661467,1.622960,1.823918,0.000000,0.000000
0.027286,0.013973,0.487344,0.486876,0.386995,0.607494,0.142371,0.245519,0.307519,0.506470,1.163739,1.724380,1.202651,1.308264,1.864006,1.676568,1.143116,1.724380,0.000000,0.000000
0.601999,0.866500,0.830192,0.156689,0.598917,0.526581,0.314522,0.504036,0.246199,0.630934,2.225201,1.845907,1.568573,1.608602,1.924659,1.523487,1.676924,1.845907,0.000000,0.000000
0.802251,0.263355,0.192915,0.777996,0.487572,0.654951,0.248722,0.397861,0.800587,0.339015,1.501081,1.815212,1.407015,2.444194,1.769882,2.229547,1.892328,1.815212,0.000000,0.000000
0.628360,0.064023,0.110706,0.203218,0.502224,0.471345,0.518052,0.695500,0.368070,0.010568,1.316252,1.215474,2.001772,1.762905,1.471457,1.590236,1.912888,1.215474,0.000000,0.000000
0.078944,0.168048,0.366186,0.261508,0.989583,0.931787,0.957883,0.956792,0.086080,0.006023,2.147322,1.395601,2.873335,1.092312,1.931823,1.954307,1.964116,1.395601,0.000000,0.000000
0.272192,0.101549,0.944508,0.988456,0.145299,0.177669,0.813457,0.581069,0.943649,0.034072,1.122660,2.880552,2.151098,2.017738,1.178830,1.975215,1.887546,2.880552,0.000000,0.000000
0.337860,0.835231,0.147941,0.101913,0.064001,0.103999,0.726297,0.569951,0.886345,0.289991,1.839327,1.123799,2.051140,2.000494,1.188094,1.897161,1.840446,1.123799,0.000000,0.000000
0.664445,0.606545,0.324313,0.279405,0.287601,0.037050,0.523058,0.413656,0.024852,0.313837,1.689259,1.384583,1.694169,1.466339,1.135543,1.026225,1.964545,1.384583,0.000000,0.000000
0.861273,0.954025,0.867251,0.504639,0.260656,0.408186,0.802181,0.498489,0.950505,0.753941,2.021966,2.256763,2.050673,2.692296,1.976613,2.117121,2.543973,2.256763,0.000000,0.000000
0.505465,0.161355,0.106671,0.405151,0.346096,0.064282,0.707207,0.118876,0.616988,0.249299,1.281138,1.416530,1.721338,1.872482,1.126432,1.621120,1.962701,1.416530,0.000000,0.000000
0.835264,0.756553,0.710533,0.605207,0.377238,0.347592,0.515846,0.175554,0.220889,0.093291,1.898862,2.110064,1.546665,1.918555,1.356296,1.341710,2.213511,2.110064,0.000000,0.000000
0.929951,0.394920,0.043655,0.255642,0.795627,0.618758,0.695724,0.051569,0.440536,0.934191,2.027943,1.257548,1.698384,2.305345,2.491471,1.823397,2.560533,1.257548,0.000000,0.000000
0.849670,0.193612,0.529630,0.744875,0.808736,0.485949,0.815384,0.020954,0.717362,0.655826,1.847666,2.025383,1.815823,2.439301,1.916056,1.953508,2.537323,2.025383,0.000000,0.000000
0.779615,0.548899,0.673498,0.597336,0.293853,0.959573,0.265723,0.979526,0.820037,0.781331,1.635249,2.050936,2.225195,2.427835,2.570051,2.740816,1.873522,2.050936,0.000000,0.000000
0.559778,0.469397,0.077260,0.764090,0.695517,0.988802,0.903395,0.233011,0.949442,0.620739,1.953140,1.770059,1.957689,2.262793,2.374119,2.927171,2.216746,1.770059,0.000000,0.000000
0.991196,0.594682,0.603388,0.124947,0.222886,0.478668,0.773535,0.098880,0.147970,0.184164,1.644360,1.489023,1.783312,2.130440,1.512584,1.377093,2.756005,1.489023,0.000000,0.000000
0.343056,0.151243,0.180172,0.286053,0.503762,0.003266,0.221386,0.572970,0.486127,0.441175,1.405020,1.318515,1.549680,1.603814,1.197902,1.486138,1.339073,1.318515,0.000000,0.000000
0.465025,0.459940,0.907074,0.487365,0.028945,0.685491,0.308442,0.181778,0.346815,0.698626,1.460778,2.310148,1.341485,1.563063,2.173569,1.816713,1.524690,2.310148,0.000000,0.000000
0.176403,0.912149,0.123199,0.328240,0.781673,0.102545,0.944926,0.710652,0.241246,0.017139,2.523162,1.343418,2.449952,1.272364,1.102839,1.251762,1.976044,1.343418,0.000000,0.000000
0.420848,0.937719,0.562804,0.624437,0.049792,0.819869,0.173742,0.498326,0.924991,0.695512,1.940198,1.941185,1.422071,2.102103,2.303606,2.597176,1.350855,1.941185,0.000000,0.000000
0.168352,0.726696,0.068070,0.903855,0.841027,0.144318,0.247074,0.952594,0.455582,0.346772,2.434023,1.908489,2.154511,1.483924,1.264568,1.476410,1.275417,1.908489,0.000000,0.000000
0.289839,0.299724,0.230852,0.378838,0.556759,0.101806,0.567109,0.063878,0.945610,0.628395,1.609705,1.432131,1.571189,2.029617,1.496686,1.955975,1.651115,1.432131,0.000000,0.000000
0.705621,0.733345,0.302702,0.578427,0.478328,0.906306,0.837850,0.731577,0.525155,0.484643,1.962143,1.670055,2.373055,2.023056,2.141185,2.346545,2.335751,1.670055,0.000000,0.000000
0.360659,0.726202,0.053696,0.445135,0.248269,0.097632,0.224670,0.371923,0.374404,0.772981,1.787839,1.448018,1.362996,1.504479,1.695131,1.383936,1.354745,1.448018,0.000000,0.000000
0.068241,0.534728,0.633700,0.167257,0.421355,0.189502,0.200956,0.615054,0.322765,0.137545,1.712269,1.568833,1.579247,1.327422,1.208421,1.358676,1.205613,1.568833,0.000000,0.000000
0.170526,0.932290,0.498533,0.343600,0.970744,0.081327,0.306913,0.840656,0.133573,0.638936,2.874633,1.592135,2.013616,1.162652,1.489566,1.140187,1.335992,1.592135,0.000000,0.000000
0.572733,0.839715,0.433884,0.585468,0.630097,0.459240,0.941996,0.795409,0.685131,0.208771,2.236736,1.773724,2.574671,2.013154,1.502825,1.896032,2.270020,1.773724,0.000000,0.000000
0.858147,0.888780,0.657285,0.007716,0.086546,0.766586,0.644920,0.670106,0.713748,0.705506,1.896270,1.439739,2.093963,2.450164,2.264324,2.301403,2.381336,1.439739,0.000000,0.000000
0.885441,0.280683,0.708924,0.182231,0.015679,0.774196,0.024404,0.663404,0.489490,0.219569,1.280929,1.684804,1.464509,2.273495,1.822406,2.088869,1.808409,1.684804,0.000000,0.000000
0.726355,0.204294,0.981187,0.828028,0.611380,0.398477,0.316851,0.161945,0.553008,0.449377,1.578080,2.790756,1.343077,2.080600,1.600417,1.711792,1.844442,2.790756,0.000000,0.000000
0.623919,0.306154,0.157657,0.974193,0.414205,0.957313,0.090364,0.523247,0.839090,0.021457,1.477720,1.999048,1.364152,2.228366,1.957773,2.755538,1.479640,1.999048,0.000000,0.000000
0.800933,0.637597,0.176431,0.678446,0.996654,0.748301,0.748166,0.494611,0.858828,0.142100,2.630916,1.709574,1.992806,2.500322,1.768493,2.418782,2.389660,1.709574,0.000000,0.000000
0.689150,0.829041,0.912231,0.879583,0.495007,0.300672,0.437107,0.605740,0.171340,0.048866,2.074073,2.711749,1.804028,1.646268,1.303060,1.261744,1.912035,2.711749,0.000000,0.000000
0.968648,0.416423,0.658637,0.171783,0.665745,0.427251,0.763177,0.434759,0.788686,0.323774,1.859639,1.605586,1.952192,2.726965,1.532081,1.971230,2.701456,1.605586,0.000000,0.000000
0.614108,0.086323,0.754081,0.322586,0.954645,0.963751,0.666738,0.708448,0.947188,0.893303,1.997670,1.891223,2.168637,2.324317,2.761742,2.876004,2.043867,1.891223,0.000000,0.000000
0.061674,0.628119,0.218393,0.750572,0.487302,0.024898,0.691885,0.137878,0.871627,0.400783,1.865583,1.798268,1.710895,1.875431,1.185525,1.872247,1.695689,1.798268,0.000000,0.000000
0.095772,0.491103,0.630193,0.160914,0.522710,0.147299,0.079830,0.078107,0.975990,0.393863,1.764329,1.558057,1.085931,1.985162,1.302427,1.997687,1.089002,1.558057,0.000000,0.000000
0.187653,0.378775,0.720847,0.986830,0.330702,0.633110,0.860305,0.029515,0.835897,0.996916,1.488139,2.506450,1.861177,1.871111,2.626951,2.236725,1.895519,2.506450,0.000000,0.000000
0.239796,0.034779,0.334484,0.322407,0.117668,0.554563,0.493447,0.001542,0.235838,0.526269,1.048625,1.434287,1.493449,1.293340,1.831522,1.543379,1.550949,1.434287,0.000000,0.000000
0.360085,0.323363,0.344250,0.995069,0.609520,0.788642,0.316432,0.884602,0.528089,0.166107,1.694877,2.113577,2.098953,1.657750,1.816233,2.150045,1.446093,2.113577,0.000000,0.000000
0.107248,0.189276,0.651353,0.202967,0.135146,0.664679,0.614339,0.282147,0.971488,0.411667,1.207540,1.627228,1.693946,1.982990,1.834149,2.413287,1.625841,1.627228,0.000000,0.000000
0.945765,0.560089,0.012290,0.249547,0.275707,0.463769,0.123107,0.325421,0.626578,0.136325,1.636103,1.249698,1.229006,2.521050,1.482354,1.841660,2.017579,1.249698,0.000000,0.000000
0.504411,0.912572,0.359011,0.186757,0.448201,0.972751,0.619106,0.174341,0.302791,0.259615,2.113455,1.315646,1.649501,1.557221,2.040151,2.249036,1.873536,1.315646,0.000000,0.000000
0.585208,0.343321,0.057711,0.629660,0.617006,0.082410,0.702915,0.146261,0.633382,0.619358,1.724018,1.632991,1.724307,1.975851,1.466015,1.640174,2.045383,1.632991,0.000000,0.000000
0.020616,0.118332,0.670553,0.964958,0.432309,0.570713,0.575120,0.603844,0.031883,0.296351,1.305223,2.414599,1.939748,1.032308,1.658537,1.357597,1.575545,2.414599,0.000000,0.000000
0.192002,0.814547,0.518956,0.842063,0.345577,0.015384,0.654582,0.962987,0.305999,0.000429,1.933970,2.111378,2.581927,1.342864,1.015384,1.306236,1.691447,2.111378,0.000000,0.000000
0.798772,0.596555,0.067807,0.327041,0.865373,0.617094,0.268537,0.125431,0.860822,0.318078,2.345426,1.331639,1.284270,2.498858,1.718268,2.241628,1.906573,1.331639,0.000000,0.000000
0.844169,0.917282,0.229722,0.091886,0.318234,0.078624,0.423943,0.565691,0.878714,0.690302,2.018555,1.144658,1.743950,2.591335,1.555140,1.884896,2.136564,1.144658,0.000000,0.000000
0.754639,0.286193,0.170612,0.146892,0.539069,0.063588,0.075045,0.350343,0.714026,0.820614,1.576789,1.176001,1.197786,2.283506,1.736995,1.718070,1.644525,1.176001,0.000000,0.000000
0.281261,0.178692,0.700663,0.536954,0.137158,0.187785,0.302469,0.842435,0.350959,0.808389,1.197504,2.027882,2.012167,1.430067,1.841277,1.386222,1.381577,2.027882,0.000000,0.000000
0.575903,0.684889,0.266379,0.210472,0.128791,0.496631,0.495946,0.900976,0.555602,0.563712,1.701476,1.281429,2.307704,1.887266,1.814403,1.802245,1.827610,1.281429,0.000000,0.000000
0.448942,0.792176,0.443252,0.581787,0.490671,0.818972,0.767658,0.183682,0.702559,0.576219,2.032934,1.778259,1.801397,1.904108,2.151000,2.373275,1.969207,1.778259,0.000000,0.000000
0.894722,0.937272,0.395551,0.362202,0.594236,0.073202,0.738616,0.364046,0.676405,0.083690,2.290388,1.518663,1.871145,2.476931,1.080206,1.681763,2.539143,1.518663,0.000000,0.000000
0.353309,0.365763,0.736947,0.790900,0.525530,0.737402,0.839514,0.441628,0.977553,0.864548,1.641945,2.333991,2.034550,2.102381,2.484845,2.521314,1.964341,2.333991,0.000000,0.000000
0.652814,0.615281,0.690960,0.699613,0.844731,0.732674,0.181259,0.155411,0.368498,0.069197,2.328851,2.177039,1.205411,1.794664,1.737462,1.905310,1.607425,2.177039,0.000000,0.000000
0.950274,0.271813,0.372835,0.764192,0.141762,0.640670,0.477992,0.824120,0.325544,0.701378,1.291910,1.903198,2.157167,2.228565,2.132600,1.736001,2.381014,1.903198,0.000000,0.000000
0.959734,0.033436,0.481062,0.349467,0.294774,0.216337,0.389159,0.039358,0.939632,0.162146,1.120327,1.580887,1.390708,2.860722,1.242628,1.986434,2.310249,1.580887,0.000000,0.000000
0.019923,0.846455,0.197509,0.589824,0.258673,0.655783,0.857239,0.204536,0.201456,0.235552,1.913367,1.628834,1.899074,1.201852,1.711268,1.631507,1.857636,1.628834,0.000000,0.000000
0.224881,0.764688,0.582395,0.549857,0.967289,0.300895,0.984809,0.701204,0.122650,0.252228,2.700335,1.889040,2.476496,1.173222,1.364513,1.213188,2.035380,1.889040,0.000000,0.000000
0.405030,0.851315,0.368117,0.698523,0.111373,0.406551,0.529781,0.437863,0.772868,0.639760,1.863719,1.834033,1.721505,1.936917,1.815844,1.938151,1.693831,1.834033,0.000000,0.000000
0.733292,0.512133,0.572418,0.219545,0.793858,0.069803,0.527687,0.979436,0.533005,0.253632,2.142343,1.547208,2.486982,2.070722,1.134132,1.537877,2.065404,1.547208,0.000000,0.000000
0.165746,0.836151,0.380690,0.194815,0.350474,0.733444,0.273555,0.850816,0.111396,0.420943,1.958983,1.339740,1.997443,1.138868,1.910637,1.649336,1.301027,1.339740,0.000000,0.000000
0.093044,0.652076,0.461942,0.733164,0.877704,0.861719,0.170268,0.104129,0.791216,0.579740,2.422441,1.946554,1.181111,1.799873,2.197818,2.533776,1.178925,1.946554,0.000000,0.000000
0.319352,0.938869,0.118214,0.614265,0.872883,0.845687,0.620379,0.002745,0.582884,0.562482,2.700794,1.628240,1.620386,1.684870,2.162073,2.298071,1.722364,1.628240,0.000000,0.000000
0.180268,0.495518,0.388755,0.137973,0.409477,0.504335,0.498875,0.763942,0.973307,0.443366,1.663190,1.289104,2.082482,2.005804,1.700908,2.227661,1.531371,1.289104,0.000000,0.000000
0.279443,0.093559,0.230170,0.239480,0.423857,0.340777,0.354427,0.229216,0.645867,0.219774,1.273214,1.292458,1.406967,1.723955,1.389078,1.761996,1.432515,1.292458,0.000000,0.000000
0.518763,0.620030,0.854184,0.374156,0.036052,0.755064,0.907819,0.742355,0.244575,0.971508,1.621329,2.103786,2.458909,1.513691,2.698891,1.814697,2.176934,2.103786,0.000000,0.000000
0.103687,0.092146,0.521343,0.788113,0.142109,0.069528,0.091639,0.418622,0.555284,0.315312,1.112340,2.059911,1.266883,1.566035,1.168950,1.560118,1.102390,2.059911,0.000000,0.000000
0.190833,0.480164,0.122788,0.156168,0.181482,0.088172,0.849255,0.179111,0.643790,0.223562,1.513100,1.171245,1.881336,1.680207,1.138152,1.651564,1.885672,1.171245,0.000000,0.000000
0.311180,0.258792,0.788464,0.071804,0.802469,0.929937,0.229855,0.295805,0.192940,0.478143,1.902749,1.693479,1.317355,1.289773,2.158557,2.057722,1.326688,1.693479,0.000000,0.000000
0.642485,0.561068,0.227339,0.428806,0.076184,0.254182,0.245253,0.731672,0.300744,0.533434,1.566872,1.480489,1.780597,1.713531,1.538733,1.365352,1.658041,1.480489,0.000000,0.000000
0.422292,0.761908,0.636295,0.375267,0.296893,0.074263,0.087601,0.615947,0.637279,0.319834,1.850053,1.780138,1.466992,1.815609,1.176556,1.642794,1.265931,1.780138,0.000000,0.000000
0.936874,0.301010,0.013733,0.166605,0.750558,0.720933,0.990219,0.605608,0.281536,0.492873,1.864347,1.166794,2.356980,2.159269,1.963856,1.801280,2.867952,1.166794,0.000000,0.000000
0.395430,0.276954,0.136052,0.610407,0.754317,0.647505,0.625191,0.954288,0.530157,0.113614,1.845948,1.628917,2.535857,1.686522,1.660413,1.949420,1.781556,1.628917,0.000000,0.000000
0.058470,0.559646,0.535784,0.976515,0.661436,0.054798,0.556242,0.624820,0.339202,0.628547,1.997143,2.263580,1.946643,1.342620,1.449870,1.342204,1.559661,2.263580,0.000000,0.000000
0.210142,0.879659,0.866501,0.211142,0.706666,0.979439,0.822848,0.930164,0.678702,0.629330,2.379037,1.961966,2.688053,1.722862,2.375496,2.638003,1.867008,1.961966,0.000000,0.000000
0.337702,0.964036,0.577504,0.009280,0.673922,0.012648,0.484859,0.911076,0.479476,0.853190,2.418207,1.342790,2.314919,1.593519,1.740580,1.479636,1.598901,1.342790,0.000000,0.000000
0.821297,0.960169,0.552066,0.653043,0.210592,0.769092,0.468648,0.154282,0.384437,0.089572,2.004518,1.957820,1.492451,2.058965,1.777115,1.975939,2.143176,1.957820,0.000000,0.000000
0.769639,0.276854,0.197171,0.563680,0.702217,0.526562,0.469623,0.779126,0.349219,0.625497,1.769962,1.602556,2.076659,1.941563,1.917809,1.626487,2.061966,1.602556,0.000000,0.000000
0.012825,0.608429,0.086330,0.193069,0.268897,0.558345,0.301570,0.727744,0.408812,0.502183,1.680735,1.200522,1.831182,1.408976,1.810533,1.720561,1.301735,1.200522,0.000000,0.000000
0.116651,0.830509,0.642970,0.329431,0.924784,0.250736,0.196618,0.340355,0.540017,0.958568,2.685735,1.742841,1.312459,1.553624,2.169588,1.602885,1.210226,1.742841,0.000000,0.000000
0.840933,0.737964,0.090301,0.421050,0.393355,0.703092,0.085398,0.802432,0.000374,0.081512,1.892692,1.429204,1.729294,1.707543,1.709736,1.494713,1.792567,1.429204,0.000000,0.000000
0.454743,0.591821,0.799958,0.537535,0.097903,0.739008,0.392402,0.802688,0.329219,0.637681,1.601406,2.177468,2.036710,1.536010,2.145645,1.875352,1.599194,2.177468,0.000000,0.000000
0.118169,0.239920,0.143816,0.610962,0.247845,0.799499,0.103593,0.368316,0.979927,0.462890,1.301348,1.631645,1.239250,1.993891,2.013766,2.619127,1.117557,1.631645,0.000000,0.000000
0.212802,0.136659,0.916881,0.376904,0.210476,0.469369,0.261140,0.834086,0.639089,0.669360,1.180959,2.217574,1.956840,1.684373,1.917413,1.859396,1.306424,2.217574,0.000000,0.000000
0.311196,0.012455,0.663792,0.292820,0.365131,0.905538,0.944788,0.539781,0.819697,0.717035,1.145776,1.733439,2.236151,1.916540,2.419676,2.639695,2.041631,1.733439,0.000000,0.000000
0.560234,0.946911,0.116960,0.852786,0.353150,0.169224,0.261550,0.762251,0.602572,0.401714,2.071626,1.866465,1.842576,1.916434,1.330599,1.631209,1.575411,1.866465,0.000000,0.000000
0.285827,0.477848,0.294852,0.895908,0.487304,0.824350,0.992975,0.312240,0.277194,0.172109,1.715313,1.982846,2.090469,1.358892,1.853972,1.956748,2.074672,1.982846,0.000000,0.000000
0.915581,0.332099,0.587105,0.981914,0.177384,0.642605,0.498245,0.445299,0.133259,0.047848,1.363564,2.326606,1.696536,1.971547,1.644894,1.546201,2.336533,2.326606,0.000000,0.000000
0.452943,0.190194,0.585930,0.678366,0.654880,0.298833,0.019560,0.986450,0.051448,0.181633,1.619062,2.021680,1.992643,1.256605,1.331823,1.140749,1.224717,2.021680,0.000000,0.000000
0.832657,0.809618,0.772864,0.692106,0.459341,0.645722,0.934373,0.720446,0.862024,0.363335,2.020612,2.289426,2.453416,2.555341,1.777735,2.278981,2.627690,2.289426,0.000000,0.000000
0.878050,0.042581,0.070023,0.736195,0.814848,0.978671,0.581263,0.026320,0.373716,0.536965,1.706559,1.741098,1.581955,2.144687,2.267002,2.331512,2.352234,1.741098,0.000000,0.000000
0.768885,0.680765,0.264129,0.814658,0.777971,0.425813,0.131420,0.041845,0.263843,0.439953,2.286004,1.884422,1.133171,1.855027,1.619372,1.445160,1.722604,1.884422,0.000000,0.000000
0.805691,0.530447,0.839267,0.147381,0.445404,0.512129,0.543363,0.296897,0.766901,0.286739,1.728832,1.851751,1.631511,2.416039,1.594348,2.029177,2.192501,1.851751,0.000000,0.000000
0.081113,0.354628,0.912296,0.821136,0.020421,0.905565,0.437148,0.308661,0.351257,0.999182,1.355045,2.653419,1.532420,1.357837,2.903929,2.171305,1.443728,2.653419,0.000000,0.000000
0.139931,0.381322,0.257649,0.265095,0.322334,0.491337,0.399458,0.962918,0.904630,0.313393,1.485221,1.331478,2.326669,1.924211,1.589552,2.146043,1.419039,1.331478,0.000000,0.000000
0.411568,0.379728,0.285590,0.039852,0.608382,0.071149,0.508916,0.552360,0.691161,0.478918,1.749857,1.121414,1.814018,1.860550,1.300511,1.696223,1.678305,1.121414,0.000000,0.000000
0.098642,0.266396,0.177679,0.202492,0.941280,0.254476,0.701222,0.256613,0.210866,0.713359,2.152404,1.234062,1.767072,1.220597,1.763357,1.275625,1.710952,1.234062,0.000000,0.000000
0.016496,0.413956,0.519034,0.681046,0.353683,0.632610,0.762702,0.121614,0.587362,0.681697,1.539047,1.950442,1.777492,1.587634,2.097321,1.987557,1.762974,1.950442,0.000000,0.000000
0.905769,0.389363,0.186390,0.962339,0.340111,0.320148,0.059820,0.848042,0.845931,0.874504,1.505038,1.997081,1.778995,2.666348,2.084905,1.948425,1.880237,1.997081,0.000000,0.000000
0.465080,0.136427,0.236880,0.011369,0.265451,0.886771,0.238697,0.594181,0.962769,0.424601,1.206891,1.067481,1.591748,2.179069,2.067057,2.749132,1.454996,1.067481,0.000000,0.000000
0.431498,0.441852,0.315019,0.238646,0.764635,0.142822,0.943351,0.624799,0.904763,0.071066,2.026519,1.337883,2.333725,2.090953,1.147873,1.925161,2.129541,1.337883,0.000000,0.000000
0.589160,0.077568,0.275495,0.838965,0.376996,0.773674,0.733124,0.064212,0.138844,0.237356,1.219694,1.914863,1.737247,1.485953,1.830012,1.737416,2.080233,1.914863,0.000000,0.000000
0.879700,0.299988,0.373017,0.753549,0.628425,0.944844,0.860534,0.308936,0.949777,0.776169,1.694906,1.892691,1.955976,2.723649,2.547282,2.842507,2.634406,1.892691,0.000000,0.000000
0.465254,0.775453,0.020664,0.456050,0.901554,0.324526,0.989510,0.400766,0.650735,0.004711,2.588253,1.456477,2.150124,1.867196,1.324548,1.756052,2.205971,1.456477,0.000000,0.000000
0.565713,0.466839,0.911830,0.337356,0.603760,0.726826,0.580255,0.693644,0.526641,0.686882,1.831366,2.168790,2.061397,1.846672,2.198633,2.054917,1.900286,2.168790,0.000000,0.000000
0.136737,0.003740,0.726635,0.778704,0.465800,0.085304,0.883791,0.138707,0.775279,0.767799,1.220709,2.306702,1.903031,1.793976,1.674819,1.782556,1.902488,2.306702,0.000000,0.000000
0.688446,0.527064,0.207511,0.294812,0.883521,0.850144,0.941913,0.257140,0.118282,0.508441,2.307674,1.337873,2.008034,1.592240,2.108657,1.841028,2.415871,1.337873,0.000000,0.000000
0.851220,0.103792,0.675852,0.684307,0.338257,0.681264,0.574233,0.394433,0.716406,0.644117,1.218210,2.141083,1.729810,2.440981,2.096150,2.180526,2.298808,2.141083,0.000000,0.000000
0.385502,0.367290,0.640164,0.693178,0.185742,0.866073,0.609457,0.098729,0.050243,0.986445,1.401790,2.102988,1.619204,1.198855,2.839146,1.800326,1.758069,2.102988,0.000000,0.000000
0.372213,0.239390,0.854189,0.827215,0.261998,0.505582,0.072013,0.095731,0.521642,0.103302,1.308033,2.556854,1.081178,1.660185,1.516253,1.777255,1.210556,2.556854,0.000000,0.000000
0.361744,0.692508,0.917777,0.964827,0.164851,0.381918,0.515261,0.019706,0.723084,0.725708,1.719684,2.807142,1.515649,1.853943,1.908570,1.868946,1.646120,2.807142,0.000000,0.000000
0.212810,0.092851,0.542511,0.632978,0.386402,0.893418,0.826553,0.260044,0.282481,0.119000,1.242157,1.927297,1.894176,1.327769,1.907579,2.080677,1.871841,1.927297,0.000000,0.000000
0.902266,0.627707,0.756512,0.077554,0.728541,0.916873,0.764440,0.968855,0.368303,0.340439,2.158478,1.649864,2.703121,2.182386,2.032772,2.208959,2.578523,1.649864,0.000000,0.000000
0.528082,0.619616,0.935606,0.671127,0.467968,0.344629,0.153907,0.475257,0.271297,0.657627,1.838609,2.546486,1.379777,1.550168,1.777102,1.390066,1.432778,2.546486,0.000000,0.000000
0.226506,0.822172,0.281017,0.110691,0.123935,0.092554,0.324221,0.746157,0.612459,0.537254,1.837531,1.189661,1.880970,1.663764,1.381195,1.621025,1.375526,1.189661,0.000000,0.000000
0.200687,0.461361,0.764053,0.530521,0.379646,0.961916,0.287538,0.310867,0.875021,0.810808,1.605492,2.114299,1.384177,1.915296,2.619325,2.800304,1.327813,2.114299,0.000000,0.000000
0.010985,0.383787,0.968878,0.983315,0.756286,0.150753,0.366779,0.200695,0.108706,0.383967,1.955756,2.922041,1.407057,1.108827,1.298184,1.131433,1.366899,2.922041,0.000000,0.000000
0.415724,0.128618,0.473619,0.604989,0.698938,0.016641,0.867759,0.200922,0.298228,0.947616,1.617131,1.829304,1.908129,1.471055,1.914617,1.298505,2.040586,1.829304,0.000000,0.000000
0.943037,0.964314,0.513373,0.734759,0.672977,0.534830,0.070845,0.212779,0.097527,0.198824,2.417212,1.998311,1.116120,1.986845,1.574361,1.383570,1.960163,1.998311,0.000000,0.000000
0.216898,0.648098,0.729994,0.334397,0.889030,0.182289,0.540203,0.368421,0.716476,0.355789,2.438473,1.867289,1.675937,1.763520,1.308875,1.749705,1.587248,1.867289,0.000000,0.000000
0.464289,0.515978,0.429694,0.960236,0.311043,0.828529,0.155393,0.911050,0.423838,0.412067,1.612725,2.144873,1.985404,1.639402,1.998328,2.110298,1.370957,2.144873,0.000000,0.000000
0.830603,0.925330,0.845636,0.920507,0.526963,0.566306,0.583330,0.772020,0.867556,0.788185,2.203021,2.635606,2.179345,2.557457,2.187542,2.188258,2.273231,2.635606,0.000000,0.000000
0.807834,0.050007,0.913456,0.927415,0.439519,0.025398,0.262108,0.290882,0.435461,0.944483,1.243184,2.761818,1.346720,2.088057,1.917446,1.436106,1.914704,2.761818,0.000000,0.000000
0.444400,0.387017,0.678529,0.383196,0.645860,0.353906,0.056975,0.494907,0.025310,0.390986,1.804151,1.843597,1.301909,1.222802,1.506776,1.150560,1.254467,1.843597,0.000000,0.000000
0.300222,0.538528,0.884493,0.376894,0.381939,0.931464,0.943285,0.901280,0.419082,0.628990,1.684406,2.159222,2.755592,1.509215,2.327092,2.286706,2.033419,2.159222,0.000000,0.000000
0.983330,0.449714,0.917866,0.268697,0.215700,0.858143,0.299779,0.233168,0.037470,0.809137,1.496241,2.111174,1.354147,2.004408,2.512846,1.773880,2.266717,2.111174,0.000000,0.000000
0.843702,0.406759,0.894614,0.457040,0.124076,0.981340,0.341865,0.354249,0.875018,0.342112,1.422154,2.257374,1.467357,2.586852,2.098380,2.838046,2.053698,2.257374,0.000000,0.000000
0.114125,0.796904,0.465193,0.273152,0.097791,0.160220,0.097538,0.777521,0.918541,0.734799,1.806468,1.489557,1.702078,1.931566,1.700149,1.944211,1.110563,1.489557,0.000000,0.000000
0.257484,0.884385,0.341501,0.559874,0.593015,0.399386,0.083251,0.491972,0.733304,0.266526,2.236052,1.676497,1.325288,1.799601,1.470422,1.892813,1.149549,1.676497,0.000000,0.000000
0.966108,0.548198,0.336872,0.623278,0.694509,0.990746,0.466137,0.455750,0.935847,0.100319,2.030542,1.736761,1.673845,2.869212,2.000810,2.917424,2.399502,1.736761,0.000000,0.000000
0.362785,0.323357,0.033114,0.057968,0.516948,0.110662,0.040833,0.455933,0.938115,0.020985,1.590593,1.059065,1.248708,2.069728,1.111103,1.950361,1.172446,1.059065,0.000000,0.000000
0.796497,0.752144,0.425445,0.597542,0.522273,0.440234,0.350400,0.086689,0.104987,0.844609,2.024913,1.778545,1.357915,1.739394,2.153598,1.298793,1.984807,1.778545,0.000000,0.000000
0.401723,0.345762,0.000984,0.233631,0.325189,0.966223,0.878853,0.397630,0.861607,0.597624,1.451510,1.233632,2.036962,2.022988,2.323377,2.795193,2.040234,1.233632,0.000000,0.000000
0.013133,0.381128,0.213529,0.476136,0.138368,0.002531,0.618645,0.738815,0.921428,0.746528,1.400273,1.521730,2.164492,1.921601,1.559835,1.921434,1.618817,1.521730,0.000000,0.000000
0.668363,0.028902,0.642142,0.507022,0.000957,0.886056,0.985726,0.959426,0.212958,0.326107,1.028903,1.919368,2.906223,1.659666,1.992401,1.998052,2.432434,1.919368,0.000000,0.000000
0.908145,0.123670,0.597558,0.214764,0.988381,0.411314,0.761707,0.798105,0.849039,0.192798,2.100566,1.571839,2.398679,2.673766,1.448485,2.018218,2.586435,1.571839,0.000000,0.000000
0.938296,0.023542,0.396410,0.342179,0.603471,0.764609,0.560753,0.434639,0.308962,0.691694,1.387720,1.499320,1.749664,2.189362,2.243050,1.893589,2.441153,1.499320,0.000000,0.000000
0.936264,0.029091,0.212978,0.191992,0.764283,0.985936,0.115801,0.923574,0.946146,0.640761,1.613219,1.237352,1.968790,2.822737,2.396511,2.918217,1.992392,1.237352,0.000000,0.000000
0.052190,0.057050,0.212584,0.498300,0.531144,0.398533,0.449116,0.138926,0.681882,0.669864,1.339164,1.543491,1.468417,1.684606,1.847251,1.840711,1.451840,1.543491,0.000000,0.000000
0.591663,0.983744,0.329877,0.559092,0.406544,0.548465,0.897104,0.651993,0.980375,0.172563,2.149022,1.667911,2.322199,2.330440,1.578243,2.281189,2.247170,1.667911,0.000000,0.000000
0.584880,0.459696,0.655210,0.073037,0.753635,0.920722,0.657671,0.702756,0.742865,0.585973,2.027661,1.502337,2.151537,2.084949,2.264087,2.590594,1.999755,1.502337,0.000000,0.000000
0.677436,0.119627,0.945187,0.197926,0.289561,0.200561,0.600472,0.507214,0.275130,0.201780,1.203473,2.091305,1.857738,1.734050,1.241276,1.315355,2.059391,2.091305,0.000000,0.000000
0.634105,0.967210,0.734672,0.722392,0.346860,0.565462,0.485373,0.291002,0.679045,0.121812,2.087521,2.262135,1.570055,2.081134,1.580300,1.998792,1.887463,2.262135,0.000000,0.000000
0.049813,0.350716,0.790540,0.975154,0.922657,0.310187,0.047700,0.100998,0.853948,0.032783,2.202011,2.600106,1.057901,1.856430,1.311261,1.950164,1.050182,2.600106,0.000000,0.000000
0.838191,0.422776,0.423753,0.785355,0.466708,0.875387,0.187803,0.630036,0.065279,0.401493,1.640592,1.964922,1.584748,1.767843,2.036584,1.831582,1.890368,1.964922,0.000000,0.000000
0.923427,0.186064,0.896393,0.010943,0.228547,0.569695,0.670460,0.370244,0.013904,0.969568,1.238298,1.814464,1.807540,1.866622,2.509756,1.338456,2.523177,1.814464,0.000000,0.000000
0.833815,0.681145,0.556255,0.114663,0.621044,0.365688,0.398307,0.741557,0.354124,0.499213,2.066841,1.424083,1.948214,2.049371,1.614902,1.487852,2.093554,1.424083,0.000000,0.000000
0.661189,0.749806,0.664204,0.671427,0.664023,0.921036,0.563625,0.285047,0.836846,0.067558,2.190733,2.112594,1.644876,2.274017,1.925600,2.685154,2.000795,2.112594,0.000000,0.000000
0.584154,0.411357,0.071397,0.110640,0.125964,0.160998,0.710107,0.623876,0.577063,0.107574,1.427224,1.115738,2.099328,1.918299,1.172570,1.602983,2.051343,1.115738,0.000000,0.000000
0.803631,0.760086,0.408348,0.759675,0.372049,0.399497,0.227311,0.397252,0.140289,0.180154,1.898507,1.926423,1.385120,1.786112,1.431952,1.299887,1.873133,1.926423,0.000000,0.000000
0.520290,0.481877,0.028749,0.643507,0.157829,0.970409,0.504251,0.619149,0.904317,0.716885,1.506787,1.644334,1.887596,2.175019,2.484333,2.846010,1.774953,1.644334,0.000000,0.000000
0.604723,0.422814,0.695054,0.872980,0.418777,0.609238,0.418768,0.311453,0.249097,0.463102,1.598188,2.356079,1.515771,1.614786,1.823702,1.620268,1.784458,2.356079,0.000000,0.000000
0.908049,0.059460,0.955825,0.965472,0.653909,0.979976,0.587001,0.836044,0.643344,0.115159,1.487057,2.879073,2.285970,2.467897,1.993237,2.603696,2.411555,2.879073,0.000000,0.000000
0.754113,0.150179,0.675591,0.648961,0.346635,0.333550,0.301838,0.207451,0.152145,0.889349,1.270335,2.105384,1.344874,1.720832,2.124492,1.263401,1.870525,2.105384,0.000000,0.000000
0.167920,0.050981,0.892721,0.428626,0.985896,0.095866,0.127842,0.208032,0.155142,0.503643,2.022972,2.225577,1.171120,1.183339,1.349522,1.164332,1.156040,2.225577,0.000000,0.000000
0.547979,0.485060,0.469320,0.885252,0.941561,0.542622,0.686825,0.695774,0.071531,0.822746,2.371597,2.105513,2.170927,1.371812,2.219534,1.365970,1.987106,2.105513,0.000000,0.000000
0.073156,0.846072,0.019864,0.211264,0.576816,0.899883,0.023072,0.003974,0.050455,0.674478,2.178789,1.211658,1.023087,1.055806,2.354803,1.860243,1.028423,1.211658,0.000000,0.000000
0.281230,0.847063,0.388492,0.191709,0.554978,0.444067,0.184104,0.328223,0.012641,0.765766,2.155064,1.342635,1.291834,1.091732,2.030466,1.209837,1.263194,1.342635,0.000000,0.000000
0.515426,0.471125,0.802170,0.493779,0.381554,0.476733,0.445394,0.662973,0.144121,0.774041,1.616708,2.137255,1.884927,1.409785,2.075872,1.371395,1.711059,2.137255,0.000000,0.000000
0.054323,0.329874,0.771622,0.705859,0.309476,0.651480,0.776543,0.901199,0.605457,0.332668,1.425650,2.301260,2.588702,1.608408,1.762148,2.029883,1.779494,2.301260,0.000000,0.000000
0.389758,0.184570,0.174244,0.440934,0.056067,0.556441,0.912233,0.804465,0.272019,0.644280,1.187714,1.471295,2.559397,1.423931,1.971538,1.581646,2.064145,1.471295,0.000000,0.000000
0.813075,0.242340,0.113685,0.641342,0.848120,0.757814,0.309957,0.016531,0.962832,0.807579,1.961647,1.654266,1.310230,2.623923,2.409997,2.537114,1.971047,1.654266,0.000000,0.000000
0.558714,0.580992,0.132374,0.969249,0.236457,0.580715,0.103991,0.279607,0.690325,0.750570,1.636904,1.986771,1.182172,2.002486,2.144070,2.027555,1.416152,1.986771,0.000000,0.000000
0.807717,0.230490,0.502016,0.753581,0.979255,0.509042,0.373905,0.119013,0.296833,0.332035,2.189430,2.005602,1.388069,1.949239,1.619290,1.555957,2.026311,2.005602,0.000000,0.000000
0.453328,0.206093,0.237670,0.842073,0.366930,0.524121,0.324719,0.362779,0.874375,0.185042,1.340731,1.898560,1.456328,2.079881,1.558361,2.149077,1.530226,1.898560,0.000000,0.000000
0.030030,0.044826,0.280278,0.920677,0.616004,0.762909,0.848558,0.398648,0.909851,0.423124,1.424287,1.999232,2.007478,1.910753,1.941943,2.491881,1.849460,1.999232,0.000000,0.000000
0.449736,0.043990,0.237409,0.349945,0.929436,0.199632,0.974750,0.027211,0.328572,0.414447,1.907842,1.406308,1.975491,1.530834,1.371398,1.368425,2.177013,1.406308,0.000000,0.000000
0.266657,0.793581,0.865208,0.908123,0.224028,0.169918,0.062568,0.458992,0.859379,0.503495,1.843770,2.656708,1.273242,1.930485,1.423424,1.888251,1.133674,2.656708,0.000000,0.000000
0.039265,0.633160,0.161224,0.310941,0.377245,0.254883,0.017117,0.722014,0.738611,0.373853,1.775474,1.336935,1.538421,1.740153,1.394649,1.803576,1.018658,1.336935,0.000000,0.000000
0.459694,0.644192,0.477874,0.323556,0.525405,0.626614,0.883005,0.433628,0.902280,0.897220,1.920242,1.551919,2.071039,2.113598,2.431617,2.294926,2.094323,1.551919,0.000000,0.000000
0.516164,0.041746,0.606890,0.308331,0.096542,0.133336,0.239856,0.486894,0.677283,0.061372,1.051066,1.676647,1.476922,1.943708,1.137103,1.695062,1.506281,1.676647,0.000000,0.000000
0.422153,0.610457,0.356157,0.671174,0.882738,0.383115,0.119742,0.605324,0.543998,0.999135,2.389685,1.798022,1.486159,1.722211,2.381385,1.690774,1.297955,1.798022,0.000000,0.000000
0.816721,0.272215,0.685987,0.216801,0.653834,0.036289,0.743223,0.569054,0.081869,0.446546,1.699714,1.687380,2.067045,1.748903,1.235692,1.083186,2.410256,1.687380,0.000000,0.000000
0.474752,0.379989,0.967510,0.402383,0.976670,0.853863,0.675399,0.208632,0.289666,0.732790,2.333873,2.338460,1.718926,1.515055,2.390844,2.018748,1.900788,2.338460,0.000000,0.000000
0.587052,0.735762,0.152028,0.133725,0.280161,0.902677,0.997050,0.046035,0.887100,0.175034,1.814252,1.156838,1.999169,2.231730,1.933314,2.701926,2.341680,1.156838,0.000000,0.000000
0.850237,0.802701,0.419389,0.281567,0.024491,0.424747,0.146847,0.279763,0.488801,0.598370,1.803301,1.457455,1.225114,2.211704,1.782794,1.669212,1.869749,1.457455,0.000000,0.000000
0.631219,0.436877,0.993857,0.571856,0.734090,0.218911,0.237210,0.967021,0.563931,0.215986,1.975766,2.559608,2.172339,1.962369,1.265561,1.611853,1.635647,2.559608,0.000000,0.000000
0.819307,0.454560,0.723744,0.993468,0.531125,0.538608,0.827365,0.797712,0.787988,0.845297,1.736653,2.517273,2.463709,2.459252,2.253136,2.078087,2.498628,2.517273,0.000000,0.000000
0.718108,0.773205,0.682347,0.302003,0.914821,0.326100,0.775577,0.738289,0.742284,0.212293,2.610103,1.767600,2.320647,2.257964,1.371169,1.848626,2.291256,1.767600,0.000000,0.000000
0.415377,0.748351,0.264872,0.030243,0.607939,0.385904,0.234086,0.431008,0.156005,0.896409,2.117940,1.100400,1.419854,1.328543,2.189453,1.304927,1.406624,1.100400,0.000000,0.000000
0.768250,0.094723,0.685241,0.871577,0.984601,0.289607,0.406909,0.005411,0.817930,0.680554,2.064162,2.341133,1.406938,2.408138,1.752762,1.901802,1.997117,2.341133,0.000000,0.000000
0.018097,0.395110,0.994905,0.795575,0.486345,0.293696,0.255430,0.611674,0.593320,0.409627,1.631641,2.785411,1.629575,1.593647,1.461490,1.679577,1.255758,2.785411,0.000000,0.000000
0.978169,0.306796,0.572867,0.889068,0.673991,0.363934,0.710422,0.426185,0.164844,0.218623,1.761059,2.217245,1.892056,2.121658,1.411730,1.297292,2.667236,2.217245,0.000000,0.000000
0.654068,0.619818,0.175454,0.929929,0.709750,0.642220,0.612806,0.367432,0.994704,0.976499,2.123563,1.960713,1.747812,2.422509,2.595769,2.407150,2.040611,1.960713,0.000000,0.000000
0.632427,0.249299,0.102903,0.097490,0.782245,0.667887,0.510230,0.166853,0.213630,0.798711,1.861205,1.108079,1.538070,1.613594,2.305826,1.659704,1.910194,1.108079,0.000000,0.000000
0.787806,0.966982,0.028570,0.195139,0.442042,0.792799,0.226702,0.483325,0.552882,0.544282,2.162383,1.195956,1.460305,2.173521,2.089042,2.181412,1.847341,1.195956,0.000000,0.000000
0.813406,0.122851,0.731306,0.590950,0.061303,0.004761,0.805351,0.433151,0.514543,0.122180,1.126610,2.125759,1.992970,2.176173,1.019689,1.514565,2.466981,2.125759,0.000000,0.000000
0.962632,0.209653,0.633104,0.429231,0.188390,0.275377,0.330093,0.990611,0.880423,0.758377,1.245143,1.830052,2.311402,2.807083,1.850513,1.956255,2.256753,1.830052,0.000000,0.000000
0.917604,0.597504,0.408176,0.814517,0.991932,0.994030,0.875364,0.649964,0.596451,0.674346,2.581433,1.981125,2.297818,2.438449,2.448773,2.584547,2.717362,1.981125,0.000000,0.000000
0.837892,0.748300,0.331882,0.406172,0.687982,0.429550,0.096671,0.980816,0.008920,0.600365,2.221619,1.516317,2.058672,1.710982,1.789988,1.193433,1.798733,1.516317,0.000000,0.000000
0.785582,0.234502,0.491868,0.190058,0.881322,0.514438,0.762836,0.601104,0.563997,0.488446,2.011230,1.431992,2.124161,2.181136,1.753018,1.828644,2.379975,1.431992,0.000000,0.000000
0.883714,0.347616,0.792992,0.665227,0.293864,0.082095,0.653415,0.956945,0.503214,0.293598,1.433972,2.294063,2.569159,2.284164,1.168295,1.509954,2.434365,2.294063,0.000000,0.000000
0.412515,0.019461,0.406591,0.447506,0.374648,0.656490,0.102079,0.780344,0.493379,0.372530,1.159822,1.612822,1.711017,1.663548,1.795269,1.924359,1.272248,1.612822,0.000000,0.000000
0.835049,0.524865,0.680499,0.233470,0.571737,0.580770,0.666979,0.634296,0.790343,0.178348,1.851749,1.696549,2.069311,2.487650,1.612578,2.127636,2.364287,1.696549,0.000000,0.000000
0.632966,0.313917,0.198609,0.150539,0.586055,0.056249,0.353380,0.507204,0.196617,0.404578,1.657377,1.189984,1.610636,1.597263,1.219932,1.199781,1.754026,1.189984,0.000000,0.000000
0.708418,0.373841,0.996726,0.212747,0.513122,0.505066,0.125588,0.517260,0.392598,0.387807,1.637135,2.206210,1.393147,1.894454,1.655461,1.647690,1.627445,2.206210,0.000000,0.000000
0.180895,0.347539,0.980699,0.369463,0.933484,0.021683,0.154322,0.191010,0.244682,0.210738,2.218931,2.331235,1.190807,1.277405,1.066094,1.245152,1.187045,2.331235,0.000000,0.000000
0.310912,0.706602,0.206875,0.104180,0.860369,0.499637,0.734670,0.334631,0.571101,0.014723,2.446837,1.146977,1.846647,1.667768,1.499854,1.820738,1.831336,1.146977,0.000000,0.000000
0.347080,0.154865,0.958325,0.816022,0.770283,0.028370,0.071128,0.819795,0.509896,0.782298,1.748201,2.734409,1.743192,1.630361,1.640360,1.510701,1.191592,2.734409,0.000000,0.000000
0.992777,0.357158,0.882997,0.690799,0.448457,0.824732,0.916198,0.512967,0.148935,0.881726,1.558272,2.470483,2.179333,2.134541,2.602172,1.829118,2.901803,2.470483,0.000000,0.000000
0.909911,0.770533,0.844036,0.128042,0.217980,0.295583,0.303486,0.313858,0.644642,0.511956,1.818048,1.840439,1.401993,2.472581,1.557682,1.732012,2.131424,1.840439,0.000000,0.000000
0.075984,0.280153,0.362610,0.123933,0.064050,0.622791,0.728654,0.790546,0.804660,0.589694,1.284256,1.255419,2.353618,1.810434,1.970530,2.192528,1.734427,1.255419,0.000000,0.000000
0.864015,0.706726,0.593832,0.244826,0.223270,0.098198,0.593939,0.554532,0.968050,0.072851,1.756575,1.597462,1.901444,2.714571,1.103505,1.977693,2.340460,1.597462,0.000000,0.000000
0.523763,0.866480,0.569711,0.710045,0.920312,0.222195,0.990728,0.517303,0.808227,0.184034,2.713453,2.034615,2.258331,2.082555,1.256063,1.857597,2.265056,2.034615,0.000000,0.000000
0.522434,0.319251,0.070803,0.823574,0.824171,0.383547,0.652673,0.011167,0.164553,0.755228,1.998509,1.828587,1.652798,1.437490,1.953916,1.311662,1.925611,1.828587,0.000000,0.000000
0.702457,0.528919,0.859009,0.006766,0.483781,0.988173,0.177002,0.228800,0.721733,0.498258,1.762963,1.744661,1.229352,2.215179,2.236435,2.698219,1.670448,1.744661,0.000000,0.000000
0.846773,0.108445,0.907189,0.534308,0.226568,0.036015,0.457065,0.427876,0.925822,0.293625,1.159778,2.357299,1.640143,2.642846,1.122230,1.927119,2.174089,2.357299,0.000000,0.000000
0.611426,0.649409,0.282932,0.693472,0.185105,0.495540,0.943105,0.361649,0.465894,0.475408,1.683673,1.773523,2.073895,1.839736,1.721552,1.711454,2.316947,1.773523,0.000000,0.000000
0.188303,0.557386,0.233128,0.471878,0.794048,0.169147,0.240624,0.939374,0.774974,0.162598,2.187897,1.526227,2.123048,1.810432,1.195585,1.803584,1.276083,1.526227,0.000000,0.000000
0.004674,0.422697,0.992171,0.965875,0.950780,0.734334,0.874850,0.363936,0.377210,0.412702,2.326679,2.950279,2.007299,1.377232,1.904657,1.916456,1.874872,2.950279,0.000000,0.000000
0.204100,0.023241,0.604054,0.464527,0.433707,0.381027,0.529915,0.036990,0.781851,0.962866,1.211343,1.829408,1.531283,1.823508,2.308138,1.927032,1.571572,1.829408,0.000000,0.000000
0.681549,0.207879,0.811361,0.695110,0.994000,0.520002,0.290272,0.482347,0.950491,0.301054,2.195914,2.353416,1.522931,2.415000,1.610636,2.220893,1.754781,2.353416,0.000000,0.000000
0.955196,0.241509,0.896281,0.109135,0.013133,0.020600,0.861559,0.257134,0.119063,0.381206,1.241682,1.912454,1.927677,2.031461,1.165918,1.119487,2.773958,1.912454,0.000000,0.000000
0.922213,0.918417,0.278479,0.842425,0.110187,0.135115,0.299834,0.590347,0.472917,0.017593,1.930558,1.919976,1.648343,2.323394,1.135425,1.491174,2.150310,1.919976,0.000000,0.000000
0.105148,0.363031,0.826518,0.297477,0.483934,0.094680,0.085965,0.805882,0.676528,0.692108,1.597223,1.980609,1.735411,1.687584,1.573694,1.685492,1.097022,1.980609,0.000000,0.000000
0.373991,0.515203,0.296420,0.125747,0.373761,0.685536,0.897265,0.452258,0.204907,0.539797,1.654899,1.213612,2.101802,1.344777,1.976916,1.674866,2.037134,1.213612,0.000000,0.000000
0.110115,0.809542,0.124186,0.722866,0.938594,0.344941,0.862732,0.128884,0.181239,0.058934,2.690501,1.738289,1.879343,1.193365,1.348414,1.300223,1.874857,1.738289,0.000000,0.000000
0.203515,0.725131,0.346888,0.049162,0.169240,0.402402,0.880595,0.379402,0.532684,0.469997,1.753773,1.169494,2.024541,1.574102,1.623299,1.694612,1.922013,1.169494,0.000000,0.000000
0.974116,0.832838,0.513369,0.746535,0.073800,0.190943,0.702896,0.421416,0.735517,0.942777,1.838284,2.010082,1.880487,2.684418,2.079771,1.771976,2.651797,2.010082,0.000000,0.000000
0.987110,0.879111,0.465308,0.261728,0.074784,0.648625,0.893146,0.070053,0.047069,0.228983,1.884704,1.478240,1.898054,2.021456,1.701058,1.467784,2.867533,1.478240,0.000000,0.000000
0.704589,0.693138,0.314326,0.878615,0.936737,0.396247,0.475641,0.250352,0.401768,0.612759,2.570614,1.977416,1.538317,1.898214,1.771721,1.558780,1.972087,1.977416,0.000000,0.000000
0.083929,0.334708,0.901372,0.072123,0.017392,0.387801,0.966476,0.055349,0.991159,0.022558,1.335010,1.884594,1.969540,1.998203,1.388309,2.141548,1.973520,1.884594,0.000000,0.000000
0.433524,0.671359,0.048316,0.317070,0.770629,0.206013,0.818105,0.651225,0.034987,0.609125,2.265228,1.319405,2.242199,1.222930,1.577046,1.077428,2.006048,1.319405,0.000000,0.000000
0.267675,0.003426,0.790463,0.968498,0.566050,0.576203,0.907847,0.952055,0.061148,0.919284,1.323838,2.593330,2.814255,1.132798,2.421286,1.393158,1.979497,2.593330,0.000000,0.000000
0.872500,0.899341,0.886709,0.006605,0.776625,0.360558,0.462550,0.802881,0.961159,0.407327,2.502487,1.792858,2.107168,2.722415,1.526473,2.091161,2.223805,1.792858,0.000000,0.000000
0.541161,0.081164,0.128255,0.482532,0.159693,0.205553,0.188045,0.942491,0.382054,0.318163,1.106666,1.498981,2.076334,1.674910,1.306781,1.424306,1.480900,1.498981,0.000000,0.000000
0.045373,0.807606,0.448106,0.941960,0.797565,0.947877,0.564521,0.415742,0.471871,0.157184,2.443716,2.142759,1.737362,1.473930,1.972584,2.370343,1.566580,2.142759,0.000000,0.000000
0.450074,0.905611,0.822967,0.971799,0.852185,0.372763,0.120057,0.764484,0.610275,0.958968,2.631830,2.649073,1.704492,1.812842,2.292383,1.749227,1.322623,2.649073,0.000000,0.000000
0.334565,0.862027,0.479201,0.654553,0.616465,0.444453,0.557358,0.245603,0.372986,0.922902,2.242057,1.884186,1.617679,1.484920,2.296201,1.570525,1.669292,1.884186,0.000000,0.000000
0.920028,0.082784,0.536159,0.325765,0.778613,0.236543,0.137449,0.226825,0.408655,0.706871,1.689022,1.613231,1.188898,2.255107,1.736209,1.464608,1.983901,1.613231,0.000000,0.000000
0.520394,0.100228,0.782643,0.916378,0.738305,0.171061,0.328792,0.813051,0.258324,0.473869,1.645322,2.528908,1.989844,1.529134,1.395613,1.287586,1.599602,2.528908,0.000000,0.000000
0.324847,0.285606,0.383229,0.521358,0.623423,0.916672,0.121207,0.365894,0.149342,0.887678,1.674262,1.668223,1.255085,1.254868,2.704644,1.989629,1.226733,1.668223,0.000000,0.000000
0.322139,0.246599,0.253692,0.317898,0.940730,0.183821,0.910706,0.009641,0.614690,0.503605,2.131572,1.382258,1.910799,1.718463,1.437439,1.648480,2.014479,1.382258,0.000000,0.000000
0.666203,0.289966,0.642286,0.190238,0.563174,0.178271,0.659919,0.312908,0.843277,0.283004,1.607131,1.602769,1.757830,2.287103,1.258362,1.875058,2.103745,1.602769,0.000000,0.000000
0.652829,0.506558,0.689661,0.185122,0.468429,0.988058,0.461711,0.052921,0.122498,0.882969,1.725984,1.660755,1.464512,1.548684,2.767693,2.098757,1.887897,1.660755,0.000000,0.000000
0.566492,0.537832,0.870824,0.853415,0.714516,0.437761,0.919411,0.351125,0.888892,0.171395,2.048365,2.611749,2.042699,2.209804,1.467137,2.080526,2.240323,2.611749,0.000000,0.000000
0.513158,0.635767,0.102824,0.524366,0.017394,0.063870,0.779177,0.480562,0.584672,0.518106,1.636070,1.534939,2.010117,1.848003,1.332304,1.588751,2.042509,1.534939,0.000000,0.000000
0.371823,0.435322,0.481585,0.400415,0.940397,0.198071,0.717978,0.453173,0.008558,0.583083,2.319669,1.632339,1.923343,1.146811,1.538056,1.047790,1.856230,1.632339,0.000000,0.000000
0.700454,0.428700,0.635776,0.290394,0.688290,0.229916,0.956122,0.506804,0.719933,0.938167,1.902443,1.694605,2.212973,2.210568,2.110073,1.772794,2.446758,1.694605,0.000000,0.000000
0.384451,0.679048,0.794362,0.745461,0.278016,0.110224,0.481520,0.609006,0.889099,0.574601,1.756340,2.376472,1.852408,2.036901,1.440390,1.901248,1.629322,2.376472,0.000000,0.000000
0.428002,0.702692,0.086553,0.035373,0.433559,0.712737,0.678647,0.120200,0.946741,0.836951,1.890665,1.042865,1.693095,2.129926,2.413223,2.454734,1.861833,1.042865,0.000000,0.000000
0.156101,0.343510,0.662134,0.056011,0.175702,0.550357,0.079994,0.138280,0.748777,0.618433,1.374381,1.494433,1.099116,1.773144,1.932817,2.051670,1.104362,1.494433,0.000000,0.000000
0.875402,0.564820,0.985535,0.519629,0.060431,0.957182,0.988565,0.442600,0.526844,0.604840,1.568471,2.490909,2.184460,2.293173,2.323013,2.443042,2.754894,2.490909,0.000000,0.000000
0.713426,0.243741,0.854796,0.883295,0.569368,0.844594,0.518583,0.758499,0.872009,0.222474,1.567921,2.613972,2.093904,2.380986,1.894089,2.585348,2.027560,2.613972,0.000000,0.000000
0.296090,0.887619,0.095882,0.725764,0.920981,0.010982,0.237014,0.889118,0.038951,0.000854,2.735826,1.734957,2.027545,1.126620,1.010982,1.039072,1.324683,1.734957,0.000000,0.000000
0.981123,0.478062,0.076826,0.142082,0.384545,0.317244,0.439034,0.286706,0.562124,0.124299,1.625936,1.147984,1.521234,2.524726,1.332694,1.662768,2.401636,1.147984,0.000000,0.000000
0.753445,0.073154,0.518043,0.534989,0.021590,0.274403,0.364514,0.150884,0.556424,0.053758,1.073620,1.803357,1.387280,2.124103,1.277293,1.631721,1.932193,1.803357,0.000000,0.000000
0.644662,0.542927,0.060080,0.543295,0.703309,0.207710,0.095504,0.855777,0.916296,0.597103,2.037570,1.546905,1.827858,2.331885,1.564241,1.959439,1.511093,1.546905,0.000000,0.000000
0.157019,0.472347,0.883125,0.268661,0.638219,0.676858,0.939810,0.468001,0.140730,0.061242,1.879671,2.048570,2.158836,1.165385,1.680608,1.598867,1.964465,2.048570,0.000000,0.000000
0.219369,0.917014,0.919737,0.523300,0.589414,0.599036,0.791578,0.572295,0.363340,0.617964,2.264423,2.369216,2.119100,1.411463,1.980914,1.722184,1.839700,2.369216,0.000000,0.000000
0.998995,0.497329,0.528194,0.340588,0.034242,0.608065,0.743365,0.048504,0.534456,0.273961,1.498501,1.619577,1.745718,2.532447,1.683120,1.904199,2.741356,1.619577,0.000000,0.000000
0.227534,0.350884,0.558146,0.544014,0.853571,0.791800,0.120568,0.960573,0.469187,0.881293,2.079467,1.855542,2.043268,1.520959,2.568478,2.096135,1.172339,1.855542,0.000000,0.000000
0.326469,0.742792,0.317862,0.372844,0.697026,0.837716,0.904332,0.342817,0.024404,0.374408,2.228637,1.473880,2.021856,1.130986,1.977897,1.726172,2.010914,1.473880,0.000000,0.000000
0.470948,0.552915,0.316495,0.331328,0.259009,0.285586,0.379535,0.073903,0.340457,0.430539,1.620000,1.431497,1.384996,1.562249,1.470950,1.422016,1.601326,1.431497,0.000000,0.000000
0.026558,0.242926,0.360071,0.684883,0.787291,0.939678,0.043725,0.143365,0.950364,0.524326,1.862752,1.814534,1.064278,1.951069,2.214595,2.833358,1.044430,1.814534,0.000000,0.000000
0.628027,0.968348,0.667614,0.494737,0.660879,0.411368,0.533263,0.770268,0.044722,0.218924,2.405110,1.940445,2.126575,1.439140,1.459296,1.213946,1.927680,1.940445,0.000000,0.000000
0.168757,0.641705,0.046805,0.662806,0.778211,0.780107,0.682306,0.274285,0.233260,0.976431,2.247318,1.664997,1.757539,1.261739,2.733524,1.841826,1.710785,1.664997,0.000000,0.000000
0.942686,0.838347,0.661319,0.164942,0.368205,0.712162,0.976299,0.433072,0.931723,0.844562,1.973922,1.602285,2.163850,2.820379,2.425448,2.438897,2.864955,1.602285,0.000000,0.000000
0.908182,0.535303,0.421792,0.748584,0.272862,0.193794,0.387074,0.379907,0.286614,0.291253,1.609756,1.926492,1.531403,2.111409,1.278623,1.324170,2.211869,1.926492,0.000000,0.000000
0.717988,0.107672,0.570855,0.068118,0.920320,0.684707,0.361695,0.345945,0.477774,0.847008,1.954661,1.393993,1.481373,1.993281,2.402130,1.946598,1.877202,1.393993,0.000000,0.000000
0.189980,0.409239,0.493820,0.913558,0.297470,0.423258,0.444380,0.200649,0.506933,0.856203,1.497728,2.157416,1.484641,1.543026,2.156342,1.686080,1.480473,2.157416,0.000000,0.000000
0.630395,0.176282,0.078712,0.936743,0.995282,0.160479,0.129823,0.393899,0.993083,0.983485,2.166867,1.942938,1.284979,2.390480,2.127721,2.018836,1.527221,1.942938,0.000000,0.000000
0.813571,0.352691,0.157719,0.976486,0.012555,0.038691,0.215907,0.094322,0.133308,0.128065,1.352849,2.001361,1.224803,1.795205,1.055092,1.134805,1.877804,2.001361,0.000000,0.000000
0.437164,0.534280,0.917089,0.217833,0.728559,0.248736,0.658058,0.493653,0.764475,0.283197,2.065079,2.058884,1.901751,1.955588,1.328937,1.826345,1.849170,2.058884,0.000000,0.000000
0.584082,0.682028,0.509268,0.435301,0.508584,0.315861,0.448659,0.466944,0.652167,0.052398,1.940686,1.694655,1.666695,1.993318,1.318606,1.751935,1.789810,1.694655,0.000000,0.000000
0.976823,0.154175,0.252546,0.848526,0.169205,0.665744,0.467172,0.078904,0.520082,0.558784,1.182805,1.912306,1.473398,2.474266,1.977983,1.963296,2.421356,1.912306,0.000000,0.000000
0.370792,0.281602,0.637183,0.722137,0.216340,0.546729,0.735818,0.166995,0.094627,0.143635,1.328406,2.128140,1.763706,1.232114,1.567361,1.393540,1.873306,2.128140,0.000000,0.000000
0.900155,0.119447,0.645556,0.783520,0.769012,0.150937,0.397231,0.188648,0.905961,0.561037,1.710826,2.200262,1.432819,2.716239,1.465699,1.928743,2.207509,2.200262,0.000000,0.000000
0.827770,0.324719,0.833221,0.955654,0.064717,0.723952,0.030404,0.875777,0.696584,0.635394,1.328908,2.649912,1.797389,2.381787,2.127678,2.220690,1.715607,2.649912,0.000000,0.000000
0.373175,0.422068,0.560173,0.085558,0.460428,0.472042,0.394143,0.974183,0.707906,0.149129,1.634062,1.399352,2.343175,1.847165,1.494281,1.930730,1.533403,1.399352,0.000000,0.000000
0.167382,0.242803,0.291633,0.230222,0.794797,0.100679,0.472371,0.682612,0.175550,0.694928,1.874506,1.315272,1.938330,1.203567,1.583603,1.185686,1.500388,1.315272,0.000000,0.000000
0.260060,0.329801,0.846069,0.549953,0.998268,0.779288,0.147463,0.397608,0.438089,0.274092,2.326339,2.265786,1.305555,1.505720,1.854415,2.045379,1.215094,2.265786,0.000000,0.000000
0.370761,0.566810,0.747217,0.578642,0.556399,0.589270,0.586881,0.986904,0.123712,0.142974,1.876390,2.136975,2.560860,1.261176,1.609712,1.470951,1.724345,2.136975,0.000000,0.000000
0.562785,0.193758,0.742568,0.588949,0.946812,0.182488,0.361831,0.805374,0.110759,0.810776,2.090211,2.140356,2.010458,1.427486,1.839845,1.144061,1.678558,2.140356,0.000000,0.000000
0.696371,0.470546,0.304590,0.906259,0.221876,0.695606,0.487396,0.715777,0.585912,0.713300,1.519775,1.999034,1.999733,2.070844,2.204403,2.069780,1.972329,1.999034,0.000000,0.000000
0.371948,0.207478,0.357835,0.712244,0.794930,0.538096,0.981297,0.848517,0.131459,0.959218,1.839392,1.840290,2.701278,1.269805,2.458196,1.421007,2.119642,1.840290,0.000000,0.000000
0.132206,0.096374,0.533972,0.490072,0.135348,0.166352,0.171186,0.846762,0.261736,0.973312,1.114693,1.775198,1.888192,1.279214,2.113688,1.289408,1.188664,1.775198,0.000000,0.000000
0.709162,0.239679,0.589637,0.529790,0.580829,0.631577,0.647682,0.119508,0.107133,0.559855,1.577041,1.877462,1.661965,1.610044,1.945015,1.506023,2.150593,1.877462,0.000000,0.000000
0.423261,0.672741,0.524702,0.151171,0.063723,0.294355,0.200425,0.607169,0.931099,0.033019,1.676801,1.426483,1.569079,2.110249,1.295445,2.017744,1.379575,1.426483,0.000000,0.000000
0.807016,0.322938,0.254264,0.153560,0.606291,0.032071,0.638193,0.465896,0.839108,0.222906,1.690527,1.218210,1.855252,2.490383,1.081758,1.840136,2.289469,1.218210,0.000000,0.000000
0.115778,0.343850,0.130882,0.218334,0.526608,0.448116,0.499232,0.844152,0.151883,0.237902,1.621166,1.235464,2.211824,1.165287,1.504713,1.352691,1.512636,1.235464,0.000000,0.000000
0.724580,0.841461,0.420799,0.920890,0.931163,0.406084,0.921110,0.421229,0.279169,0.647943,2.708526,2.097961,2.098544,1.804185,1.825914,1.444073,2.446126,2.097961,0.000000,0.000000
0.245747,0.463421,0.814997,0.619145,0.061360,0.351074,0.218217,0.949125,0.297660,0.003540,1.467186,2.283365,2.119056,1.358052,1.351087,1.420914,1.278608,2.283365,0.000000,0.000000
0.743496,0.060926,0.333720,0.646038,0.905192,0.367804,0.329116,0.281594,0.647096,0.072137,1.880299,1.757407,1.408411,2.199882,1.373007,1.782375,1.881902,1.757407,0.000000,0.000000
0.976658,0.070459,0.604962,0.131986,0.512321,0.094980,0.599778,0.901860,0.107227,0.559714,1.332932,1.497965,2.413129,2.061088,1.408260,1.116248,2.553639,1.497965,0.000000,0.000000
0.409859,0.397715,0.081521,0.981897,0.390886,0.231885,0.846419,0.581840,0.635229,0.534175,1.550506,1.988542,2.184957,1.803213,1.517228,1.689000,2.014404,1.988542,0.000000,0.000000
0.986013,0.596288,0.136821,0.956084,0.612224,0.256100,0.207125,0.276941,0.836114,0.620100,1.971105,1.974804,1.283821,2.808335,1.640624,1.901701,2.179346,1.974804,0.000000,0.000000
0.329899,0.453663,0.354956,0.960897,0.004630,0.153988,0.690579,0.647858,0.154511,0.231459,1.453685,2.086890,2.110298,1.263344,1.207562,1.178224,1.799412,2.086890,0.000000,0.000000
0.093719,0.904697,0.266496,0.273289,0.610854,0.149748,0.915973,0.977057,0.013493,0.078915,2.277840,1.344309,2.870613,1.022277,1.155975,1.035918,1.924756,1.344309,0.000000,0.000000
0.128377,0.532289,0.963360,0.569246,0.273447,0.495972,0.422031,0.597240,0.037885,0.088064,1.607063,2.497308,1.778726,1.054366,1.503728,1.283874,1.438511,2.497308,0.000000,0.000000
0.193404,0.568700,0.956845,0.911355,0.702255,0.592272,0.243027,0.658648,0.782353,0.539320,2.061863,2.826908,1.676844,1.819758,1.883138,2.133140,1.280432,2.826908,0.000000,0.000000
0.958451,0.118675,0.530619,0.300040,0.430856,0.992274,0.821506,0.018459,0.875602,0.102830,1.304313,1.581597,1.821847,2.794231,2.002848,2.860209,2.740135,1.581597,0.000000,0.000000
0.347402,0.819987,0.843639,0.489711,0.863815,0.890920,0.094344,0.704423,0.385303,0.379316,2.566163,2.201438,1.590557,1.505992,2.034801,2.179042,1.215033,2.201438,0.000000,0.000000
0.063843,0.284977,0.142125,0.136614,0.815048,0.911674,0.637446,0.575609,0.681365,0.175200,1.949280,1.156813,1.968772,1.685441,1.942369,2.512515,1.641522,1.156813,0.000000,0.000000
0.086250,0.332113,0.893781,0.452652,0.439866,0.774117,0.129621,0.803569,0.069427,0.506417,1.525595,2.251497,1.775343,1.076866,2.030575,1.668684,1.137060,2.251497,0.000000,0.000000
0.260341,0.920322,0.196596,0.622936,0.020334,0.811518,0.185912,0.469342,0.648176,0.375305,1.920735,1.661586,1.406194,1.715954,1.952372,2.306737,1.253690,1.661586,0.000000,0.000000
0.150472,0.716862,0.859822,0.185509,0.620812,0.393038,0.751582,0.393507,0.472755,0.098664,2.102269,1.924803,1.906430,1.495397,1.402772,1.627234,1.774224,1.924803,0.000000,0.000000
0.179766,0.364446,0.637877,0.105511,0.572264,0.856573,0.706418,0.361525,0.594528,0.766574,1.691932,1.512398,1.837118,1.626844,2.444209,2.328245,1.738734,1.512398,0.000000,0.000000
0.273810,0.118632,0.881924,0.258318,0.117381,0.742166,0.119599,0.201567,0.335244,0.663359,1.132410,2.036108,1.160228,1.410216,2.182212,1.886055,1.194571,2.036108,0.000000,0.000000
0.746268,0.287849,0.225985,0.300177,0.955783,0.096245,0.454657,0.392871,0.220435,0.520572,2.201370,1.351246,1.609004,1.777351,1.367240,1.229698,2.011573,1.351246,0.000000,0.000000
0.439754,0.884239,0.496435,0.422505,0.125825,0.276888,0.406702,0.729653,0.212382,0.654911,1.900071,1.668953,1.939095,1.405765,1.705796,1.289048,1.600085,1.668953,0.000000,0.000000
0.124581,0.528059,0.437801,0.223794,0.918277,0.425673,0.136201,0.690541,0.914892,0.663046,2.371293,1.415464,1.613048,1.930412,1.865303,2.096089,1.151722,1.415464,0.000000,0.000000
0.239114,0.733629,0.928993,0.929853,0.836913,0.045656,0.604456,0.446789,0.761280,0.091580,2.434052,2.792880,1.804076,1.818456,1.054043,1.763365,1.661631,2.792880,0.000000,0.000000
0.368144,0.922554,0.087684,0.968289,0.172324,0.322609,0.847313,0.968562,0.358191,0.054040,1.952249,1.975978,2.785424,1.493721,1.325529,1.462268,1.982842,1.975978,0.000000,0.000000
0.788279,0.984830,0.401690,0.804162,0.565023,0.196291,0.406783,0.073727,0.549917,0.081510,2.304081,1.965517,1.412218,2.171300,1.202935,1.588447,2.028166,1.965517,0.000000,0.000000
0.908074,0.855395,0.541737,0.701309,0.357707,0.059338,0.854523,0.833706,0.015826,0.683940,1.983349,1.994788,2.549588,1.840425,1.527111,1.019347,2.679121,1.994788,0.000000,0.000000
0.371395,0.083305,0.526111,0.723501,0.554843,0.394150,0.925080,0.476336,0.084521,0.005182,1.391155,2.000294,2.151977,1.222455,1.394177,1.239875,2.063015,2.000294,0.000000,0.000000
0.043618,0.908121,0.625713,0.732879,0.218154,0.950907,0.184067,0.543303,0.831431,0.304178,1.955712,2.124396,1.479245,1.833334,2.043431,2.735655,1.185970,2.124396,0.000000,0.000000
0.107353,0.004701,0.573809,0.677942,0.926322,0.336420,0.109170,0.666999,0.647924,0.756839,1.862773,2.007199,1.554057,1.659449,1.909226,1.761103,1.120695,2.007199,0.000000,0.000000
