0.553533,0.937812,0.776026,0.219611,0.007750,0.903243,0.834092,0.337246,0.984808,0.805536,2.586700,1.821828,2.098543,1.834152,2.369381,1.219671,2.552131,1.889761,2.713583,0.000000
0.765655,0.780966,0.535409,0.299267,0.156882,0.297589,0.181716,0.584358,0.111175,0.922551,2.632067,1.585930,1.452650,1.206328,1.854214,1.323879,2.148690,1.876884,1.791624,0.000000
0.787217,0.198269,0.797832,0.667211,0.979086,0.198228,0.752309,0.706824,0.195494,0.907388,2.021622,2.303747,1.695093,2.710918,1.826511,2.625820,2.021582,2.297431,1.791620,0.000000
0.783315,0.645904,0.673649,0.918034,0.450734,0.804741,0.371626,0.603772,0.500703,0.167400,1.673927,2.371837,1.865244,1.574788,2.430923,2.121196,1.832764,2.038189,1.788819,0.000000
0.929953,0.310740,0.970262,0.034838,0.493885,0.330759,0.787636,0.070417,0.557159,0.483440,1.544454,1.976245,1.562117,2.031558,2.039355,1.278760,1.564473,1.975220,1.884195,0.000000
0.602954,0.575115,0.286109,0.887822,0.472535,0.768390,0.123087,0.853276,0.478197,0.162727,1.601595,1.969680,2.206277,1.346376,2.193377,2.111111,1.794870,2.014190,1.453844,0.000000
0.350423,0.481595,0.073000,0.450926,0.249281,0.157250,0.377475,0.883342,0.873676,0.610051,1.853756,1.456255,2.653969,1.439616,1.375151,1.513067,1.529412,1.853293,1.609409,0.000000
0.517271,0.090757,0.733024,0.663093,0.080769,0.735872,0.621008,0.144882,0.018857,0.506074,1.346868,2.200417,1.039848,1.627531,2.058778,1.669617,1.991983,1.754014,1.629244,0.000000
0.020638,0.433509,0.399475,0.437948,0.146443,0.835676,0.700292,0.742435,0.696036,0.851558,2.158660,1.597528,2.247246,1.721737,1.718993,1.459393,2.560828,1.950684,1.888222,0.000000
0.487096,0.037519,0.901520,0.441669,0.637089,0.473658,0.357358,0.295374,0.672209,0.227326,1.089196,2.254408,1.759455,1.763240,1.711447,1.847552,1.525335,1.988766,1.358765,0.000000
0.584535,0.423919,0.081787,0.724209,0.477397,0.890863,0.741147,0.820039,0.593088,0.167765,1.452064,1.730898,2.265552,1.969055,2.378173,1.952117,1.919008,1.754251,1.920854,0.000000
0.278414,0.214689,0.585168,0.387569,0.192754,0.585268,0.974890,0.481544,0.864493,0.219781,1.262993,1.729991,2.096378,2.012044,1.620952,1.424723,1.633572,1.817053,2.020981,0.000000
0.866525,0.151464,0.318650,0.780498,0.539904,0.030871,0.072348,0.281309,0.265407,0.511263,1.412854,1.882036,1.344541,1.363844,1.867478,2.071994,1.292262,1.397785,1.095289,0.000000
0.585440,0.601216,0.587904,0.062088,0.693540,0.838118,0.288745,0.557884,0.605047,0.607408,1.970160,1.407719,1.916282,1.769743,2.287882,1.543085,2.207063,1.899139,1.650205,0.000000
0.828825,0.038304,0.163658,0.555172,0.372589,0.504647,0.709408,0.139156,0.531173,0.823496,1.716449,1.581956,1.550537,1.848231,2.083494,1.693994,2.182793,1.183022,1.710875,0.000000
0.560115,0.573612,0.536112,0.727429,0.563077,0.791353,0.417708,0.285214,0.595665,0.734232,2.112708,2.014845,1.677012,1.734763,2.186356,2.044484,2.330450,1.617459,1.746739,0.000000
0.931054,0.153772,0.047371,0.861303,0.329118,0.441503,0.094228,0.551679,0.097176,0.640841,1.564450,1.863547,1.401525,1.202547,2.125979,1.969622,1.852181,1.351721,1.117874,0.000000
0.281332,0.283894,0.108331,0.701462,0.765003,0.274672,0.538544,0.887661,0.850033,0.032501,1.284951,1.713197,2.637975,2.123773,1.356777,2.286690,1.275728,1.896273,1.619140,0.000000
0.504454,0.271610,0.363432,0.841850,0.025747,0.580904,0.112212,0.157601,0.822057,0.579137,1.607010,1.973933,1.846895,1.112875,1.841904,1.842513,1.916304,1.388270,1.185984,0.000000
0.301751,0.773354,0.317035,0.979166,0.754141,0.459439,0.597823,0.518060,0.617461,0.442651,1.969295,2.079677,1.885847,2.166551,1.512836,2.547895,1.655380,1.585421,2.195900,0.000000
0.227271,0.755821,0.521288,0.196823,0.277574,0.675774,0.290869,0.772697,0.739613,0.845410,2.470540,1.468564,2.336674,1.367916,1.683942,1.273870,2.390492,2.118348,1.862135,0.000000
0.690381,0.576517,0.410814,0.158406,0.024761,0.037826,0.437603,0.260218,0.247397,0.740311,2.124577,1.327174,1.315110,1.438217,1.691812,1.159019,1.585886,1.478528,1.769976,0.000000
0.616408,0.292866,0.226835,0.672596,0.991830,0.084738,0.781319,0.951406,0.662075,0.039712,1.294443,1.724050,2.567248,2.765046,1.623588,2.656323,1.086315,2.132008,1.867089,0.000000
0.431605,0.311338,0.292754,0.433733,0.374029,0.229821,0.027932,0.985083,0.462219,0.129504,1.328110,1.519438,2.432607,1.167829,1.484422,1.573631,1.246592,2.263142,1.124863,0.000000
0.061034,0.163314,0.452108,0.037270,0.239213,0.491987,0.299380,0.268767,0.119348,0.680690,1.626652,1.241672,1.191584,1.356604,1.303085,1.094493,1.955326,1.524343,1.326052,0.000000
0.106388,0.268744,0.893207,0.764673,0.143883,0.505711,0.892465,0.317879,0.103145,0.261680,1.337221,2.562491,1.204192,1.913167,1.362132,1.785375,1.574187,1.994254,1.964688,0.000000
0.685202,0.463089,0.829521,0.027111,0.493550,0.382495,0.466912,0.492443,0.583866,0.126480,1.479086,1.715216,1.826367,1.710503,1.831505,1.270703,1.398493,2.072021,1.681363,0.000000
0.425106,0.372911,0.818961,0.992720,0.364780,0.393189,0.171057,0.505787,0.158277,0.335246,1.485301,2.663417,1.414097,1.304122,1.579704,2.125784,1.505579,2.074781,1.310120,0.000000
0.424378,0.670834,0.769401,0.356245,0.647741,0.580282,0.392836,0.280813,0.416061,0.252937,1.734811,1.948224,1.494917,1.812405,1.761106,1.775814,1.644259,1.848258,1.842854,0.000000
0.723038,0.770077,0.056153,0.146351,0.157622,0.264976,0.450539,0.773394,0.335567,0.309076,1.865605,1.149505,1.933706,1.475384,1.793250,1.171196,1.360504,1.654292,2.043558,0.000000
0.773474,0.247038,0.106794,0.521091,0.736728,0.918000,0.086252,0.623835,0.393011,0.637244,1.653119,1.532496,1.782180,1.629020,2.616198,2.063860,2.324080,1.495963,1.147280,0.000000
0.343702,0.574403,0.373807,0.119118,0.761305,0.097237,0.818210,0.807778,0.224028,0.243013,1.633458,1.258850,1.876534,2.397795,1.353157,1.698704,1.156293,2.026313,2.148148,0.000000
0.590064,0.343355,0.703603,0.609515,0.867376,0.055948,0.889694,0.189691,0.564547,0.770685,1.937310,2.104573,1.600530,2.642036,1.593194,2.361856,1.649903,1.739586,2.007587,0.000000
0.896786,0.251824,0.141001,0.699519,0.836609,0.289537,0.640338,0.036314,0.290346,0.869767,2.008320,1.719400,1.291664,2.340253,1.980618,2.399434,2.046033,1.142319,1.703753,0.000000
0.438454,0.929843,0.637179,0.290223,0.857924,0.952650,0.861771,0.214226,0.236536,0.801593,2.572394,1.696220,1.282429,2.597805,2.345997,2.026257,2.595202,1.683071,2.726378,0.000000
0.698370,0.897908,0.056056,0.189595,0.923853,0.283380,0.478406,0.319362,0.941264,0.891025,2.691834,1.192737,2.043256,2.331911,1.778675,2.043099,2.077306,1.158048,2.284645,0.000000
0.402605,0.247635,0.064743,0.956676,0.394366,0.820062,0.880822,0.637388,0.004717,0.277817,1.324817,1.960868,1.410980,2.036347,2.075106,2.112201,1.897244,1.471007,1.942145,0.000000
0.154973,0.520971,0.587605,0.639324,0.345119,0.589433,0.969411,0.187669,0.196964,0.359719,1.650369,1.984603,1.232184,2.088518,1.502404,1.758431,1.718830,1.622825,2.240822,0.000000
0.124801,0.695656,0.123811,0.005904,0.381640,0.303852,0.375267,0.089556,0.058284,0.127685,1.711960,1.021233,1.066304,1.520917,1.217127,1.151553,1.320155,1.131832,1.859205,0.000000
0.932460,0.095160,0.946068,0.663259,0.516941,0.881978,0.645116,0.305330,0.565205,0.455899,1.303004,2.558304,1.658431,1.912344,2.710345,1.930486,2.089822,2.039295,1.654171,0.000000
0.620813,0.468341,0.186542,0.241326,0.058172,0.354672,0.084584,0.710641,0.456292,0.589513,1.815866,1.276125,1.961303,1.087968,1.746605,1.244710,1.702197,1.691554,1.303927,0.000000
0.450621,0.031638,0.471713,0.936414,0.537013,0.331428,0.446824,0.040413,0.524688,0.197998,1.070842,2.158927,1.526321,1.735207,1.560465,2.224797,1.370631,1.473346,1.447825,0.000000
0.334366,0.155604,0.995054,0.873414,0.775832,0.850381,0.485282,0.557956,0.253646,0.590681,1.504508,2.863547,1.564961,2.087197,2.057514,2.475329,2.199285,2.306370,1.509494,0.000000
0.202638,0.228558,0.543835,0.600562,0.730432,0.333115,0.442789,0.866881,0.743897,0.344189,1.347023,1.896318,2.495380,1.976319,1.313603,2.134092,1.451581,2.295317,1.495027,0.000000
0.013661,0.593637,0.428856,0.115329,0.347293,0.920217,0.578685,0.003159,0.587804,0.232553,1.647718,1.299246,1.587814,1.699297,1.860461,1.235941,1.974298,1.428866,1.931089,0.000000
0.381918,0.967894,0.611298,0.622959,0.209963,0.021873,0.348707,0.961222,0.872690,0.096635,1.977232,1.996645,2.796638,1.392792,1.382396,1.667044,1.031211,2.535246,2.285526,0.000000
0.388847,0.383227,0.773456,0.743159,0.019330,0.270950,0.687441,0.148474,0.572541,0.757484,1.957009,2.341393,1.594585,1.687815,1.462261,1.743532,1.844732,1.795501,1.834305,0.000000
0.144428,0.704260,0.989906,0.353659,0.753611,0.281282,0.118212,0.314494,0.945052,0.660935,2.141095,2.333573,2.043958,1.686141,1.223548,1.921589,1.718118,2.088812,1.614194,0.000000
0.446514,0.411481,0.851970,0.144750,0.812412,0.853206,0.587306,0.520761,0.222121,0.738410,1.956730,1.870603,1.493312,2.247319,2.174474,1.804762,2.398456,2.123162,1.756622,0.000000
0.833917,0.369461,0.080214,0.475074,0.779120,0.170402,0.186296,0.825104,0.869307,0.062671,1.373389,1.481509,2.550103,1.793323,1.862953,2.082102,1.174329,1.761010,1.322797,0.000000
0.063215,0.362819,0.100918,0.616553,0.998554,0.087028,0.675988,0.032592,0.961537,0.598264,1.720739,1.626738,1.962600,2.673097,1.070789,2.613662,1.444948,1.101980,1.807626,0.000000
0.627358,0.230596,0.174188,0.369136,0.932100,0.777166,0.534218,0.262371,0.442580,0.536583,1.518517,1.399478,1.511418,2.403028,2.231345,2.237947,2.065088,1.243026,1.587392,0.000000
0.454211,0.182223,0.220627,0.528820,0.545705,0.483840,0.926454,0.965563,0.261886,0.832356,1.875039,1.577496,2.194198,2.224247,1.688312,1.826614,2.176656,2.152939,1.959659,0.000000
0.588103,0.606546,0.788563,0.909332,0.223614,0.917650,0.625794,0.503973,0.696295,0.875095,2.372337,2.531164,1.950284,1.675797,2.430185,1.959335,2.683441,2.042552,1.993692,0.000000
0.388227,0.399022,0.106710,0.812205,0.982375,0.624184,0.764337,0.393969,0.678073,0.684462,1.867510,1.823592,1.833285,2.729398,1.777833,2.777266,2.092672,1.261922,1.923555,0.000000
0.188742,0.783231,0.608316,0.831065,0.887883,0.599613,0.096227,0.189648,0.446351,0.884103,2.564870,2.201114,1.482317,1.884563,1.548278,2.619401,2.381251,1.644283,1.709678,0.000000
0.679881,0.924570,0.806409,0.028751,0.741969,0.957726,0.159491,0.416447,0.867893,0.939255,2.806770,1.679046,2.041321,1.710010,2.597121,1.579269,2.839926,1.979836,2.014321,0.000000
0.486634,0.400994,0.391310,0.988080,0.452192,0.024419,0.571760,0.296714,0.345294,0.201582,1.441629,2.141203,1.433333,1.776238,1.487230,2.192558,1.065055,1.479349,1.732557,0.000000
0.824600,0.568746,0.304858,0.242846,0.559230,0.164942,0.486413,0.968379,0.350272,0.090855,1.577000,1.335784,2.288030,1.799151,1.851806,1.555583,1.173197,2.242615,1.809885,0.000000
0.243590,0.434711,0.501749,0.773903,0.605406,0.517108,0.296620,0.218368,0.022326,0.759039,2.010851,2.025655,1.070010,1.663136,1.510990,2.140419,2.093249,1.549434,1.485594,0.000000
0.572720,0.439195,0.547612,0.482258,0.287329,0.657958,0.275427,0.588148,0.152417,0.807692,2.091561,1.782137,1.498335,1.357985,2.005628,1.564816,2.310324,1.893530,1.468319,0.000000
0.439554,0.764925,0.045318,0.567954,0.741305,0.426588,0.361452,0.493898,0.093725,0.467841,1.983800,1.570008,1.337660,1.910986,1.621531,2.117487,1.645464,1.289253,1.946562,0.000000
0.371471,0.204790,0.192396,0.934991,0.941593,0.477559,0.625576,0.241354,0.620140,0.932671,2.074665,1.972007,1.678391,2.512173,1.599534,2.821588,2.347434,1.250648,1.667515,0.000000
0.694814,0.832251,0.108607,0.914849,0.742085,0.145121,0.465512,0.261791,0.253571,0.451871,2.036439,1.926645,1.322105,2.016201,1.715874,2.465539,1.349309,1.177142,2.158154,0.000000
0.061291,0.008934,0.718477,0.641723,0.366346,0.467734,0.780542,0.635398,0.887326,0.256557,1.074755,2.157932,2.291057,1.914751,1.280066,1.775932,1.533555,2.122207,1.780621,0.000000
0.090622,0.739202,0.124089,0.188510,0.252327,0.962880,0.559399,0.977130,0.335313,0.304623,1.831997,1.203908,2.290096,1.623068,2.017759,1.252179,2.055675,2.078872,2.105819,0.000000
0.608258,0.301692,0.206989,0.802982,0.596783,0.028686,0.834612,0.249506,0.437910,0.297109,1.389965,1.845826,1.500163,2.190763,1.609081,2.159132,1.116960,1.269242,1.925630,0.000000
0.050001,0.415528,0.017064,0.881884,0.986299,0.514470,0.399144,0.316695,0.569910,0.155877,1.439826,1.882175,1.670206,2.371929,1.314680,2.854669,1.538767,1.117360,1.571808,0.000000
0.117106,0.818717,0.547612,0.859612,0.718354,0.951052,0.906339,0.311651,0.361126,0.403573,1.981588,2.159492,1.458253,2.422372,2.021606,2.375645,2.113923,1.644738,2.576636,0.000000
0.283301,0.904617,0.969242,0.284166,0.165890,0.070441,0.734588,0.715675,0.541716,0.576030,2.236428,2.223596,2.053906,1.762108,1.288263,1.311686,1.402251,2.481432,2.552920,0.000000
0.174741,0.013877,0.760596,0.299959,0.369174,0.491881,0.515119,0.885181,0.911486,0.315735,1.113566,1.878465,2.695031,1.651408,1.416688,1.436248,1.591570,2.544142,1.515311,0.000000
0.809214,0.702026,0.720719,0.244573,0.126405,0.751337,0.600055,0.974858,0.359038,0.134446,1.720102,1.764009,2.309386,1.616034,2.373720,1.260551,1.769412,2.671067,2.092896,0.000000
0.986224,0.891165,0.892457,0.094118,0.108396,0.786248,0.346768,0.435553,0.777893,0.421504,2.068830,1.890598,1.967599,1.358518,2.604410,1.105868,1.963913,2.082163,2.140942,0.000000
0.778328,0.884745,0.110079,0.896264,0.034780,0.220060,0.477902,0.100001,0.501437,0.237359,1.941084,1.908381,1.511437,1.479111,1.826754,1.897474,1.276399,1.120079,2.260675,0.000000
0.573121,0.413516,0.382402,0.871203,0.610005,0.685028,0.638678,0.338909,0.281786,0.396643,1.570842,2.017434,1.396646,2.010784,2.042384,2.243310,1.842354,1.497261,1.809673,0.000000
0.958145,0.884501,0.444481,0.803765,0.586108,0.697311,0.716068,0.602097,0.000821,0.243908,1.943992,2.001328,1.363341,2.059590,2.444387,2.147287,1.756802,1.807001,2.498411,0.000000
0.112390,0.539853,0.885106,0.898418,0.425110,0.845722,0.228446,0.795277,0.650128,0.147945,1.561741,2.681831,2.282593,1.409164,1.827635,2.079136,1.867609,2.517571,1.519887,0.000000
0.346094,0.117923,0.288189,0.413372,0.923458,0.419906,0.370140,0.236338,0.773362,0.515407,1.383567,1.496425,1.829218,2.222915,1.522415,2.266148,1.685550,1.344045,1.384046,0.000000
0.704801,0.751215,0.281675,0.914837,0.289726,0.061947,0.913164,0.010217,0.474206,0.419779,1.927430,1.994178,1.474311,1.997105,1.708638,1.998778,1.238161,1.281780,2.477488,0.000000
0.955835,0.205809,0.939214,0.266273,0.638356,0.470425,0.052643,0.831247,0.141352,0.558554,1.517791,2.148396,1.832324,1.460141,2.177135,1.673771,1.782407,2.630186,1.095000,0.000000
0.188370,0.835549,0.500551,0.996285,0.869385,0.115334,0.275794,0.868776,0.966153,0.344732,1.954389,2.246837,2.720925,2.031624,1.201672,2.752115,1.234175,2.255323,1.973936,0.000000
0.116053,0.750391,0.484275,0.864897,0.820394,0.904653,0.392369,0.097980,0.577639,0.410660,1.919033,2.099419,1.587239,2.065415,1.934450,2.537943,2.073295,1.493875,1.955456,0.000000
0.145337,0.006575,0.974320,0.701388,0.164888,0.199474,0.526445,0.719791,0.849832,0.231864,1.060336,2.650687,2.367932,1.553633,1.185126,1.728576,1.253235,2.492419,1.526488,0.000000
0.220679,0.407595,0.837369,0.716143,0.126306,0.741850,0.300561,0.479292,0.017026,0.425351,1.588518,2.417330,1.246747,1.316514,1.771021,1.732097,1.922774,2.067090,1.466695,0.000000
0.940549,0.405442,0.013917,0.512156,0.737064,0.008385,0.076418,0.005335,0.232686,0.390801,1.558168,1.512350,1.232715,1.619682,1.940619,2.055420,1.161110,1.013945,1.240802,0.000000
0.394810,0.831410,0.824060,0.046108,0.438777,0.493216,0.963044,0.508198,0.954434,0.417592,2.005793,1.725182,2.212699,2.155569,1.638072,1.238633,1.667599,2.082325,2.654287,0.000000
0.512654,0.655098,0.509064,0.973973,0.812902,0.804786,0.970635,0.203121,0.914237,0.449863,1.857475,2.233119,1.955495,2.631445,2.160334,2.634783,2.007162,1.550322,2.399788,0.000000
0.756368,0.819601,0.308892,0.367916,0.933104,0.638584,0.672737,0.488678,0.329187,0.610151,2.191886,1.463330,1.567993,2.543419,2.164158,2.238598,2.010869,1.547697,2.344483,0.000000
0.274492,0.632300,0.463137,0.753293,0.548312,0.332368,0.824907,0.954512,0.168166,0.484669,1.867204,1.967789,2.079258,2.125553,1.384960,2.053939,1.567272,2.374229,2.224710,0.000000
0.843862,0.940682,0.650129,0.238833,0.441145,0.157907,0.209513,0.781027,0.878051,0.032021,1.941707,1.661500,2.488055,1.404122,1.868797,1.433442,1.158933,2.260132,2.094395,0.000000
0.042397,0.256731,0.224203,0.741745,0.027932,0.220063,0.592885,0.451473,0.561743,0.193799,1.294289,1.792012,1.765571,1.593665,1.090825,1.742525,1.257621,1.428031,1.658796,0.000000
0.814850,0.511979,0.088800,0.839918,0.117877,0.344643,0.830702,0.852802,0.822196,0.194849,1.549945,1.847804,2.549467,1.844597,1.933629,1.853813,1.382609,1.816072,2.092825,0.000000
0.742001,0.908043,0.459585,0.179799,0.655457,0.970402,0.840647,0.098324,0.838139,0.909421,2.735089,1.391017,1.847807,2.270271,2.683682,1.609422,2.797448,1.469253,2.665189,0.000000
0.651738,0.511727,0.382528,0.577957,0.083418,0.589468,0.410732,0.963635,0.151233,0.986344,2.484601,1.724285,2.079825,1.417691,1.999210,1.584915,2.562342,2.311121,1.672596,0.000000
0.000186,0.453192,0.571473,0.625076,0.163870,0.622453,0.919326,0.427103,0.635284,0.603333,1.817203,1.951658,1.817701,1.946180,1.387633,1.651929,1.986464,1.753890,2.124709,0.000000
0.904130,0.626171,0.365842,0.614652,0.811079,0.714730,0.618602,0.157694,0.828046,0.434053,1.814573,1.748492,1.852913,2.276452,2.414969,2.272501,1.903132,1.390709,2.010692,0.000000
0.940406,0.584452,0.567874,0.246596,0.308685,0.252935,0.570789,0.169924,0.541091,0.448404,1.785518,1.569076,1.569965,1.666076,2.004382,1.341882,1.454000,1.596748,1.912374,0.000000
0.768164,0.966032,0.738702,0.159668,0.007113,0.270295,0.724359,0.738401,0.085464,0.419985,2.142420,1.705349,1.630700,1.724410,1.841224,1.159719,1.446682,2.283938,2.657578,0.000000
0.112904,0.043152,0.836779,0.317395,0.620089,0.739001,0.385671,0.084226,0.231900,0.857872,1.779096,2.017594,1.238994,1.770181,1.659027,1.701906,2.474945,1.843873,1.387533,0.000000
0.669380,0.134512,0.722826,0.521241,0.962075,0.016834,0.507067,0.864616,0.947758,0.693477,1.615422,2.043719,2.695319,2.432654,1.669664,2.446828,1.497744,2.470387,1.525160,0.000000
0.791107,0.577759,0.798621,0.568739,0.443865,0.621656,0.553438,0.135020,0.666835,0.558696,1.889900,2.206535,1.685065,1.750454,2.177563,1.765755,1.933797,1.816851,1.887243,0.000000
0.312610,0.939452,0.211381,0.535579,0.334461,0.179187,0.049903,0.222706,0.709339,0.530350,2.220723,1.580261,1.758937,1.161767,1.344718,1.647444,1.460458,1.260979,1.932473,0.000000
0.024913,0.650883,0.910412,0.241694,0.069226,0.711278,0.790621,0.782367,0.790313,0.323449,1.755502,2.070545,2.402410,1.795413,1.530830,1.246487,1.815898,2.522510,2.214270,0.000000
0.495857,0.879837,0.468060,0.073956,0.755624,0.903489,0.241623,0.664989,0.337742,0.090663,1.888057,1.293036,1.779953,1.812590,2.312150,1.644924,1.911709,1.910270,2.015736,0.000000
0.834234,0.939949,0.849098,0.903743,0.724647,0.406284,0.757174,0.649183,0.412890,0.516769,2.207000,2.624711,1.834328,2.282287,1.999301,2.428857,1.673335,2.270536,2.640678,0.000000
0.851401,0.302558,0.993824,0.453063,0.837089,0.731512,0.109295,0.449678,0.666455,0.433023,1.490067,2.440748,1.868666,1.810012,2.386511,2.153780,1.919021,2.196034,1.200836,0.000000
0.336909,0.600963,0.908815,0.487156,0.411569,0.471609,0.214189,0.636876,0.719749,0.637995,2.008000,2.313100,2.125360,1.383578,1.559324,1.656545,1.878646,2.314425,1.575345,0.000000
0.990878,0.287972,0.249716,0.407988,0.519754,0.181454,0.724558,0.188064,0.246722,0.462674,1.502039,1.470346,1.282090,1.994702,2.023803,1.678132,1.395521,1.285084,1.807486,0.000000
0.330765,0.583784,0.904645,0.886674,0.443442,0.815328,0.767178,0.041699,0.033435,0.041491,1.585506,2.705055,1.035174,1.963819,1.995525,2.083314,1.817049,1.906383,2.107983,0.000000
0.221895,0.962183,0.320566,0.319752,0.208058,0.969233,0.396007,0.146489,0.492366,0.779959,2.570519,1.422514,1.513825,1.439295,2.161308,1.363040,2.577569,1.342025,2.321803,0.000000
0.488392,0.868397,0.560871,0.998208,0.483091,0.648144,0.519326,0.076280,0.356571,0.155084,1.892448,2.312785,1.362390,1.752703,1.908483,2.231585,1.672195,1.566690,2.273439,0.000000
0.427938,0.301402,0.853380,0.455255,0.666561,0.488927,0.096853,0.871122,0.433963,0.416652,1.475001,2.183513,2.192817,1.541157,1.666988,1.899559,1.662527,2.612235,1.187696,0.000000
0.662297,0.540311,0.937904,0.455610,0.335910,0.369514,0.014280,0.300293,0.717666,0.385425,1.688864,2.335274,1.807842,1.127115,1.798838,1.568445,1.518066,2.028080,1.306217,0.000000
0.989438,0.364831,0.998876,0.808147,0.916867,0.730771,0.365427,0.688004,0.713189,0.438907,1.557470,2.805901,2.186540,2.206072,2.523464,2.648791,1.923410,2.472226,1.498529,0.000000
0.156507,0.120564,0.956246,0.886608,0.197218,0.002631,0.724474,0.662988,0.111963,0.847289,1.838462,2.801015,1.551516,1.763369,1.156514,1.925503,1.720529,2.395799,1.739010,0.000000
0.383035,0.747404,0.142958,0.375888,0.410166,0.442871,0.251470,0.047742,0.546063,0.281314,1.826542,1.396325,1.548342,1.419707,1.579170,1.544124,1.522008,1.145237,1.810083,0.000000
0.566206,0.289819,0.765537,0.587040,0.833990,0.353545,0.111391,0.323499,0.316518,0.057465,1.293121,2.173086,1.421170,1.806929,1.691200,2.282579,1.356847,1.870188,1.195386,0.000000
0.669654,0.160681,0.495678,0.913802,0.518601,0.022124,0.758932,0.464034,0.603355,0.051441,1.163327,2.159499,1.818682,2.027879,1.670143,2.182749,1.024770,1.711005,1.784751,0.000000
0.756793,0.434983,0.632568,0.922016,0.445770,0.690742,0.607684,0.537023,0.688115,0.859463,2.173659,2.322158,1.976509,1.806395,2.233917,2.120727,2.429418,1.920962,1.796895,0.000000
0.692018,0.727284,0.533714,0.870525,0.037398,0.245007,0.438956,0.422561,0.894123,0.892768,2.524320,2.155375,2.072680,1.440354,1.752047,1.871923,2.042042,1.712272,1.967898,0.000000
0.798487,0.199134,0.835137,0.903089,0.589166,0.982744,0.216402,0.671415,0.084172,0.776856,1.802639,2.600542,1.534970,1.563518,2.764273,2.250205,2.586249,2.285934,1.256056,0.000000
0.797494,0.177019,0.411671,0.258455,0.740870,0.461559,0.500082,0.084558,0.302123,0.794948,1.808961,1.427928,1.309274,2.048970,2.010531,1.807344,2.093502,1.418821,1.531418,0.000000
0.923262,0.696465,0.189654,0.522176,0.524856,0.896554,0.580889,0.466232,0.914680,0.771617,2.291858,1.558144,2.132053,1.856363,2.727072,1.797649,2.491947,1.407027,2.065953,0.000000
0.041240,0.030633,0.418462,0.412014,0.682832,0.959225,0.036195,0.657236,0.797148,0.416150,1.203814,1.587124,2.229107,1.502455,1.961353,1.878274,2.132406,1.850421,1.037133,0.000000
0.009576,0.080555,0.927423,0.200548,0.527843,0.308976,0.110887,0.558259,0.227263,0.991705,2.064035,2.060661,1.538916,1.389506,1.105042,1.479167,2.292455,2.239075,1.117377,0.000000
0.766511,0.542594,0.863685,0.025509,0.004201,0.383491,0.831456,0.201959,0.713087,0.582262,1.881623,1.771461,1.753874,1.831474,1.913577,1.025527,1.722520,1.904473,2.125865,0.000000
0.003631,0.741330,0.046887,0.690620,0.561519,0.594707,0.443883,0.186742,0.099656,0.494540,1.985899,1.692818,1.134529,1.759186,1.357307,2.005923,1.839276,1.081760,1.993453,0.000000
0.515757,0.896661,0.511702,0.199112,0.530454,0.285938,0.448634,0.721994,0.548844,0.918522,2.740345,1.460950,2.070120,1.730015,1.597518,1.480493,2.129622,2.032978,2.252635,0.000000
0.302088,0.331139,0.924478,0.774135,0.943608,0.984110,0.316129,0.239430,0.501202,0.972802,2.277484,2.628794,1.558529,2.206524,2.270560,2.664530,2.930454,1.981805,1.425782,0.000000
0.037608,0.846398,0.051739,0.594403,0.945126,0.575461,0.415881,0.662986,0.095567,0.292411,1.931902,1.597079,1.535117,2.309144,1.368763,2.487666,1.660965,1.491289,2.132270,0.000000
0.112143,0.905276,0.573522,0.959146,0.041953,0.280246,0.868810,0.546508,0.522674,0.742545,2.456649,2.288073,1.821344,1.870571,1.190680,1.960907,1.831619,1.872192,2.688335,0.000000
0.103030,0.028383,0.736323,0.299589,0.483180,0.075911,0.239256,0.652456,0.868205,0.432609,1.215533,1.841760,2.293905,1.472719,1.108792,1.533052,1.263061,2.162022,1.240062,0.000000
0.913865,0.794697,0.898137,0.903583,0.053677,0.295910,0.484348,0.488949,0.201703,0.714924,2.305813,2.710233,1.440774,1.487230,2.001427,1.906464,1.807025,2.137209,2.115892,0.000000
0.504494,0.313165,0.744881,0.661299,0.131221,0.014224,0.910110,0.908179,0.466599,0.749344,1.874681,2.216146,2.291389,1.927329,1.504697,1.678518,1.575740,2.569670,2.008182,0.000000
0.121656,0.283432,0.728835,0.439104,0.336993,0.976739,0.579888,0.465731,0.479326,0.249691,1.345778,1.970304,1.696230,1.693452,2.075675,1.552668,2.039085,1.945740,1.660222,0.000000
0.328943,0.354981,0.336751,0.182057,0.953782,0.079973,0.150818,0.581051,0.743901,0.186235,1.389665,1.295458,2.081522,2.060519,1.335338,2.091758,1.114656,1.674372,1.276830,0.000000
0.278087,0.667416,0.466302,0.353259,0.773866,0.930151,0.178809,0.389832,0.618679,0.816259,2.333694,1.570697,1.770648,1.777677,2.143268,1.952128,2.596429,1.618271,1.624253,0.000000
0.319583,0.697569,0.743692,0.366252,0.444691,0.446962,0.344817,0.992660,0.557343,0.567480,2.019603,1.919330,2.542717,1.542567,1.519358,1.564002,1.768995,2.729066,1.831420,0.000000
0.515897,0.181740,0.665020,0.814515,0.884457,0.836007,0.911894,0.787102,0.650114,0.212087,1.226721,2.256766,2.269645,2.694158,2.214804,2.596779,1.880987,2.284550,1.944924,0.000000
0.364235,0.211805,0.698779,0.534346,0.053868,0.695387,0.556249,0.955107,0.847006,0.499180,1.460986,2.022637,2.759234,1.559151,1.847798,1.537247,1.944568,2.611007,1.601110,0.000000
0.306059,0.011908,0.751090,0.795950,0.077695,0.563036,0.552728,0.600173,0.443435,0.837359,1.713079,2.360086,1.803643,1.558765,1.623068,1.801986,2.264207,2.111298,1.552870,0.000000
0.919540,0.055077,0.213450,0.501306,0.628257,0.049914,0.200543,0.510502,0.664017,0.577968,1.389124,1.546866,1.924629,1.595250,1.922032,1.896012,1.383960,1.474062,1.203576,0.000000
0.272156,0.754729,0.494537,0.546266,0.435227,0.270646,0.252871,0.034722,0.115942,0.430529,1.940084,1.790833,1.117147,1.442294,1.345405,1.735689,1.456001,1.495742,1.822487,0.000000
0.164191,0.241070,0.716447,0.010753,0.355695,0.834793,0.334615,0.900640,0.998660,0.214467,1.287066,1.524050,2.809812,1.461134,1.861070,1.137272,1.880788,2.527599,1.392730,0.000000
0.448961,0.549457,0.128398,0.897902,0.894746,0.187888,0.046364,0.460778,0.990245,0.298811,1.638745,1.914388,2.202561,1.846934,1.484264,2.698472,1.277176,1.340714,1.348267,0.000000
0.473343,0.134277,0.879823,0.172764,0.188039,0.269359,0.953078,0.369543,0.004038,0.281810,1.213694,1.946852,1.140600,1.988436,1.545897,1.208122,1.348776,2.016385,1.971108,0.000000
0.901227,0.228685,0.935589,0.597001,0.416012,0.397617,0.257308,0.986643,0.161357,0.701535,1.720837,2.472327,2.134821,1.430374,2.059326,1.770067,1.889768,2.909053,1.309605,0.000000
0.220768,0.580820,0.871327,0.187646,0.393047,0.049959,0.824510,0.860118,0.392293,0.328054,1.688440,1.946857,2.132097,1.978996,1.223264,1.342132,1.157579,2.611131,2.161863,0.000000
0.296761,0.305102,0.146868,0.881330,0.869458,0.441123,0.890043,0.342460,0.873569,0.679937,1.767417,1.902900,1.990848,2.646000,1.491351,2.637287,1.903438,1.264147,1.983130,0.000000
0.485572,0.809584,0.578982,0.863258,0.315205,0.213203,0.129608,0.197173,0.552308,0.595690,2.164430,2.198478,1.591185,1.228963,1.531028,1.962612,1.568049,1.617859,1.785034,0.000000
0.235741,0.622554,0.058973,0.487041,0.847305,0.519662,0.212285,0.136310,0.555157,0.423382,1.801806,1.490518,1.573737,1.930212,1.505790,2.204967,1.698914,1.077554,1.599859,0.000000
0.004665,0.438066,0.841016,0.732887,0.014185,0.041574,0.325210,0.454808,0.159588,0.166104,1.465656,2.440195,1.366439,1.325411,1.006394,1.733088,1.069164,2.047867,1.517111,0.000000
0.781198,0.583247,0.709843,0.484730,0.745097,0.772726,0.714831,0.462985,0.880779,0.067322,1.587779,1.988607,2.095133,2.270000,2.378305,2.039899,1.777259,1.924198,2.055008,0.000000
0.297857,0.102859,0.660538,0.806165,0.301763,0.384879,0.953313,0.949575,0.501519,0.941956,1.990139,2.242475,2.403211,2.044374,1.445989,1.897226,2.272159,2.562230,1.963893,0.000000
0.983354,0.304935,0.909831,0.486847,0.455459,0.540916,0.986466,0.122214,0.543050,0.360677,1.435023,2.314639,1.557986,2.193908,2.275944,1.694290,1.671004,1.924767,2.079451,0.000000
0.283358,0.231751,0.471150,0.663123,0.721360,0.967201,0.981313,0.147584,0.116975,0.691396,1.709779,1.885105,1.138756,2.501673,2.218836,2.183483,2.445229,1.492931,2.035022,0.000000
0.754131,0.842901,0.526661,0.190992,0.725245,0.054773,0.380130,0.546828,0.336365,0.181826,1.875962,1.468364,1.635386,1.906110,1.757132,1.716972,1.087834,1.825682,2.090612,0.000000
0.557275,0.914566,0.754873,0.197978,0.283165,0.205306,0.343675,0.357475,0.581132,0.254286,1.979227,1.767811,1.708921,1.423858,1.599426,1.278161,1.269968,1.882661,2.180106,0.000000
0.744297,0.071946,0.335599,0.381860,0.493722,0.651468,0.859627,0.282830,0.613656,0.972319,2.017351,1.494487,1.693649,2.103388,2.168708,1.625621,2.596872,1.415592,1.864803,0.000000
0.881581,0.967575,0.675913,0.380237,0.807267,0.172248,0.242152,0.998582,0.940406,0.599418,2.326877,1.837095,2.937571,1.893832,1.911250,2.031917,1.531550,2.673078,2.178353,0.000000
0.817488,0.222380,0.754275,0.981004,0.150028,0.346751,0.469716,0.838277,0.999914,0.317693,1.323309,2.549934,2.702623,1.492224,1.937724,2.003512,1.447680,2.456983,1.519169,0.000000
0.766609,0.221376,0.600014,0.882252,0.933244,0.091291,0.391328,0.208441,0.569205,0.434560,1.410218,2.242269,1.612653,2.262272,1.774943,2.753195,1.280134,1.643462,1.440335,0.000000
0.343135,0.818014,0.891003,0.093183,0.621426,0.751208,0.906393,0.732586,0.728438,0.212641,1.863230,1.887068,2.265121,2.292563,1.907449,1.479352,1.796424,2.427685,2.575540,0.000000
0.958103,0.646909,0.962130,0.719578,0.475089,0.790684,0.823540,0.845447,0.829567,0.664506,2.088478,2.645272,2.544348,2.049250,2.583284,1.945288,2.232252,2.676911,2.242032,0.000000
0.512910,0.359189,0.247627,0.467685,0.017684,0.634259,0.146084,0.670737,0.906622,0.369559,1.495763,1.529004,2.356511,1.146396,1.915195,1.467998,1.770833,1.697515,1.275100,0.000000
0.165294,0.727616,0.459576,0.642147,0.342388,0.968355,0.553645,0.158853,0.346284,0.487855,1.965618,1.853356,1.371518,1.670875,2.103005,1.759376,2.206357,1.484810,2.083070,0.000000
0.551418,0.340764,0.339752,0.657622,0.910943,0.131685,0.183833,0.675428,0.646155,0.802967,1.985520,1.773053,2.102358,2.013650,1.568759,2.487438,1.776442,1.795955,1.299953,0.000000
0.921732,0.666220,0.402107,0.185861,0.968246,0.544390,0.729200,0.463641,0.159442,0.440691,1.860428,1.347551,1.374404,2.666701,2.218093,2.123362,1.738599,1.617069,2.173049,0.000000
0.377310,0.269378,0.584078,0.276244,0.689988,0.691171,0.806905,0.887347,0.697268,0.154333,1.293197,1.617391,2.484653,2.282988,1.855027,1.752327,1.714989,2.371463,1.879469,0.000000
0.137988,0.197208,0.003683,0.192005,0.067425,0.777554,0.662092,0.116716,0.852525,0.164335,1.224213,1.192018,1.866147,1.666638,1.742579,1.196551,1.804560,1.017306,1.700983,0.000000
0.494250,0.892244,0.020113,0.763437,0.892790,0.573682,0.176099,0.711742,0.353290,0.857063,2.626800,1.763842,1.859867,1.973172,1.823361,2.560511,2.308238,1.526690,1.972197,0.000000
0.816881,0.631914,0.451865,0.591462,0.964347,0.874545,0.898667,0.678471,0.305153,0.793900,2.262192,1.795644,1.765476,2.828633,2.581710,2.521428,2.504823,1.912188,2.297982,0.000000
0.865863,0.324328,0.033892,0.043053,0.752385,0.660706,0.784242,0.901300,0.298503,0.259410,1.391621,1.044202,2.110844,2.350324,2.302395,1.609136,1.727999,1.846233,1.889430,0.000000
0.774301,0.447645,0.112951,0.178680,0.078294,0.683550,0.637340,0.220697,0.720351,0.380550,1.592463,1.191438,1.769058,1.643470,2.241542,1.184810,1.828369,1.161658,1.837726,0.000000
0.599050,0.954084,0.318873,0.488383,0.363644,0.983504,0.139742,0.286368,0.805435,0.388533,2.105041,1.590063,1.887442,1.271979,2.566331,1.620619,2.134462,1.400880,2.050018,0.000000
0.466951,0.205543,0.115041,0.565546,0.265225,0.340859,0.174849,0.579149,0.581328,0.553144,1.511511,1.578780,1.916742,1.245193,1.583136,1.635890,1.646827,1.450455,1.217097,0.000000
0.473140,0.078833,0.643525,0.122163,0.700109,0.455075,0.948156,0.919014,0.097465,0.062646,1.082757,1.536288,1.942052,2.438309,1.680233,1.612316,1.458999,2.488112,1.954371,0.000000
0.028944,0.647265,0.367663,0.530841,0.438539,0.839530,0.658790,0.143086,0.767964,0.567444,1.969257,1.666017,1.788438,1.851106,1.733755,1.723157,2.161522,1.388136,2.077742,0.000000
0.223854,0.294057,0.538298,0.400434,0.761258,0.226548,0.952542,0.964979,0.935405,0.310145,1.390247,1.690199,2.866589,2.532056,1.275178,1.979947,1.322738,2.469482,2.039012,0.000000
0.974477,0.861454,0.891875,0.529375,0.649326,0.738728,0.440660,0.712694,0.910790,0.847844,2.580293,2.324816,2.418722,1.862284,2.520197,1.950998,2.457567,2.399807,2.182763,0.000000
0.402601,0.501211,0.164450,0.818248,0.363544,0.750751,0.124911,0.149011,0.796047,0.288068,1.584194,1.845292,1.818251,1.257075,1.966228,1.950412,1.833734,1.186654,1.376124,0.000000
0.030313,0.639708,0.462453,0.883710,0.940437,0.558861,0.898324,0.067415,0.518644,0.268670,1.711891,2.097573,1.523189,2.782745,1.342639,2.768131,1.631044,1.466998,2.307551,0.000000
0.846560,0.887932,0.538643,0.741595,0.774041,0.900758,0.090796,0.048698,0.170738,0.776610,2.491055,2.031732,1.173109,1.689936,2.657925,2.340735,2.503881,1.541015,1.879219,0.000000
0.707224,0.322016,0.028168,0.649442,0.084582,0.961807,0.023731,0.458422,0.041412,0.793905,1.952301,1.650235,1.251563,1.030885,2.632297,1.656596,2.592092,1.238318,1.127426,0.000000
0.922432,0.669678,0.405528,0.642469,0.788428,0.922259,0.687674,0.511065,0.037695,0.422955,1.848569,1.806922,1.298882,2.309292,2.772993,2.264087,2.101150,1.666715,2.136142,0.000000
0.261304,0.268938,0.176627,0.284413,0.123757,0.237489,0.920622,0.012521,0.283078,0.089402,1.276931,1.315610,1.283235,1.935938,1.317705,1.299729,1.245481,1.176784,1.992950,0.000000
0.791648,0.867976,0.058591,0.974274,0.491784,0.145111,0.551930,0.385862,0.348576,0.233958,1.922712,1.977706,1.497466,1.793781,1.812705,2.216125,1.199847,1.207480,2.305312,0.000000
0.951607,0.568344,0.508817,0.756391,0.426515,0.809901,0.190153,0.972428,0.455177,0.738243,2.113347,2.015286,2.400792,1.372067,2.607547,1.938306,2.354904,2.454433,1.513167,0.000000
0.087755,0.349225,0.808949,0.232791,0.908535,0.211798,0.083725,0.219443,0.783430,0.203677,1.390710,1.887190,1.831585,1.909161,1.132614,2.058227,1.253282,1.857104,1.205684,0.000000
0.708893,0.571969,0.382337,0.677736,0.373449,0.459125,0.120431,0.215902,0.450672,0.977375,2.527231,1.823918,1.497285,1.259895,1.919688,1.817201,2.414387,1.428951,1.447580,0.000000
0.027286,0.013973,0.487344,0.486876,0.386995,0.607494,0.142371,0.245519,0.307519,0.506470,1.270485,1.724380,1.367799,1.292136,1.396334,1.636641,1.864006,1.547623,1.142566,0.000000
0.601999,0.866500,0.830192,0.156689,0.598917,0.526581,0.314522,0.504036,0.246199,0.630934,2.264577,1.845907,1.500251,1.673223,1.879287,1.515390,1.924659,2.084243,2.065343,0.000000
0.802251,0.263355,0.192915,0.777996,0.487572,0.654951,0.248722,0.397861,0.800587,0.339015,1.378286,1.815212,1.958881,1.486448,2.231211,2.015722,1.769882,1.351209,1.318078,0.000000
0.628360,0.064023,0.110706,0.203218,0.502224,0.471345,0.518052,0.695500,0.368070,0.010568,1.064135,1.215474,1.851789,1.770281,1.850526,1.455447,1.471457,1.594425,1.522151,0.000000
0.078944,0.168048,0.366186,0.261508,0.989583,0.931787,0.957883,0.956792,0.086080,0.006023,1.168085,1.395601,2.001531,2.937157,1.947171,2.240783,1.931823,2.281637,1.986124,0.000000
0.272192,0.101549,0.944508,0.988456,0.145299,0.177669,0.813457,0.581069,0.943649,0.034072,1.102709,2.880552,2.281290,1.834569,1.303758,2.009568,1.178830,2.282149,1.823769,0.000000
0.337860,0.835231,0.147941,0.101913,0.064001,0.103999,0.726297,0.569951,0.886345,0.289991,1.919326,1.123799,2.211188,1.730393,1.348676,1.106009,1.188094,1.472784,2.423908,0.000000
0.664445,0.606545,0.324313,0.279405,0.287601,0.037050,0.523058,0.413656,0.024852,0.313837,1.705038,1.384583,1.195963,1.605773,1.665818,1.362119,1.135543,1.495424,1.890954,0.000000
0.861273,0.954025,0.867251,0.504639,0.260656,0.408186,0.802181,0.498489,0.950505,0.753941,2.522452,2.256763,2.198997,1.870123,2.027889,1.572581,1.976613,2.115742,2.712345,0.000000
0.505465,0.161355,0.106671,0.405151,0.346096,0.064282,0.707207,0.118876,0.616988,0.249299,1.223505,1.416530,1.631119,1.826989,1.509597,1.524934,1.126432,1.120802,1.733242,0.000000
0.835264,0.756553,0.710533,0.605207,0.377238,0.347592,0.515846,0.175554,0.220889,0.093291,1.765257,2.110064,1.251709,1.658154,1.956084,1.747516,1.356296,1.741352,2.088219,0.000000
0.929951,0.394920,0.043655,0.255642,0.795627,0.618758,0.695724,0.051569,0.440536,0.934191,2.267634,1.257548,1.443196,2.328746,2.312812,1.888665,2.491471,1.046315,1.851686,0.000000
0.849670,0.193612,0.529630,0.744875,0.808736,0.485949,0.815384,0.020954,0.717362,0.655826,1.623719,2.025383,1.717801,2.469438,2.085816,2.398929,1.916056,1.530069,1.852870,0.000000
0.779615,0.548899,0.673498,0.597336,0.293853,0.959573,0.265723,0.979526,0.820037,0.781331,2.159377,2.050936,2.779509,1.352073,2.700394,1.683685,2.570051,2.632970,1.567013,0.000000
0.559778,0.469397,0.077260,0.764090,0.695517,0.988802,0.903395,0.233011,0.949442,0.620739,1.854714,1.770059,2.003736,2.387138,2.537508,2.247833,2.374119,1.131554,2.123728,0.000000
0.991196,0.594682,0.603388,0.124947,0.222886,0.478668,0.773535,0.098880,0.147970,0.184164,1.628599,1.489023,1.157747,1.823213,2.220319,1.174625,1.512584,1.613165,2.127181,0.000000
0.343056,0.151243,0.180172,0.286053,0.503762,0.003266,0.221386,0.572970,0.486127,0.441175,1.345879,1.318515,1.814421,1.475163,1.343066,1.539830,1.197902,1.508466,1.244261,0.000000
0.465025,0.459940,0.907074,0.487365,0.028945,0.685491,0.308442,0.181778,0.346815,0.698626,1.948018,2.310148,1.379858,1.309279,1.934923,1.488202,2.173569,1.940117,1.519987,0.000000
0.176403,0.912149,0.123199,0.328240,0.781673,0.102545,0.944926,0.710652,0.241246,0.017139,1.912442,1.343418,1.746273,2.555939,1.186919,1.939253,1.102839,1.628225,2.776941,0.000000
0.420848,0.937719,0.562804,0.624437,0.049792,0.819869,0.173742,0.498326,0.924991,0.695512,2.421455,1.941185,2.173320,1.176221,2.093033,1.626916,2.303606,1.811133,2.053058,0.000000
0.168352,0.726696,0.068070,0.903855,0.841027,0.144318,0.247074,0.952594,0.455582,0.346772,1.846947,1.908489,2.363018,1.954401,1.189179,2.611182,1.264568,1.975506,1.775161,0.000000
0.289839,0.299724,0.230852,0.378838,0.556759,0.101806,0.567109,0.063878,0.945610,0.628395,1.694604,1.432131,1.949691,1.877089,1.300204,1.688819,1.496686,1.234933,1.656943,0.000000
0.705621,0.733345,0.302702,0.578427,0.478328,0.906306,0.837850,0.731577,0.525155,0.484643,1.968224,1.670055,2.060360,2.066648,2.527011,1.807225,2.141185,1.837907,2.375645,0.000000
0.360659,0.726202,0.053696,0.445135,0.248269,0.097632,0.224670,0.371923,0.374404,0.772981,2.323701,1.448018,1.512731,1.286307,1.370191,1.506773,1.695131,1.192022,1.752038,0.000000
0.068241,0.534728,0.633700,0.167257,0.421355,0.189502,0.200956,0.615054,0.322765,0.137545,1.553647,1.568833,1.701056,1.378496,1.104152,1.344797,1.208421,2.011991,1.486891,0.000000
0.170526,0.932290,0.498533,0.343600,0.970744,0.081327,0.306913,0.840656,0.133573,0.638936,2.340528,1.592135,1.840276,2.249256,1.177140,2.285943,1.489566,2.205236,2.176077,0.000000
0.572733,0.839715,0.433884,0.585468,0.630097,0.459240,0.941996,0.795409,0.685131,0.208771,1.883300,1.773724,2.317806,2.339018,1.783634,1.982490,1.502825,2.066559,2.647117,0.000000
0.858147,0.888780,0.657285,0.007716,0.086546,0.766586,0.644920,0.670106,0.713748,0.705506,2.386518,1.439739,2.162790,1.652411,2.445801,1.015206,2.264324,2.106327,2.434850,0.000000
0.885441,0.280683,0.708924,0.182231,0.015679,0.774196,0.024404,0.663404,0.489490,0.219569,1.328894,1.684804,1.929595,1.024650,2.484820,1.182477,1.822406,2.149029,1.103187,0.000000
0.726355,0.204294,0.981187,0.828028,0.611380,0.398477,0.316851,0.161945,0.553008,0.449377,1.406234,2.790756,1.579235,1.690637,1.885139,2.201814,1.600417,2.007414,1.358587,0.000000
0.623919,0.306154,0.157657,0.974193,0.414205,0.957313,0.090364,0.523247,0.839090,0.021457,1.306615,1.999048,2.112878,1.261930,2.540368,2.145759,1.957773,1.431444,1.184095,0.000000
0.800933,0.637597,0.176431,0.678446,0.996654,0.748301,0.748166,0.494611,0.858828,0.142100,1.657789,1.709574,2.103468,2.741485,2.360888,2.671765,1.768493,1.421071,2.154696,0.000000
0.689150,0.829041,0.912231,0.879583,0.495007,0.300672,0.437107,0.605740,0.171340,0.048866,1.831429,2.711749,1.538262,1.682139,1.779554,2.124616,1.303060,2.279152,2.124416,0.000000
0.968648,0.416423,0.658637,0.171783,0.665745,0.427251,0.763177,0.434759,0.788686,0.323774,1.521253,1.605586,1.977702,2.206393,2.151192,1.614999,1.532081,1.847652,1.936585,0.000000
0.614108,0.086323,0.754081,0.322586,0.954645,0.963751,0.666738,0.708448,0.947188,0.893303,1.884314,1.891223,2.449087,2.578084,2.542924,2.233932,2.761742,2.255979,1.674190,0.000000
0.061674,0.628119,0.218393,0.750572,0.487302,0.024898,0.691885,0.137878,0.871627,0.400783,1.788746,1.798268,1.890637,1.929348,1.062294,1.988036,1.185525,1.237403,2.086419,0.000000
0.095772,0.491103,0.630193,0.160914,0.522710,0.147299,0.079830,0.078107,0.975990,0.393863,1.646231,1.558057,1.982090,1.353056,1.117469,1.434140,1.302427,1.636293,1.321012,0.000000
0.187653,0.378775,0.720847,0.986830,0.330702,0.633110,0.860305,0.029515,0.835897,0.996916,2.372616,2.506450,1.836768,1.969669,1.588482,2.096193,2.626951,1.721718,2.003776,0.000000
0.239796,0.034779,0.334484,0.322407,0.117668,0.554563,0.493447,0.001542,0.235838,0.526269,1.311738,1.434287,1.235841,1.507292,1.547337,1.336253,1.831522,1.334486,1.494656,0.000000
0.360085,0.323363,0.344250,0.995069,0.609520,0.788642,0.316432,0.884602,0.528089,0.166107,1.350954,2.113577,2.310609,1.687947,1.982041,2.366583,1.816233,2.126771,1.420996,0.000000
0.107248,0.189276,0.651353,0.202967,0.135146,0.664679,0.614339,0.282147,0.971488,0.411667,1.358745,1.627228,2.051095,1.632603,1.549047,1.221231,1.834149,1.730960,1.650164,0.000000
0.945765,0.560089,0.012290,0.249547,0.275707,0.463769,0.123107,0.325421,0.626578,0.136325,1.578674,1.249698,1.732477,1.199121,2.160847,1.325561,1.482354,1.118189,1.436807,0.000000
0.504411,0.912572,0.359011,0.186757,0.448201,0.972751,0.619106,0.174341,0.302791,0.259615,1.979972,1.315646,1.333186,1.819990,2.450656,1.387640,2.040151,1.389406,2.451893,0.000000
0.585208,0.343321,0.057711,0.629660,0.617006,0.082410,0.702915,0.146261,0.633382,0.619358,1.726926,1.632991,1.654775,2.083611,1.592000,2.010357,1.466015,1.079103,1.820784,0.000000
0.020616,0.118332,0.670553,0.964958,0.432309,0.570713,0.575120,0.603844,0.031883,0.296351,1.206156,2.414599,1.396511,1.762011,1.346329,2.151849,1.658537,2.035180,1.589123,0.000000
0.192002,0.814547,0.518956,0.842063,0.345577,0.015384,0.654582,0.962987,0.305999,0.000429,1.814547,2.111378,2.233344,1.774005,1.192239,1.961486,1.015384,2.446301,2.318069,0.000000
0.798772,0.596555,0.067807,0.327041,0.865373,0.617094,0.268537,0.125431,0.860822,0.318078,1.697728,1.331639,1.876555,2.017408,2.179577,2.075912,1.718268,1.083540,1.624414,0.000000
0.844169,0.917282,0.229722,0.091886,0.318234,0.078624,0.423943,0.565691,0.878714,0.690302,2.393798,1.144658,2.198720,1.525216,1.850350,1.193159,1.555140,1.549728,2.265350,0.000000
0.754639,0.286193,0.170612,0.146892,0.539069,0.063588,0.075045,0.350343,0.714026,0.820614,1.959599,1.176001,1.836767,1.365641,1.758682,1.437488,1.736995,1.293352,1.156952,0.000000
0.281261,0.178692,0.700663,0.536954,0.137158,0.187785,0.302469,0.842435,0.350959,0.808389,1.832184,2.027882,2.060657,1.321281,1.316524,1.555766,1.841277,2.410360,1.334400,0.000000
0.575903,0.684889,0.266379,0.210472,0.128791,0.496631,0.495946,0.900976,0.555602,0.563712,2.002660,1.281429,2.367360,1.512533,1.822545,1.227059,1.814403,2.078137,1.965019,0.000000
0.448942,0.792176,0.443252,0.581787,0.490671,0.818972,0.767658,0.183682,0.702559,0.576219,2.124204,1.778259,1.736298,2.008417,2.119657,1.822545,2.151000,1.476991,2.395201,0.000000
0.894722,0.937272,0.395551,0.362202,0.594236,0.073202,0.738616,0.364046,0.676405,0.083690,1.944275,1.518663,1.808934,2.091732,1.900080,1.715318,1.080206,1.528080,2.617094,0.000000
0.353309,0.365763,0.736947,0.790900,0.525530,0.737402,0.839514,0.441628,0.977553,0.864548,2.113206,2.333991,2.172589,2.115696,1.897070,2.067082,2.484845,1.931982,1.973297,0.000000
0.652814,0.615281,0.690960,0.699613,0.844731,0.732674,0.181259,0.155411,0.368498,0.069197,1.620069,2.177039,1.392651,1.894829,2.189625,2.413183,1.737462,1.715113,1.559829,0.000000
0.950274,0.271813,0.372835,0.764192,0.141762,0.640670,0.477992,0.824120,0.325544,0.701378,1.763744,1.903198,2.004718,1.498089,2.360732,1.784288,2.132600,2.052010,1.551875,0.000000
0.959734,0.033436,0.481062,0.349467,0.294774,0.216337,0.389159,0.039358,0.939632,0.162146,1.059727,1.580887,1.941181,1.476051,2.006536,1.436358,1.242628,1.482611,1.390277,0.000000
0.019923,0.846455,0.197509,0.589824,0.258673,0.655783,0.857239,0.204536,0.201456,0.235552,1.901940,1.628834,1.243290,1.924151,1.449974,1.656736,1.711268,1.239344,2.573726,0.000000
0.224881,0.764688,0.582395,0.549857,0.967289,0.300895,0.984809,0.701204,0.122650,0.252228,1.828307,1.889040,1.614337,2.920456,1.315418,2.485504,1.364513,2.074082,2.569557,0.000000
0.405030,0.851315,0.368117,0.698523,0.111373,0.406551,0.529781,0.437863,0.772868,0.639760,2.260608,1.834033,1.964591,1.542185,1.570314,1.710927,1.815844,1.559841,2.254518,0.000000
0.733292,0.512133,0.572418,0.219545,0.793858,0.069803,0.527687,0.979436,0.533005,0.253632,1.576462,1.547208,2.492300,2.157897,1.738165,1.849756,1.134132,2.531713,1.789967,0.000000
0.165746,0.836151,0.380690,0.194815,0.350474,0.733444,0.273555,0.850816,0.111396,0.420943,2.013344,1.339740,1.835283,1.396387,1.703687,1.317647,1.910637,2.104577,1.972703,0.000000
0.093044,0.652076,0.461942,0.733164,0.877704,0.861719,0.170268,0.104129,0.791216,0.579740,1.988175,1.946554,1.802059,1.940632,1.835604,2.503528,2.197818,1.472784,1.595471,0.000000
0.319352,0.938869,0.118214,0.614265,0.872883,0.845687,0.620379,0.002745,0.582884,0.562482,2.255255,1.628240,1.582892,2.382304,2.034538,2.376190,2.162073,1.118222,2.501854,0.000000
0.180268,0.495518,0.388755,0.137973,0.409477,0.504335,0.498875,0.763942,0.973307,0.443366,1.692091,1.289104,2.556915,1.666546,1.434621,1.305645,1.700908,1.972363,1.744413,0.000000
0.279443,0.093559,0.230170,0.239480,0.423857,0.340777,0.354427,0.229216,0.645867,0.219774,1.141860,1.292458,1.698407,1.534082,1.395571,1.419134,1.389078,1.282710,1.363181,0.000000
0.518763,0.620030,0.854184,0.374156,0.036052,0.755064,0.907819,0.742355,0.244575,0.971508,2.563857,2.103786,1.795666,1.909118,2.088885,1.375456,2.698891,2.405275,2.292255,0.000000
0.103687,0.092146,0.521343,0.788113,0.142109,0.069528,0.091639,0.418622,0.555284,0.315312,1.191567,2.059911,1.730529,1.111834,1.108521,1.808308,1.168950,1.696588,1.100130,0.000000
0.190833,0.480164,0.122788,0.156168,0.181482,0.088172,0.849255,0.179111,0.643790,0.223562,1.530144,1.171245,1.675871,1.882191,1.198608,1.189103,1.138152,1.154869,2.079813,0.000000
0.311180,0.258792,0.788464,0.071804,0.802469,0.929937,0.229855,0.295805,0.192940,0.478143,1.487413,1.693479,1.280440,1.873812,2.175962,1.715761,2.158557,1.875964,1.296828,0.000000
0.642485,0.561068,0.227339,0.428806,0.076184,0.254182,0.245253,0.731672,0.300744,0.533434,1.845619,1.480489,1.836087,1.251057,1.707094,1.434610,1.538733,1.762682,1.560050,0.000000
0.422292,0.761908,0.636295,0.375267,0.296893,0.074263,0.087601,0.615947,0.637279,0.319834,1.864202,1.780138,2.016670,1.175746,1.427807,1.463412,1.176556,2.015686,1.668105,0.000000
0.936874,0.301010,0.013733,0.166605,0.750558,0.720933,0.990219,0.605608,0.281536,0.492873,1.543933,1.166794,1.648297,2.553557,2.456618,1.729943,1.963856,1.380494,2.080826,0.000000
0.395430,0.276954,0.136052,0.610407,0.754317,0.647505,0.625191,0.954288,0.530157,0.113614,1.289862,1.628917,2.440823,2.194186,1.814693,2.179402,1.660413,2.046718,1.701894,0.000000
0.058470,0.559646,0.535784,0.976515,0.661436,0.054798,0.556242,0.624820,0.339202,0.628547,1.954718,2.263580,1.729602,1.993739,1.061473,2.414013,1.449870,1.926184,1.869445,0.000000
0.210142,0.879659,0.866501,0.211142,0.706666,0.979439,0.822848,0.930164,0.678702,0.629330,2.275716,1.961966,2.543907,2.322225,2.169443,1.710519,2.375496,2.731706,2.596649,0.000000
0.337702,0.964036,0.577504,0.009280,0.673922,0.012648,0.484859,0.911076,0.479476,0.853190,2.691968,1.342790,2.309536,1.939030,1.337861,1.463451,1.740580,2.407564,2.414224,0.000000
0.821297,0.960169,0.552066,0.653043,0.210592,0.769092,0.468648,0.154282,0.384437,0.089572,1.968192,1.957820,1.408240,1.512997,2.412798,1.697393,1.777115,1.575869,2.390573,0.000000
0.769639,0.276854,0.197171,0.563680,0.702217,0.526562,0.469623,0.779126,0.349219,0.625497,1.668100,1.602556,1.956255,1.962731,2.046906,2.056788,1.917809,1.804208,1.546270,0.000000
0.012825,0.608429,0.086330,0.193069,0.268897,0.558345,0.301570,0.727744,0.408812,0.502183,1.860618,1.200522,1.938423,1.373876,1.324574,1.265375,1.810533,1.615941,1.671757,0.000000
0.116651,0.830509,0.642970,0.329431,0.924784,0.250736,0.196618,0.340355,0.540017,0.958568,2.749362,1.742841,1.655858,2.051844,1.179520,2.184657,2.169588,1.758811,1.886364,0.000000
0.840933,0.737964,0.090301,0.421050,0.393355,0.703092,0.085398,0.802432,0.000374,0.081512,1.744609,1.429204,1.644271,1.240126,2.335272,1.575778,1.709736,1.734197,1.629989,0.000000
0.454743,0.591821,0.799958,0.537535,0.097903,0.739008,0.392402,0.802688,0.329219,0.637681,1.998458,2.177468,1.973527,1.401987,2.000876,1.547120,2.145645,2.444266,1.742654,0.000000
0.118169,0.239920,0.143816,0.610962,0.247845,0.799499,0.103593,0.368316,0.979927,0.462890,1.454187,1.631645,2.115584,1.165020,1.757368,1.672389,2.013766,1.279472,1.161155,0.000000
0.212802,0.136659,0.916881,0.376904,0.210476,0.469369,0.261140,0.834086,0.639089,0.669360,1.584703,2.217574,2.334789,1.305440,1.433109,1.421204,1.917413,2.612581,1.279816,0.000000
0.311196,0.012455,0.663792,0.292820,0.365131,0.905538,0.944788,0.539781,0.819697,0.717035,1.526593,1.733439,2.111060,2.078108,2.131194,1.426140,2.419676,1.955155,1.944943,0.000000
0.560234,0.946911,0.116960,0.852786,0.353150,0.169224,0.261550,0.762251,0.602572,0.401714,2.108285,1.866465,2.183598,1.386265,1.588871,1.977501,1.330599,1.697986,2.158189,0.000000
0.285827,0.477848,0.294852,0.895908,0.487304,0.824350,0.992975,0.312240,0.277194,0.172109,1.507469,1.982846,1.374689,2.230440,1.965380,2.133374,1.853972,1.392346,2.221314,0.000000
0.915581,0.332099,0.587105,0.981914,0.177384,0.642605,0.498245,0.445299,0.133259,0.047848,1.334388,2.326606,1.331551,1.529710,2.328522,2.013379,1.644894,1.785396,1.608535,0.000000
0.452943,0.190194,0.585930,0.678366,0.654880,0.298833,0.019560,0.986450,0.051448,0.181633,1.223184,2.021680,2.024531,1.448428,1.542244,2.107234,1.331823,2.559013,1.055734,0.000000
0.832657,0.809618,0.772864,0.692106,0.459341,0.645722,0.934373,0.720446,0.862024,0.363335,1.941630,2.289426,2.381067,2.145367,2.249614,1.903100,1.777735,2.291908,2.589854,0.000000
0.878050,0.042581,0.070023,0.736195,0.814848,0.978671,0.581263,0.026320,0.373716,0.536965,1.330913,1.741098,1.374409,2.245240,2.835846,2.400172,2.267002,1.070716,1.583076,0.000000
0.768885,0.680765,0.264129,0.814658,0.777971,0.425813,0.131420,0.041845,0.263843,0.439953,1.874324,1.884422,1.265594,1.736659,1.950202,2.419897,1.619372,1.265880,1.594861,0.000000
0.805691,0.530447,0.839267,0.147381,0.445404,0.512129,0.543363,0.296897,0.766901,0.286739,1.612666,1.851751,1.855049,1.741748,2.067967,1.345766,1.594348,1.927415,1.824737,0.000000
0.081113,0.354628,0.912296,0.821136,0.020421,0.905565,0.437148,0.308661,0.351257,0.999182,2.352992,2.653419,1.446529,1.437565,1.901160,1.821553,2.903929,2.007567,1.562910,0.000000
0.139931,0.381322,0.257649,0.265095,0.322334,0.491337,0.399458,0.962918,0.904630,0.313393,1.479537,1.331478,2.831841,1.503357,1.381344,1.368995,1.589552,2.184860,1.544864,0.000000
0.411568,0.379728,0.285590,0.039852,0.608382,0.071149,0.508916,0.552360,0.691161,0.478918,1.609090,1.121414,1.996263,1.879045,1.416631,1.409981,1.300511,1.590692,1.653109,0.000000
0.098642,0.266396,0.177679,0.202492,0.941280,0.254476,0.701222,0.256613,0.210866,0.713359,1.775276,1.234062,1.276717,2.587230,1.163401,2.088500,1.763357,1.243529,1.772188,0.000000
0.016496,0.413956,0.519034,0.681046,0.353683,0.632610,0.762702,0.121614,0.587362,0.681697,1.878667,1.950442,1.602152,1.887794,1.416692,1.806137,2.097321,1.533824,1.934062,0.000000
0.905769,0.389363,0.186390,0.962339,0.340111,0.320148,0.059820,0.848042,0.845931,0.874504,2.154120,1.997081,2.565105,1.175496,2.008263,2.078014,2.084905,1.905565,1.211423,0.000000
0.465080,0.136427,0.236880,0.011369,0.265451,0.886771,0.238697,0.594181,0.962769,0.424601,1.316713,1.067481,2.315821,1.309161,2.251442,1.081833,2.067057,1.589931,1.257309,0.000000
0.431498,0.441852,0.315019,0.238646,0.764635,0.142822,0.943351,0.624799,0.904763,0.071066,1.446903,1.337883,2.295137,2.528018,1.451896,1.823313,1.147873,1.705394,2.138584,0.000000
0.589160,0.077568,0.275495,0.838965,0.376996,0.773674,0.733124,0.064212,0.138844,0.237356,1.133906,1.914863,1.142967,1.875249,2.187732,1.981091,1.830012,1.279618,1.739141,0.000000
0.879700,0.299988,0.373017,0.753549,0.628425,0.944844,0.860534,0.308936,0.949777,0.776169,1.902426,1.892691,2.045218,2.255452,2.772430,2.148466,2.547282,1.468459,1.950527,0.000000
0.465254,0.775453,0.020664,0.456050,0.901554,0.324526,0.989510,0.400766,0.650735,0.004711,1.775475,1.456477,1.811349,2.802310,1.570571,2.268850,1.324548,1.181278,2.590837,0.000000
0.565713,0.466839,0.911830,0.337356,0.603760,0.726826,0.580255,0.693644,0.526641,0.686882,1.938646,2.168790,2.007783,1.944781,2.093989,1.701882,2.198633,2.392973,1.798193,0.000000
0.136737,0.003740,0.726635,0.778704,0.465800,0.085304,0.883791,0.138707,0.775279,0.767799,1.593255,2.306702,1.794519,2.100761,1.144014,1.995674,1.674819,1.745874,1.883805,0.000000
0.688446,0.527064,0.207511,0.294812,0.883521,0.850144,0.941913,0.257140,0.118282,0.508441,1.785576,1.337873,1.184403,2.722523,2.411192,2.075422,2.108657,1.273631,2.219710,0.000000
0.851220,0.103792,0.675852,0.684307,0.338257,0.681264,0.574233,0.394433,0.716406,0.644117,1.518679,2.141083,1.871983,1.688651,2.315340,1.798725,2.096150,1.831429,1.585006,0.000000
0.385502,0.367290,0.640164,0.693178,0.185742,0.866073,0.609457,0.098729,0.050243,0.986445,2.340363,2.102988,1.059991,1.643957,2.135585,1.727678,2.839146,1.649912,1.744359,0.000000
0.372213,0.239390,0.854189,0.827215,0.261998,0.505582,0.072013,0.095731,0.521642,0.103302,1.250061,2.556854,1.530806,1.140656,1.627827,1.895858,1.516253,1.863354,1.129321,0.000000
0.361744,0.692508,0.917777,0.964827,0.164851,0.381918,0.515261,0.019706,0.723084,0.725708,2.219160,2.807142,1.723473,1.542436,1.507606,1.992002,1.908570,1.918166,1.994829,0.000000
0.212810,0.092851,0.542511,0.632978,0.386402,0.893418,0.826553,0.260044,0.282481,0.119000,1.107012,1.927297,1.350104,1.975859,2.011005,1.782284,1.907579,1.610134,1.835175,0.000000
0.902266,0.627707,0.756512,0.077554,0.728541,0.916873,0.764440,0.968855,0.368303,0.340439,1.743606,1.649864,2.306983,2.295211,2.742922,1.608326,2.032772,2.695193,2.158456,0.000000
0.528082,0.619616,0.935606,0.671127,0.467968,0.344629,0.153907,0.475257,0.271297,0.657627,2.052089,2.546486,1.497167,1.372901,1.646852,1.890120,1.777102,2.161476,1.537831,0.000000
0.226506,0.822172,0.281017,0.110691,0.123935,0.092554,0.324221,0.746157,0.612459,0.537254,2.110813,1.189661,2.169209,1.339580,1.235073,1.126050,1.381195,1.837766,2.000187,0.000000
0.200687,0.461361,0.764053,0.530521,0.379646,0.961916,0.287538,0.310867,0.875021,0.810808,2.118770,2.114299,1.971660,1.431669,2.125970,1.674652,2.619325,1.860692,1.500392,0.000000
0.010985,0.383787,0.968878,0.983315,0.756286,0.150753,0.366779,0.200695,0.108706,0.383967,1.531218,2.922041,1.148985,1.938747,1.033711,2.555284,1.298184,2.009157,1.514071,0.000000
0.415724,0.128618,0.473619,0.604989,0.698938,0.016641,0.867759,0.200922,0.298228,0.947616,2.026594,1.829304,1.338598,2.356273,1.416001,2.093503,1.914617,1.513988,1.884302,0.000000
0.943037,0.964314,0.513373,0.734759,0.672977,0.534830,0.070845,0.212779,0.097527,0.198824,2.003845,1.998311,1.142802,1.523743,2.229080,2.187657,1.574361,1.558648,2.000747,0.000000
0.216898,0.648098,0.729994,0.334397,0.889030,0.182289,0.540203,0.368421,0.716476,0.355789,1.774684,1.867289,1.852210,2.330578,1.250127,2.124772,1.308875,1.865728,1.960234,0.000000
0.464289,0.515978,0.429694,0.960236,0.311043,0.828529,0.155393,0.911050,0.423838,0.412067,1.685777,2.144873,2.253850,1.252140,2.150749,2.056983,1.998328,2.259706,1.421626,0.000000
0.830603,0.925330,0.845636,0.920507,0.526963,0.566306,0.583330,0.772020,0.867556,0.788185,2.546566,2.635606,2.463571,1.861020,2.151305,2.198197,2.187542,2.441651,2.439566,0.000000
0.807834,0.050007,0.913456,0.927415,0.439519,0.025398,0.262108,0.290882,0.435461,0.944483,1.942054,2.761818,1.520073,1.455284,1.808479,2.120592,1.917446,1.998069,1.264608,0.000000
0.444400,0.387017,0.678529,0.383196,0.645860,0.353906,0.056975,0.494907,0.025310,0.390986,1.539886,1.843597,1.270243,1.474110,1.569650,1.800331,1.506776,1.923462,1.206757,0.000000
0.300222,0.538528,0.884493,0.376894,0.381939,0.931464,0.943285,0.901280,0.419082,0.628990,1.934156,2.159222,2.231388,2.089163,2.167847,1.522771,2.327092,2.696800,2.233298,0.000000
0.983330,0.449714,0.917866,0.268697,0.215700,0.858143,0.299779,0.233168,0.037470,0.809137,2.104416,2.111174,1.091838,1.346306,2.719739,1.315223,2.512846,1.972233,1.502022,0.000000
0.843702,0.406759,0.894614,0.457040,0.124076,0.981340,0.341865,0.354249,0.875018,0.342112,1.523800,2.257374,2.000511,1.357259,2.806730,1.472435,2.098380,2.020106,1.507318,0.000000
0.114125,0.796904,0.465193,0.273152,0.097791,0.160220,0.097538,0.777521,0.918541,0.734799,2.336834,1.489557,2.523080,1.107101,1.139795,1.282715,1.700149,2.069733,1.732595,0.000000
0.257484,0.884385,0.341501,0.559874,0.593015,0.399386,0.083251,0.491972,0.733304,0.266526,1.955421,1.676497,1.975340,1.434918,1.416993,1.911541,1.470422,1.583538,1.865388,0.000000
0.966108,0.548198,0.336872,0.623278,0.694509,0.990746,0.466137,0.455750,0.935847,0.100319,1.558262,1.736761,2.143555,1.948480,2.947685,2.105622,2.000810,1.544580,1.766658,0.000000
0.362785,0.323357,0.033114,0.057968,0.516948,0.110662,0.040833,0.455933,0.938115,0.020985,1.323797,1.059065,2.145990,1.308069,1.375031,1.325204,1.111103,1.240989,1.145393,0.000000
0.796497,0.752144,0.425445,0.597542,0.522273,0.440234,0.350400,0.086689,0.104987,0.844609,2.465508,1.778545,1.112502,1.623169,1.990303,1.870310,2.153598,1.432960,1.916121,0.000000
0.401723,0.345762,0.000984,0.233631,0.325189,0.966223,0.878853,0.397630,0.861607,0.597624,1.702917,1.233632,2.019716,1.984601,2.335309,1.339379,2.323377,1.159094,1.998404,0.000000
0.013133,0.381128,0.213529,0.476136,0.138368,0.002531,0.618645,0.738815,0.921428,0.746528,1.938432,1.521730,2.467275,1.637790,1.013139,1.495281,1.559835,1.759376,1.763903,0.000000
0.668363,0.028902,0.642142,0.507022,0.000957,0.886056,0.985726,0.959426,0.212958,0.326107,1.135248,1.919368,2.133455,1.985726,2.453457,1.507023,1.992401,2.562639,1.986561,0.000000
0.908145,0.123670,0.597558,0.214764,0.988381,0.411314,0.761707,0.798105,0.849039,0.192798,1.160840,1.571839,2.486010,2.738604,2.077324,2.191661,1.448485,2.234529,1.777002,0.000000
0.938296,0.023542,0.396410,0.342179,0.603471,0.764609,0.560753,0.434639,0.308962,0.691694,1.501982,1.499320,1.497873,1.924931,2.522923,1.706357,2.243050,1.585322,1.561307,0.000000
0.936264,0.029091,0.212978,0.191992,0.764283,0.985936,0.115801,0.923574,0.946146,0.640761,1.439665,1.237352,2.799136,1.699929,2.908335,1.776121,2.396511,2.065968,1.116647,0.000000
0.052190,0.057050,0.212584,0.498300,0.531144,0.398533,0.449116,0.138926,0.681882,0.669864,1.505767,1.543491,1.701182,1.731231,1.211019,1.780414,1.847251,1.231884,1.452371,0.000000
0.591663,0.983744,0.329877,0.559092,0.406544,0.548465,0.897104,0.651993,0.980375,0.172563,2.013522,1.667911,2.405470,2.062382,1.892478,1.724370,1.578243,1.754972,2.864856,0.000000
0.584880,0.459696,0.655210,0.073037,0.753635,0.920722,0.657671,0.702756,0.742865,0.585973,1.803061,1.502337,2.236731,2.225636,2.432608,1.641002,2.264087,2.149076,1.868992,0.000000
0.677436,0.119627,0.945187,0.197926,0.289561,0.200561,0.600472,0.507214,0.275130,0.201780,1.160343,2.091305,1.532396,1.684317,1.717660,1.281772,1.241276,2.202453,1.614783,0.000000
0.634105,0.967210,0.734672,0.722392,0.346860,0.565462,0.485373,0.291002,0.679045,0.121812,1.982048,2.262135,1.763727,1.605685,1.953852,1.842703,1.580300,1.819355,2.420868,0.000000
0.049813,0.350716,0.790540,0.975154,0.922657,0.310187,0.047700,0.100998,0.853948,0.032783,1.351791,2.600106,1.864149,1.898996,1.146029,2.826449,1.311261,1.800740,1.170702,0.000000
0.838191,0.422776,0.423753,0.785355,0.466708,0.875387,0.187803,0.630036,0.065279,0.401493,1.583972,1.964922,1.462224,1.405620,2.604494,2.003171,2.036584,1.820698,1.366543,0.000000
0.923427,0.186064,0.896393,0.010943,0.228547,0.569695,0.670460,0.370244,0.013904,0.969568,2.126125,1.814464,1.150985,1.722693,2.247979,1.063177,2.509756,2.033474,1.705079,0.000000
0.833815,0.681145,0.556255,0.114663,0.621044,0.365688,0.398307,0.741557,0.354124,0.499213,1.930359,1.424083,1.904031,1.784002,1.967543,1.500359,1.614902,2.106162,1.862265,0.000000
0.661189,0.749806,0.664204,0.671427,0.664023,0.921036,0.563625,0.285047,0.836846,0.067558,1.754370,2.112594,1.918098,2.004551,2.509497,2.112354,1.925600,1.745455,2.125834,0.000000
0.584154,0.411357,0.071397,0.110640,0.125964,0.160998,0.710107,0.623876,0.577063,0.107574,1.422930,1.115738,1.966284,1.725974,1.610074,1.126507,1.172570,1.460618,1.879322,0.000000
0.803631,0.760086,0.408348,0.759675,0.372049,0.399497,0.227311,0.397252,0.140289,0.180154,1.792542,1.926423,1.298098,1.365731,1.963229,1.898095,1.431952,1.566157,1.805042,0.000000
0.520290,0.481877,0.028749,0.643507,0.157829,0.970409,0.504251,0.619149,0.904317,0.716885,1.995801,1.644334,2.287662,1.529161,2.461983,1.668417,2.484333,1.412094,1.736456,0.000000
0.604723,0.422814,0.695054,0.872980,0.418777,0.609238,0.418768,0.311453,0.249097,0.463102,1.637278,2.356079,1.346099,1.594142,1.975894,2.048354,1.823702,1.792057,1.597540,0.000000
0.908049,0.059460,0.955825,0.965472,0.653909,0.979976,0.587001,0.836044,0.643344,0.115159,1.072721,2.879073,2.342313,2.014598,2.868402,2.393068,1.993237,2.654794,1.590536,0.000000
0.754113,0.150179,0.675591,0.648961,0.346635,0.333550,0.301838,0.207451,0.152145,0.889349,1.941121,2.105384,1.195181,1.421994,1.865369,1.769117,2.124492,1.718627,1.324392,0.000000
0.167920,0.050981,0.892721,0.428626,0.985896,0.095866,0.127842,0.208032,0.155142,0.503643,1.304637,2.225577,1.198419,2.099834,1.177111,2.400617,1.349522,1.935999,1.130441,0.000000
0.547979,0.485060,0.469320,0.885252,0.941561,0.542622,0.686825,0.695774,0.071531,0.822746,2.161972,2.105513,1.555633,2.573362,1.842418,2.771789,2.219534,1.953421,1.922108,0.000000
0.073156,0.846072,0.019864,0.211264,0.576816,0.899883,0.023072,0.003974,0.050455,0.674478,2.300993,1.211658,1.050470,1.355788,1.882945,1.543980,2.354803,1.019879,1.738910,0.000000
0.281230,0.847063,0.388492,0.191709,0.554978,0.444067,0.184104,0.328223,0.012641,0.765766,2.433461,1.342635,1.120372,1.492104,1.478426,1.499709,2.030466,1.496223,1.901620,0.000000
0.515426,0.471125,0.802170,0.493779,0.381554,0.476733,0.445394,0.662973,0.144121,0.774041,2.070264,2.137255,1.583654,1.590978,1.742701,1.639362,2.075872,2.241703,1.667353,0.000000
0.054323,0.329874,0.771622,0.705859,0.309476,0.651480,0.776543,0.901199,0.605457,0.332668,1.440542,2.301260,2.417616,1.872318,1.478749,1.801634,1.762148,2.583781,1.885360,0.000000
0.389758,0.184570,0.174244,0.440934,0.056067,0.556441,0.912233,0.804465,0.272019,0.644280,1.599667,1.471295,1.919184,1.915376,1.699385,1.444077,1.971538,1.821409,1.946299,0.000000
0.813075,0.242340,0.113685,0.641342,0.848120,0.757814,0.309957,0.016531,0.962832,0.807579,1.894524,1.654266,1.963106,2.029264,2.387356,2.360649,2.409997,1.113958,1.368685,0.000000
0.558714,0.580992,0.132374,0.969249,0.236457,0.580715,0.103991,0.279607,0.690325,0.750570,2.144347,1.986771,1.768505,1.159903,1.895944,2.025160,2.144070,1.210554,1.441543,0.000000
0.807717,0.230490,0.502016,0.753581,0.979255,0.509042,0.373905,0.119013,0.296833,0.332035,1.340738,2.005602,1.310997,2.332845,2.066840,2.712521,1.619290,1.516180,1.427031,0.000000
0.453328,0.206093,0.237670,0.842073,0.366930,0.524121,0.324719,0.362779,0.874375,0.185042,1.240333,1.898560,2.005983,1.459357,1.728030,1.976711,1.558361,1.369279,1.367194,0.000000
0.030030,0.044826,0.280278,0.920677,0.616004,0.762909,0.848558,0.398648,0.909851,0.423124,1.223860,1.999232,2.068771,2.228018,1.612060,2.300137,1.941943,1.439197,1.850567,0.000000
0.449736,0.043990,0.237409,0.349945,0.929436,0.199632,0.974750,0.027211,0.328572,0.414447,1.215756,1.406308,1.329312,2.838602,1.489589,2.213796,1.371398,1.238149,1.976685,0.000000
0.266657,0.793581,0.865208,0.908123,0.224028,0.169918,0.062568,0.458992,0.859379,0.503495,2.047088,2.656708,2.070053,1.112757,1.295529,1.958312,1.423424,2.075882,1.692340,0.000000
0.039265,0.633160,0.161224,0.310941,0.377245,0.254883,0.017117,0.722014,0.738611,0.373853,1.772926,1.336935,2.259915,1.159431,1.104230,1.453256,1.394649,1.682528,1.418008,0.000000
0.459694,0.644192,0.477874,0.323556,0.525405,0.626614,0.883005,0.433628,0.902280,0.897220,2.449195,1.551919,2.090313,2.159055,1.852339,1.599606,2.431617,1.665907,2.297988,0.000000
0.516164,0.041746,0.606890,0.308331,0.096542,0.133336,0.239856,0.486894,0.677283,0.061372,1.045512,1.676647,1.914349,1.249176,1.533942,1.317652,1.137103,1.843956,1.241598,0.000000
0.422153,0.610457,0.356157,0.671174,0.882738,0.383115,0.119742,0.605324,0.543998,0.999135,2.608727,1.798022,1.910415,1.898969,1.568930,2.450401,2.381385,1.722574,1.492400,0.000000
0.816721,0.272215,0.685987,0.216801,0.653834,0.036289,0.743223,0.569054,0.081869,0.446546,1.471618,1.687380,1.405692,2.170721,1.818038,1.644300,1.235692,2.009810,1.817323,0.000000
0.474752,0.379989,0.967510,0.402383,0.976670,0.853863,0.675399,0.208632,0.289666,0.732790,1.916970,2.338460,1.333193,2.629283,2.203833,2.356268,2.390844,2.011038,1.819791,0.000000
0.587052,0.735762,0.152028,0.133725,0.280161,0.902677,0.997050,0.046035,0.887100,0.175034,1.766399,1.156838,1.889219,2.075540,2.401878,1.212215,1.933314,1.154148,2.538395,0.000000
0.850237,0.802701,0.419389,0.281567,0.024491,0.424747,0.146847,0.279763,0.488801,0.598370,2.160748,1.457455,1.567069,1.147446,2.030647,1.282167,1.782794,1.497657,1.791175,0.000000
0.631219,0.436877,0.993857,0.571856,0.734090,0.218911,0.237210,0.967021,0.563931,0.215986,1.483527,2.559608,2.499060,1.776099,1.679141,2.110745,1.265561,2.928986,1.428072,0.000000
0.819307,0.454560,0.723744,0.993468,0.531125,0.538608,0.827365,0.797712,0.787988,0.845297,2.169087,2.517273,2.424333,2.109458,2.109406,2.275562,2.253136,2.360089,2.033989,0.000000
0.718108,0.773205,0.682347,0.302003,0.914821,0.326100,0.775577,0.738289,0.742284,0.212293,1.818273,1.767600,2.287355,2.612475,1.824449,2.138901,1.371169,2.227418,2.373423,0.000000
0.415377,0.748351,0.264872,0.030243,0.607939,0.385904,0.234086,0.431008,0.156005,0.896409,2.551900,1.100400,1.341773,1.603676,1.564299,1.399832,2.189453,1.450640,1.794115,0.000000
0.768250,0.094723,0.685241,0.871577,0.984601,0.289607,0.406909,0.005411,0.817930,0.680554,1.557877,2.341133,1.817959,2.376347,1.852123,2.841016,1.752762,1.685271,1.415881,0.000000
0.018097,0.395110,0.994905,0.795575,0.486345,0.293696,0.255430,0.611674,0.593320,0.409627,1.562904,2.785411,1.967464,1.491962,1.104354,2.032106,1.461490,2.369049,1.411542,0.000000
0.978169,0.306796,0.572867,0.889068,0.673991,0.363934,0.710422,0.426185,0.164844,0.218623,1.354592,2.217245,1.346478,2.164686,2.110616,2.343332,1.411730,1.754501,1.804546,0.000000
0.654068,0.619818,0.175454,0.929929,0.709750,0.642220,0.612806,0.367432,0.994704,0.976499,2.573367,1.960713,2.129710,2.116551,2.066515,2.433675,2.595769,1.310460,1.996980,0.000000
0.632427,0.249299,0.102903,0.097490,0.782245,0.667887,0.510230,0.166853,0.213630,0.798711,1.887238,1.108079,1.241471,2.122137,2.078500,1.709397,2.305826,1.130743,1.572380,0.000000
0.787806,0.966982,0.028570,0.195139,0.442042,0.792799,0.226702,0.483325,0.552882,0.544282,2.263225,1.195956,1.786485,1.422103,2.416336,1.390540,2.089042,1.262173,2.161756,0.000000
0.813406,0.122851,0.731306,0.590950,0.061303,0.004761,0.805351,0.433151,0.514543,0.122180,1.137780,2.125759,1.702162,1.809109,1.813429,1.594708,1.019689,1.918926,1.820444,0.000000
0.962632,0.209653,0.633104,0.429231,0.188390,0.275377,0.330093,0.990611,0.880423,0.758377,1.784788,1.830052,2.861732,1.365583,2.038465,1.464722,1.850513,2.614413,1.374047,0.000000
0.917604,0.597504,0.408176,0.814517,0.991932,0.994030,0.875364,0.649964,0.596451,0.674346,2.052247,1.981125,2.018905,2.859293,2.905700,2.798446,2.448773,1.830630,2.232375,0.000000
0.837892,0.748300,0.331882,0.406172,0.687982,0.429550,0.096671,0.980816,0.008920,0.600365,2.108738,1.516317,1.970920,1.569990,2.022405,1.879490,1.789988,2.293883,1.656624,0.000000
0.785582,0.234502,0.491868,0.190058,0.881322,0.514438,0.762836,0.601104,0.563997,0.488446,1.473081,1.431992,1.925322,2.539564,2.050229,1.966787,1.753018,1.853193,1.817827,0.000000
0.883714,0.347616,0.792992,0.665227,0.293864,0.082095,0.653415,0.956945,0.503214,0.293598,1.433816,2.294063,2.418958,1.739771,1.890453,1.751583,1.168295,2.708736,1.774252,0.000000
0.412515,0.019461,0.406591,0.447506,0.374648,0.656490,0.102079,0.780344,0.493379,0.372530,1.158239,1.612822,2.102317,1.242441,1.843495,1.587868,1.795269,2.015528,1.102458,0.000000
0.835049,0.524865,0.680499,0.233470,0.571737,0.580770,0.666979,0.634296,0.790343,0.178348,1.556673,1.696549,2.192675,1.993862,2.172343,1.560354,1.612578,2.082831,1.942463,0.000000
0.632966,0.313917,0.198609,0.150539,0.586055,0.056249,0.353380,0.507204,0.196617,0.404578,1.477601,1.189984,1.453873,1.696841,1.636130,1.493999,1.219932,1.455864,1.451924,0.000000
0.708418,0.373841,0.996726,0.212747,0.513122,0.505066,0.125588,0.517260,0.392598,0.387807,1.524235,2.206210,1.660156,1.388882,1.963510,1.476041,1.655461,2.264285,1.265346,0.000000
0.180895,0.347539,0.980699,0.369463,0.933484,0.021683,0.154322,0.191010,0.244682,0.210738,1.391950,2.331235,1.281167,2.025714,1.181366,2.240855,1.066094,2.017184,1.275106,0.000000
0.310912,0.706602,0.206875,0.104180,0.860369,0.499637,0.734670,0.334631,0.571101,0.014723,1.706818,1.146977,1.683079,2.474905,1.560549,1.844415,1.499854,1.318853,2.233955,0.000000
0.347080,0.154865,0.958325,0.816022,0.770283,0.028370,0.071128,0.819795,0.509896,0.782298,1.766854,2.734409,2.181961,1.664464,1.347885,2.409359,1.640360,2.630389,1.095111,0.000000
0.992777,0.357158,0.882997,0.690799,0.448457,0.824732,0.916198,0.512967,0.148935,0.881726,2.134598,2.470483,1.412071,2.117312,2.672960,1.891913,2.602172,2.146133,2.043760,0.000000
0.909911,0.770533,0.844036,0.128042,0.217980,0.295583,0.303486,0.313858,0.644642,0.511956,2.032632,1.840439,1.743149,1.351001,1.997281,1.175557,1.557682,1.942543,1.897207,0.000000
0.075984,0.280153,0.362610,0.123933,0.064050,0.622791,0.728654,0.790546,0.804660,0.589694,1.627893,1.255419,2.429624,1.732756,1.463852,1.128035,1.970530,1.987574,1.807140,0.000000
0.864015,0.706726,0.593832,0.244826,0.223270,0.098198,0.593939,0.554532,0.968050,0.072851,1.712033,1.597462,2.275556,1.643788,1.873657,1.294675,1.103505,1.901337,2.093400,0.000000
0.523763,0.866480,0.569711,0.710045,0.920312,0.222195,0.990728,0.517303,0.808227,0.184034,1.900348,2.034615,2.075829,2.837702,1.573134,2.557019,1.256063,1.837313,2.741515,0.000000
0.522434,0.319251,0.070803,0.823574,0.824171,0.383547,0.652673,0.011167,0.164553,0.755228,1.889621,1.828587,1.164678,2.331931,1.669542,2.502832,1.953916,1.070927,1.754595,0.000000
0.702457,0.528919,0.859009,0.006766,0.483781,0.988173,0.177002,0.228800,0.721733,0.498258,1.777181,1.744661,1.774082,1.411046,2.678943,1.240810,2.236435,1.911358,1.456758,0.000000
0.846773,0.108445,0.907189,0.534308,0.226568,0.036015,0.457065,0.427876,0.925822,0.293625,1.194661,2.357299,2.108900,1.508398,1.848070,1.585641,1.122230,2.090267,1.468825,0.000000
0.611426,0.649409,0.282932,0.693472,0.185105,0.495540,0.943105,0.361649,0.465894,0.475408,1.875422,1.773523,1.596684,1.977369,1.856986,1.727736,1.721552,1.413722,2.364837,0.000000
0.188303,0.557386,0.233128,0.471878,0.794048,0.169147,0.240624,0.939374,0.774974,0.162598,1.583824,1.526227,2.657397,1.871136,1.216914,2.102390,1.195585,2.115552,1.551303,0.000000
0.004674,0.422697,0.992171,0.965875,0.950780,0.734334,0.874850,0.363936,0.377210,0.412702,1.593020,2.950279,1.509660,2.778832,1.543920,2.869857,1.904657,2.124620,2.053523,0.000000
0.204100,0.023241,0.604054,0.464527,0.433707,0.381027,0.529915,0.036990,0.781851,0.962866,1.950352,1.829408,1.783219,1.718017,1.349282,1.652629,2.308138,1.605422,1.530455,0.000000
0.681549,0.207879,0.811361,0.695110,0.994000,0.520002,0.290272,0.482347,0.950491,0.301054,1.298513,2.353416,2.183150,2.278307,1.951951,2.683145,1.610636,2.044020,1.333486,0.000000
0.955196,0.241509,0.896281,0.109135,0.013133,0.020600,0.861559,0.257134,0.119063,0.381206,1.386827,1.912454,1.185181,1.861732,1.955620,1.109308,1.165918,1.962398,1.919886,0.000000
0.922213,0.918417,0.278479,0.842425,0.110187,0.135115,0.299834,0.590347,0.472917,0.017593,1.918726,1.919976,1.821427,1.311975,1.940469,1.854567,1.135425,1.626988,2.143323,0.000000
0.105148,0.363031,0.826518,0.297477,0.483934,0.094680,0.085965,0.805882,0.676528,0.692108,1.842045,1.980609,2.325974,1.320158,1.114112,1.531670,1.573694,2.475963,1.217757,0.000000
0.373991,0.515203,0.296420,0.125747,0.373761,0.685536,0.897265,0.452258,0.204907,0.539797,1.806583,1.213612,1.409444,2.036962,1.843950,1.265444,1.976916,1.500958,2.162698,0.000000
0.110115,0.809542,0.124186,0.722866,0.938594,0.344941,0.862732,0.128884,0.181239,0.058934,1.813015,1.738289,1.197850,2.743691,1.229100,2.603825,1.348414,1.140798,2.518090,0.000000
0.203515,0.725131,0.346888,0.049162,0.169240,0.402402,0.880595,0.379402,0.532684,0.469997,1.946028,1.169494,1.676630,1.909237,1.365442,1.077805,1.623299,1.490834,2.406410,0.000000
0.974116,0.832838,0.513369,0.746535,0.073800,0.190943,0.702896,0.421416,0.735517,0.942777,2.721666,2.010082,1.913108,1.708342,2.010575,1.751981,2.079771,1.690960,2.396515,0.000000
0.987110,0.879111,0.465308,0.261728,0.074784,0.648625,0.893146,0.070053,0.047069,0.228983,1.931544,1.478240,1.051977,1.898739,2.407825,1.267321,1.701058,1.470216,2.665983,0.000000
0.704589,0.693138,0.314326,0.878615,0.936737,0.396247,0.475641,0.250352,0.401768,0.612759,2.068612,1.977416,1.464444,2.353117,1.861601,2.756091,1.771721,1.377003,1.956081,0.000000
0.083929,0.334708,0.901372,0.072123,0.017392,0.387801,0.966476,0.055349,0.991159,0.022558,1.335217,1.884594,1.994222,1.966779,1.234318,1.072426,1.388309,1.904435,2.078506,0.000000
0.433524,0.671359,0.048316,0.317070,0.770629,0.206013,0.818105,0.651225,0.034987,0.609125,2.042391,1.319405,1.459081,2.411975,1.475966,1.910940,1.577046,1.472410,2.268827,0.000000
0.267675,0.003426,0.790463,0.968498,0.566050,0.576203,0.907847,0.952055,0.061148,0.919284,1.848508,2.593330,1.967556,2.228259,1.599685,2.288910,2.421286,2.696871,1.907858,0.000000
0.872500,0.899341,0.886709,0.006605,0.776625,0.360558,0.462550,0.802881,0.961159,0.407327,2.065256,1.792858,2.605777,2.065696,2.002502,1.609751,1.526473,2.531327,2.271363,0.000000
0.541161,0.081164,0.128255,0.482532,0.159693,0.205553,0.188045,0.942491,0.382054,0.318163,1.182392,1.498981,2.270344,1.213547,1.583413,1.508034,1.306781,2.016545,1.194632,0.000000
0.045373,0.807606,0.448106,0.941960,0.797565,0.947877,0.564521,0.415742,0.471871,0.157184,1.832313,2.142759,1.644712,2.200631,1.943845,2.578070,1.972584,1.620947,2.216749,0.000000
0.450074,0.905611,0.822967,0.971799,0.852185,0.372763,0.120057,0.764484,0.610275,0.958968,2.825231,2.649073,2.194711,1.846275,1.589026,2.698017,2.292383,2.407402,1.940188,0.000000
0.334565,0.862027,0.479201,0.654553,0.616465,0.444453,0.557358,0.245603,0.372986,0.922902,2.713776,1.884186,1.433307,1.937388,1.532103,2.034582,2.296201,1.539522,2.300449,0.000000
0.920028,0.082784,0.536159,0.325765,0.778613,0.236543,0.137449,0.226825,0.408655,0.706871,1.582450,1.613231,1.460105,1.743687,1.975981,1.932003,1.736209,1.587608,1.144302,0.000000
0.520394,0.100228,0.782643,0.916378,0.738305,0.171061,0.328792,0.813051,0.258324,0.473869,1.324780,2.528908,1.919376,1.873887,1.549656,2.461473,1.395613,2.443695,1.338838,0.000000
0.324847,0.285606,0.383229,0.521358,0.623423,0.916672,0.121207,0.365894,0.149342,0.887678,2.073578,1.668223,1.283220,1.509863,2.165134,1.910014,2.704644,1.517107,1.202778,0.000000
0.322139,0.246599,0.253692,0.317898,0.940730,0.183821,0.910706,0.009641,0.614690,0.503605,1.500217,1.382258,1.614783,2.795679,1.355929,2.202871,1.437439,1.253785,1.971516,0.000000
0.666203,0.289966,0.642286,0.190238,0.563174,0.178271,0.659919,0.312908,0.843277,0.283004,1.370058,1.602769,1.941189,1.977083,1.697983,1.507403,1.258362,1.740197,1.743999,0.000000
0.652829,0.506558,0.689661,0.185122,0.468429,0.988058,0.461711,0.052921,0.122498,0.882969,2.286193,1.660755,1.125299,1.681137,2.629088,1.404548,2.767693,1.692462,1.718313,0.000000
0.566492,0.537832,0.870824,0.853415,0.714516,0.437761,0.919411,0.351125,0.888892,0.171395,1.567208,2.611749,2.012180,2.429944,1.758126,2.363948,1.467137,1.994112,2.208674,0.000000
0.513158,0.635767,0.102824,0.524366,0.017394,0.063870,0.779177,0.480562,0.584672,0.518106,1.904201,1.534939,1.815611,1.779480,1.517238,1.524668,1.332304,1.333764,2.183377,0.000000
0.371823,0.435322,0.481585,0.400415,0.940397,0.198071,0.717978,0.453173,0.008558,0.583083,1.775307,1.632339,1.213924,2.602325,1.411055,2.284762,1.538056,1.686951,1.907482,0.000000
0.700454,0.428700,0.635776,0.290394,0.688290,0.229916,0.956122,0.506804,0.719933,0.938167,2.308857,1.694605,1.976784,2.429865,1.753315,1.764136,2.110073,1.892627,2.139906,0.000000
0.384451,0.679048,0.794362,0.745461,0.278016,0.110224,0.481520,0.609006,0.889099,0.574601,2.009214,2.376472,2.259987,1.558813,1.396600,1.822754,1.440390,2.165250,1.942626,0.000000
0.428002,0.702692,0.086553,0.035373,0.433559,0.712737,0.678647,0.120200,0.946741,0.836951,2.403178,1.042865,1.961189,1.866621,1.935996,1.223347,2.413223,1.101001,2.172423,0.000000
0.156101,0.343510,0.662134,0.056011,0.175702,0.550357,0.079994,0.138280,0.748777,0.618433,1.725969,1.494433,1.767898,1.110865,1.458994,1.086882,1.932817,1.681256,1.197994,0.000000
0.875402,0.564820,0.985535,0.519629,0.060431,0.957182,0.988565,0.442600,0.526844,0.604840,1.930651,2.490909,1.722739,1.992217,2.791600,1.523281,2.323013,2.181430,2.307586,0.000000
0.713426,0.243741,0.854796,0.883295,0.569368,0.844594,0.518583,0.758499,0.872009,0.222474,1.293236,2.613972,2.447330,1.842763,2.426765,2.207474,1.894089,2.430117,1.577993,0.000000
0.296090,0.887619,0.095882,0.725764,0.920981,0.010982,0.237014,0.889118,0.038951,0.000854,1.887620,1.734957,1.829482,2.085220,1.296210,2.573970,1.010982,1.886413,2.024882,0.000000
0.981123,0.478062,0.076826,0.142082,0.384545,0.317244,0.439034,0.286706,0.562124,0.124299,1.493512,1.147984,1.644324,1.586908,2.081766,1.289956,1.332694,1.159027,1.667577,0.000000
0.753445,0.073154,0.518043,0.534989,0.021590,0.274403,0.364514,0.150884,0.556424,0.053758,1.076044,1.803357,1.579190,1.364980,1.828742,1.535455,1.277293,1.540809,1.369865,0.000000
0.644662,0.542927,0.060080,0.543295,0.703309,0.207710,0.095504,0.855777,0.916296,0.597103,1.899458,1.546905,2.648651,1.590147,1.687805,2.037939,1.564241,1.792434,1.390273,0.000000
0.157019,0.472347,0.883125,0.268661,0.638219,0.676858,0.939810,0.468001,0.140730,0.061242,1.476098,2.048570,1.359756,2.347134,1.615155,1.675985,1.680608,2.102150,2.162922,0.000000
0.219369,0.917014,0.919737,0.523300,0.589414,0.599036,0.791578,0.572295,0.363340,0.617964,2.298893,2.369216,1.690862,2.138987,1.578212,1.870709,1.980914,2.247259,2.632493,0.000000
0.998995,0.497329,0.528194,0.340588,0.034242,0.608065,0.743365,0.048504,0.534456,0.273961,1.572384,1.619577,1.536809,1.744537,2.368738,1.341760,1.683120,1.530547,1.990701,0.000000
0.227534,0.350884,0.558146,0.544014,0.853571,0.791800,0.120568,0.960573,0.469187,0.881293,2.127562,1.855542,2.391888,1.849150,1.854482,2.272597,2.568478,2.480847,1.243687,0.000000
0.326469,0.742792,0.317862,0.372844,0.697026,0.837716,0.904332,0.342817,0.024404,0.374408,1.882973,1.473880,1.141928,2.390178,2.028236,1.858690,1.977897,1.435386,2.456071,0.000000
0.470948,0.552915,0.316495,0.331328,0.259009,0.285586,0.379535,0.073903,0.340457,0.430539,1.738278,1.431497,1.345919,1.446620,1.552507,1.398413,1.470950,1.321957,1.685249,0.000000
0.026558,0.242926,0.360071,0.684883,0.787291,0.939678,0.043725,0.143365,0.950364,0.524326,1.517843,1.814534,1.970917,1.663551,1.909552,2.304709,2.214595,1.380625,1.102738,0.000000
0.628027,0.968348,0.667614,0.494737,0.660879,0.411368,0.533263,0.770268,0.044722,0.218924,2.016276,1.940445,1.638034,1.970024,1.797250,1.931498,1.459296,2.260926,2.470961,0.000000
0.168757,0.641705,0.046805,0.662806,0.778211,0.780107,0.682306,0.274285,0.233260,0.976431,2.595122,1.664997,1.308492,2.287919,1.777323,2.268418,2.733524,1.122037,2.094092,0.000000
0.942686,0.838347,0.661319,0.164942,0.368205,0.712162,0.976299,0.433072,0.931723,0.844562,2.551633,1.602285,2.119274,2.111874,2.449860,1.300516,2.425448,1.848870,2.679125,0.000000
0.908182,0.535303,0.421792,0.748584,0.272862,0.193794,0.387074,0.379907,0.286614,0.291253,1.620132,1.926492,1.430943,1.461528,1.945739,1.823038,1.278623,1.566121,1.673624,0.000000
0.717988,0.107672,0.570855,0.068118,0.920320,0.684707,0.361695,0.345945,0.477774,0.847008,1.825095,1.393993,1.597452,2.208684,2.186812,1.915107,2.402130,1.690533,1.373288,0.000000
0.189980,0.409239,0.493820,0.913558,0.297470,0.423258,0.444380,0.200649,0.506933,0.856203,2.142324,2.157416,1.547193,1.532869,1.369127,2.002046,2.156342,1.534080,1.611857,0.000000
0.630395,0.176282,0.078712,0.936743,0.995282,0.160479,0.129823,0.393899,0.993083,0.983485,2.143523,1.942938,2.148239,2.120409,1.656148,2.927328,2.127721,1.233868,1.160898,0.000000
0.813571,0.352691,0.157719,0.976486,0.012555,0.038691,0.215907,0.094322,0.133308,0.128065,1.369092,2.001361,1.142205,1.216065,1.815068,1.976643,1.055092,1.166615,1.340298,0.000000
0.437164,0.534280,0.917089,0.217833,0.728559,0.248736,0.658058,0.493653,0.764475,0.283197,1.614481,2.058884,2.008169,2.188857,1.499034,1.748631,1.328937,2.160783,1.943513,0.000000
0.584082,0.682028,0.509268,0.435301,0.508584,0.315861,0.448659,0.466944,0.652167,0.052398,1.684774,1.694655,1.870204,1.707316,1.683850,1.693958,1.318606,1.727305,1.913821,0.000000
0.976823,0.154175,0.252546,0.848526,0.169205,0.665744,0.467172,0.078904,0.520082,0.558784,1.466414,1.912306,1.526307,1.495803,2.420038,1.877156,1.977983,1.258772,1.490942,0.000000
0.370792,0.281602,0.637183,0.722137,0.216340,0.546729,0.735818,0.166995,0.094627,0.143635,1.302234,2.128140,1.122514,1.782622,1.669706,1.768940,1.567361,1.665071,1.815118,0.000000
0.900155,0.119447,0.645556,0.783520,0.769012,0.150937,0.397231,0.188648,0.905961,0.561037,1.434209,2.200262,1.941549,1.988610,1.922937,2.374900,1.465699,1.681144,1.411498,0.000000
0.827770,0.324719,0.833221,0.955654,0.064717,0.723952,0.030404,0.875777,0.696584,0.635394,1.728446,2.649912,2.463569,1.034592,2.351876,1.959842,2.127678,2.600207,1.135847,0.000000
0.373175,0.422068,0.560173,0.085558,0.460428,0.472042,0.394143,0.974183,0.707906,0.149129,1.444307,1.399352,2.656938,1.606137,1.595998,1.297552,1.494281,2.509205,1.572284,0.000000
0.167382,0.242803,0.291633,0.230222,0.794797,0.100679,0.472371,0.682612,0.175550,0.694928,1.725727,1.315272,1.641509,2.104074,1.177518,1.861925,1.583603,1.757592,1.531324,0.000000
0.260060,0.329801,0.846069,0.549953,0.998268,0.779288,0.147463,0.397608,0.438089,0.274092,1.404928,2.265786,1.596181,2.144001,1.867350,2.546491,1.854415,2.004161,1.256232,0.000000
0.370761,0.566810,0.747217,0.578642,0.556399,0.589270,0.586881,0.986904,0.123712,0.142974,1.587251,2.136975,2.097691,1.896461,1.718000,1.888222,1.609712,2.721196,1.908154,0.000000
0.562785,0.193758,0.742568,0.588949,0.946812,0.182488,0.361831,0.805374,0.110759,0.810776,1.851115,2.140356,1.759386,2.258284,1.596087,2.485402,1.839845,2.391195,1.399373,0.000000
0.696371,0.470546,0.304590,0.906259,0.221876,0.695606,0.487396,0.715777,0.585912,0.713300,1.979343,1.999034,2.098249,1.536625,2.180239,1.955488,2.204403,1.816927,1.708810,0.000000
0.371948,0.207478,0.357835,0.712244,0.794930,0.538096,0.981297,0.848517,0.131459,0.959218,2.127578,1.840290,1.851441,2.613210,1.661496,2.344157,2.458196,2.077817,2.024344,0.000000
0.132206,0.096374,0.533972,0.490072,0.135348,0.166352,0.171186,0.846762,0.261736,0.973312,2.043711,1.775198,1.978742,1.189505,1.159879,1.508391,2.113688,2.250979,1.180474,0.000000
0.709162,0.239679,0.589637,0.529790,0.580829,0.631577,0.647682,0.119508,0.107133,0.559855,1.553116,1.877462,1.121415,1.985045,2.108052,1.867152,1.945015,1.603919,1.705128,0.000000
0.423261,0.672741,0.524702,0.151171,0.063723,0.294355,0.200425,0.607169,0.931099,0.033019,1.673831,1.426483,2.299753,1.204486,1.509906,1.155232,1.295445,1.893356,1.653005,0.000000
0.807016,0.322938,0.254264,0.153560,0.606291,0.032071,0.638193,0.465896,0.839108,0.222906,1.372625,1.218210,2.056167,2.005782,1.808045,1.521149,1.081758,1.471323,1.742482,0.000000
0.115778,0.343850,0.130882,0.218334,0.526608,0.448116,0.499232,0.844152,0.151883,0.237902,1.400448,1.235464,1.864475,1.776548,1.316586,1.495650,1.504713,1.843475,1.617465,0.000000
0.724580,0.841461,0.420799,0.920890,0.931163,0.406084,0.921110,0.421229,0.279169,0.647943,2.261291,2.097961,1.456603,2.788175,1.889484,2.787954,1.825914,1.598232,2.629167,0.000000
0.245747,0.463421,0.814997,0.619145,0.061360,0.351074,0.218217,0.949125,0.297660,0.003540,1.463434,2.283365,2.198499,1.221982,1.369000,1.622910,1.351087,2.715836,1.432976,0.000000
0.743496,0.060926,0.333720,0.646038,0.905192,0.367804,0.329116,0.281594,0.647096,0.072137,1.066130,1.757407,1.726391,2.148488,1.878775,2.465411,1.373007,1.413015,1.332828,0.000000
0.976658,0.070459,0.604962,0.131986,0.512321,0.094980,0.599778,0.901860,0.107227,0.559714,1.383738,1.497965,1.920578,1.862251,1.985679,1.394459,1.408260,2.418313,1.604742,0.000000
0.409859,0.397715,0.081521,0.981897,0.390886,0.231885,0.846419,0.581840,0.635229,0.534175,1.683058,1.988542,1.973766,1.999211,1.463630,2.134688,1.517228,1.420058,2.004596,0.000000
0.986013,0.596288,0.136821,0.956084,0.612224,0.256100,0.207125,0.276941,0.836114,0.620100,1.980811,1.974804,1.912810,1.581942,2.051600,2.330902,1.640624,1.213518,1.562684,0.000000
0.329899,0.453663,0.354956,0.960897,0.004630,0.153988,0.690579,0.647858,0.154511,0.231459,1.507237,2.086890,1.574231,1.690600,1.353611,1.960918,1.207562,1.774675,1.896389,0.000000
0.093719,0.904697,0.266496,0.273289,0.610854,0.149748,0.915973,0.977057,0.013493,0.078915,1.910925,1.344309,1.968134,2.289116,1.116143,1.646432,1.155975,2.221137,2.734450,0.000000
0.128377,0.532289,0.963360,0.569246,0.273447,0.495972,0.422031,0.597240,0.037885,0.088064,1.540044,2.497308,1.394580,1.496804,1.374366,1.644019,1.503728,2.320055,1.705363,0.000000
0.193404,0.568700,0.956845,0.911355,0.702255,0.592272,0.243027,0.658648,0.782353,0.539320,1.859566,2.826908,2.216170,1.736190,1.544190,2.404517,1.883138,2.390662,1.566447,0.000000
0.958451,0.118675,0.530619,0.300040,0.430856,0.992274,0.821506,0.018459,0.875602,0.102830,1.129249,1.581597,1.875942,2.007143,2.943059,1.485677,2.002848,1.530960,1.835590,0.000000
0.347402,0.819987,0.843639,0.489711,0.863815,0.890920,0.094344,0.704423,0.385303,0.379316,1.963867,2.201438,1.881516,1.840520,2.141141,2.235887,2.034801,2.339852,1.766722,0.000000
0.063843,0.284977,0.142125,0.136614,0.815048,0.911674,0.637446,0.575609,0.681365,0.175200,1.315672,1.156813,2.012691,2.301749,1.894993,1.800916,1.942369,1.473451,1.718659,0.000000
0.086250,0.332113,0.893781,0.452652,0.439866,0.774117,0.129621,0.803569,0.069427,0.506417,1.588570,2.251497,1.715149,1.323103,1.685508,1.646134,2.030575,2.539504,1.239919,0.000000
0.260341,0.920322,0.196596,0.622936,0.020334,0.811518,0.185912,0.469342,0.648176,0.375305,2.061176,1.661586,1.868459,1.186326,1.918902,1.623350,1.952372,1.416878,2.032905,0.000000
0.150472,0.716862,0.859822,0.185509,0.620812,0.393038,0.751582,0.393507,0.472755,0.098664,1.726596,1.924803,1.627603,2.136989,1.304951,1.570916,1.402772,2.014670,2.265473,0.000000
0.179766,0.364446,0.637877,0.105511,0.572264,0.856573,0.706418,0.361525,0.594528,0.766574,1.952082,1.512398,1.725228,2.033905,1.913484,1.432997,2.444209,1.768577,1.839239,0.000000
0.273810,0.118632,0.881924,0.258318,0.117381,0.742166,0.119599,0.201567,0.335244,0.663359,1.558677,2.036108,1.375873,1.133377,1.824621,1.272097,2.182212,1.922553,1.133672,0.000000
0.746268,0.287849,0.225985,0.300177,0.955783,0.096245,0.454657,0.392871,0.220435,0.520572,1.558844,1.351246,1.374782,2.368178,1.755531,2.213698,1.367240,1.380332,1.537514,0.000000
0.439754,0.884239,0.496435,0.422505,0.125825,0.276888,0.406702,0.729653,0.212382,0.654911,2.313148,1.668953,1.744775,1.422534,1.516421,1.438337,1.705796,2.028828,2.188581,0.000000
0.124581,0.528059,0.437801,0.223794,0.918277,0.425673,0.136201,0.690541,0.914892,0.663046,1.967690,1.415464,2.391738,1.979435,1.305779,2.067027,1.865303,1.914648,1.415048,0.000000
0.239114,0.733629,0.928993,0.929853,0.836913,0.045656,0.604456,0.446789,0.761280,0.091580,1.742016,2.792880,1.960901,2.304879,1.241198,2.630276,1.054043,2.128613,2.142667,0.000000
0.368144,0.922554,0.087684,0.968289,0.172324,0.322609,0.847313,0.968562,0.358191,0.054040,1.925474,1.975978,2.296303,1.877008,1.472220,1.997985,1.325529,2.025795,2.698418,0.000000
0.788279,0.984830,0.401690,0.804162,0.565023,0.196291,0.406783,0.073727,0.549917,0.081510,1.991474,1.965517,1.555353,1.726034,1.826809,2.123413,1.202935,1.407126,2.376672,0.000000
0.908074,0.855395,0.541737,0.701309,0.357707,0.059338,0.854523,0.833706,0.015826,0.683940,2.323168,1.994788,1.710892,1.982477,1.911595,1.829263,1.527111,2.236802,2.586223,0.000000
0.371395,0.083305,0.526111,0.723501,0.554843,0.394150,0.925080,0.476336,0.084521,0.005182,1.083331,2.000294,1.311417,2.232931,1.526750,2.031352,1.394177,1.753008,1.932020,0.000000
0.043618,0.908121,0.625713,0.732879,0.218154,0.950907,0.184067,0.543303,0.831431,0.304178,2.000645,2.124396,2.126609,1.231658,1.947841,1.780470,2.043431,1.920891,2.008750,0.000000
0.107353,0.004701,0.573809,0.677942,0.926322,0.336420,0.109170,0.666999,0.647924,0.756839,1.577507,2.007199,2.092812,1.967242,1.220532,2.536013,1.909226,2.018697,1.109192,0.000000
