0.553533,0.937812,0.776026,0.219611,0.007750,0.903243,0.834092,0.337246,0.984808,0.805536,2.709630,1.792889,2.621245,2.819542,1.919271,2.740118,2.625381,2.460574,2.205061,3.391420
0.765655,0.780966,0.535409,0.299267,0.156882,0.297589,0.181716,0.584358,0.111175,0.922551,2.516477,1.272797,2.237834,1.719124,2.267887,1.808605,1.597381,2.590762,1.836675,1.469753
0.787217,0.198269,0.797832,0.667211,0.979086,0.198228,0.752309,0.706824,0.195494,0.907388,2.322651,2.432046,2.442194,2.279451,3.345548,2.240975,2.185158,2.903979,2.194353,2.396317
0.783315,0.645904,0.673649,0.918034,0.450734,0.804741,0.371626,0.603772,0.500703,0.167400,2.580335,2.814678,1.869935,2.499863,1.623512,2.325607,2.174606,1.853757,3.046270,1.950958
0.929953,0.310740,0.970262,0.034838,0.493885,0.330759,0.787636,0.070417,0.557159,0.483440,3.056384,1.531284,1.675104,2.701273,1.608868,1.685213,2.498915,1.667650,1.948475,2.902000
0.602954,0.575115,0.286109,0.887822,0.472535,0.768390,0.123087,0.853276,0.478197,0.162727,1.876179,2.714437,2.210586,1.932715,1.996320,2.093196,2.181309,1.802713,2.697451,1.314295
0.350423,0.481595,0.073000,0.450926,0.249281,0.157250,0.377475,0.883342,0.873676,0.610051,1.529954,1.456503,2.881006,1.445234,2.405834,1.705111,2.568271,1.770773,1.518684,2.049690
0.517271,0.090757,0.733024,0.663093,0.080769,0.735872,0.621008,0.144882,0.018857,0.506074,1.766486,1.918942,1.169459,2.300921,1.527592,2.049491,1.559222,1.226892,2.343006,2.158338
0.020638,0.433509,0.399475,0.437948,0.146443,0.835676,0.700292,0.742435,0.696036,0.851558,1.593098,1.921840,2.864754,2.398656,2.405908,2.009826,2.264853,2.072463,2.136311,2.197078
0.487096,0.037519,0.901520,0.441669,0.637089,0.473658,0.357358,0.295374,0.672209,0.227326,1.965826,1.938427,1.771202,1.697278,1.573155,1.569426,2.510717,1.455149,1.781590,2.473843
0.584535,0.423919,0.081787,0.724209,0.477397,0.890863,0.741147,0.820039,0.593088,0.167765,1.630333,2.708898,2.270274,2.734509,1.949031,2.349689,2.151224,1.656549,2.717571,1.956457
0.278414,0.214689,0.585168,0.387569,0.192754,0.585268,0.974890,0.481544,0.864493,0.219781,1.578692,1.543441,2.106994,2.339009,1.458827,2.347874,2.318578,1.262460,1.751689,2.963390
0.866525,0.151464,0.318650,0.780498,0.539904,0.030871,0.072348,0.281309,0.265407,0.511263,1.903647,2.149110,1.478181,1.723945,1.747778,1.789207,1.389206,1.576599,2.432096,1.192581
0.585440,0.601216,0.587904,0.062088,0.693540,0.838118,0.288745,0.557884,0.605047,0.607408,2.147500,2.286125,2.140382,2.191841,2.252234,1.362777,2.124311,2.306313,1.965184,1.855874
0.828825,0.038304,0.163658,0.555172,0.372589,0.504647,0.709408,0.139156,0.531173,0.823496,1.634450,1.809323,2.108987,2.533440,1.894584,2.058488,1.560651,1.735576,2.379203,1.886059
0.560115,0.573612,0.536112,0.727429,0.563077,0.791353,0.417708,0.285214,0.595665,0.734232,2.036753,2.587806,2.072833,2.219673,1.994105,2.090645,1.906282,2.286489,2.529393,1.916476
0.931054,0.153772,0.047371,0.861303,0.329118,0.441503,0.094228,0.551679,0.097176,0.640841,1.963110,2.157021,1.664705,2.096247,1.980841,1.873818,1.267323,1.525270,2.863322,1.097390
0.281332,0.283894,0.108331,0.701462,0.765003,0.274672,0.538544,0.887661,0.850033,0.032501,1.317897,2.277773,2.638009,1.636256,2.268145,2.014372,2.561194,1.869157,1.799173,2.164477
0.504454,0.271610,0.363432,0.841850,0.025747,0.580904,0.112212,0.157601,0.822057,0.579137,1.532063,1.930484,2.041137,1.578032,1.603993,1.874479,1.958054,1.466516,2.307670,1.799822
0.301751,0.773354,0.317035,0.979166,0.754141,0.459439,0.597823,0.518060,0.617461,0.442651,1.901341,2.809888,1.972580,1.836383,2.139939,2.799084,1.857012,2.428816,2.217727,1.933746
0.227271,0.755821,0.521288,0.196823,0.277574,0.675774,0.290869,0.772697,0.739613,0.845410,2.039302,1.624919,2.940904,1.759278,2.463857,1.713202,2.472701,2.437099,1.665232,1.967199
0.690381,0.576517,0.410814,0.158406,0.024761,0.037826,0.437603,0.260218,0.247397,0.740311,2.074339,1.049908,1.720845,1.768088,1.808039,1.541521,1.433785,1.982865,1.488891,1.621514
0.616408,0.292866,0.226835,0.672596,0.991830,0.084738,0.781319,0.951406,0.662075,0.039712,1.578530,2.444824,2.567311,2.022708,2.920576,2.308174,2.574717,2.276656,1.913986,2.122989
0.431605,0.311338,0.292754,0.433733,0.374029,0.229821,0.027932,0.985083,0.462219,0.129504,1.477444,1.574292,2.434779,1.161150,2.152218,1.464692,2.503837,1.453408,1.566951,1.212388
0.061034,0.163314,0.452108,0.037270,0.239213,0.491987,0.299380,0.268767,0.119348,0.680690,1.367943,1.359689,1.506973,1.541659,1.766614,1.131255,1.343164,1.535927,1.279549,1.505482
0.106388,0.268744,0.893207,0.764673,0.143883,0.505711,0.892465,0.317879,0.103145,0.261680,2.067767,1.857940,1.222111,2.149413,1.365706,2.580576,1.933084,1.307366,2.021621,2.691380
0.685202,0.463089,0.829521,0.027111,0.493550,0.382495,0.466912,0.492443,0.583866,0.126480,2.472897,1.550245,1.828390,1.934918,1.489206,1.344428,2.391388,1.708704,1.495117,2.354056
0.425106,0.372911,0.818961,0.992720,0.364780,0.393189,0.171057,0.505787,0.158277,0.335246,2.120431,2.411059,1.451775,1.402478,1.639606,2.073838,1.958364,1.543654,2.224141,1.845719
0.424378,0.670834,0.769401,0.356245,0.647741,0.580282,0.392836,0.280813,0.416061,0.252937,2.339242,1.970049,1.511100,1.805993,1.603565,1.812452,2.030184,2.106585,1.769402,2.056838
0.723038,0.770077,0.056153,0.146351,0.157622,0.264976,0.450539,0.773394,0.335567,0.309076,2.151223,1.197646,1.963231,1.898744,1.911131,1.806007,1.801317,1.824447,1.594556,1.491479
0.773474,0.247038,0.106794,0.521091,0.736728,0.918000,0.086252,0.623835,0.393011,0.637244,1.721184,2.781885,2.040953,2.391717,2.426287,1.543607,1.647193,2.048579,2.826556,1.158360
0.343702,0.574403,0.373807,0.119118,0.761305,0.097237,0.818210,0.807778,0.224028,0.243013,1.754736,1.776414,1.890886,1.868266,2.336761,1.978103,1.890840,2.168340,1.169175,1.969185
0.590064,0.343355,0.703603,0.609515,0.867376,0.055948,0.889694,0.189691,0.564547,0.770685,2.043858,2.239060,2.058282,2.098270,2.459230,2.441550,2.066431,2.553449,1.818091,2.564681
0.896786,0.251824,0.141001,0.699519,0.836609,0.289537,0.640338,0.036314,0.290346,0.869767,1.992923,2.350208,1.949640,2.445387,2.456642,2.125521,1.310275,2.609714,2.504568,1.684695
0.438454,0.929843,0.637179,0.290223,0.857924,0.952650,0.861771,0.214226,0.236536,0.801593,2.420129,2.806724,1.797494,2.853603,2.478947,2.836821,1.652364,3.180942,2.282055,2.281002
0.698370,0.897908,0.056056,0.189595,0.923853,0.283380,0.478406,0.319362,0.941264,0.891025,2.241660,1.982556,2.750664,1.899321,2.781530,2.142395,1.976978,3.458820,1.610509,2.315487
0.402605,0.247635,0.064743,0.956676,0.394366,0.820062,0.880822,0.637388,0.004717,0.277817,1.317085,2.861089,1.432423,2.618582,1.745415,2.747709,1.267856,1.424602,2.694436,1.885014
0.154973,0.520971,0.587605,0.639324,0.345119,0.589433,0.969411,0.187669,0.196964,0.359719,1.869973,1.958641,1.278730,2.320564,1.436045,2.720478,1.548853,1.686625,1.990476,2.322332
0.124801,0.695656,0.123811,0.005904,0.381640,0.303852,0.375267,0.089556,0.058284,0.127685,1.712929,1.409729,1.068386,1.469537,1.191291,1.483383,1.074331,1.843387,1.100174,1.390795
0.932460,0.095160,0.946068,0.663259,0.516941,0.881978,0.645116,0.305330,0.565205,0.455899,2.800963,2.642930,1.753187,3.233758,1.687266,2.080295,2.488715,1.457144,3.251901,2.720720
0.620813,0.468341,0.186542,0.241326,0.058172,0.354672,0.084584,0.710641,0.456292,0.589513,1.742405,1.161025,2.166174,1.449643,2.094721,1.351208,1.849972,1.676595,1.606385,1.214383
0.450621,0.031638,0.471713,0.936414,0.537013,0.331428,0.446824,0.040413,0.524688,0.197998,1.345654,2.450289,1.534084,1.648171,1.354497,2.136097,1.747267,1.327784,2.137761,1.813782
0.334366,0.155604,0.995054,0.873414,0.775832,0.850381,0.485282,0.557956,0.253646,0.590681,2.183119,3.153634,1.771052,2.245812,2.368982,2.112680,2.417479,1.963610,2.633944,2.491733
0.202638,0.228558,0.543835,0.600562,0.730432,0.333115,0.442789,0.866881,0.743897,0.344189,1.532635,2.128070,2.536155,1.562075,2.485378,1.808563,2.691099,1.802862,1.719848,2.150205
0.013661,0.593637,0.428856,0.115329,0.347293,0.920217,0.578685,0.003159,0.587804,0.232553,1.777557,2.139834,1.600391,2.425487,1.274451,1.659405,1.771722,1.726826,1.962131,1.965697
0.381918,0.967894,0.611298,0.622959,0.209963,0.021873,0.348707,0.961222,0.872690,0.096635,2.397286,1.598052,2.797541,1.404893,2.029839,2.651298,3.134495,2.012881,1.679145,2.387024
0.388847,0.383227,0.773456,0.743159,0.019330,0.270950,0.687441,0.148474,0.572541,0.757484,2.040256,1.591507,2.029216,1.819650,1.779536,2.272016,2.174048,1.818231,1.875367,2.473356
0.144428,0.704260,0.989906,0.353659,0.753611,0.281282,0.118212,0.314494,0.945052,0.660935,2.687187,1.900941,2.332678,1.200345,2.187839,1.716934,2.956071,2.560909,1.435792,2.942174
0.446514,0.411481,0.851970,0.144750,0.812412,0.853206,0.587306,0.520761,0.222121,0.738410,2.226358,2.454464,1.895930,2.404290,2.545804,1.559348,2.089200,2.474111,1.961733,2.324118
0.833917,0.369461,0.080214,0.475074,0.779120,0.170402,0.186296,0.825104,0.869307,0.062671,1.955815,2.009763,2.550350,1.795252,2.216415,1.560213,2.437469,1.976735,2.084031,1.849661
0.063215,0.362819,0.100918,0.616553,0.998554,0.087028,0.675988,0.032592,0.961537,0.598264,1.373256,2.379351,2.176730,1.683815,2.594993,2.121274,1.971756,2.574059,1.624380,2.575166
0.627358,0.230596,0.174188,0.369136,0.932100,0.777166,0.534218,0.262371,0.442580,0.536583,1.507851,2.537760,1.665912,2.385120,2.415240,1.666787,1.490983,2.253900,2.220038,1.651251
0.454211,0.182223,0.220627,0.528820,0.545705,0.483840,0.926454,0.965563,0.261886,0.832356,1.324606,1.938623,2.770868,2.254262,2.927175,2.393187,2.210769,2.056686,1.856628,1.993091
0.588103,0.606546,0.788563,0.909332,0.223614,0.917650,0.625794,0.503973,0.696295,0.875095,2.431782,2.823235,2.620424,2.671280,2.140265,2.524097,2.446131,2.326689,2.954818,2.585209
0.388227,0.399022,0.106710,0.812205,0.982375,0.624184,0.764337,0.393969,0.678073,0.684462,1.468923,2.885238,2.153947,2.212456,2.787726,2.459947,1.750609,2.684745,2.260325,2.087490
0.188742,0.783231,0.608316,0.831065,0.887883,0.599613,0.096227,0.189648,0.446351,0.884103,2.160003,2.794134,2.173366,1.462487,2.620020,2.320799,1.823220,3.262616,2.197324,1.555202
0.679881,0.924570,0.806409,0.028751,0.741969,0.957726,0.159491,0.416447,0.867893,0.939255,2.889132,2.621261,2.869932,2.390999,2.521151,1.844538,2.590412,3.303699,2.260258,2.463517
0.486634,0.400994,0.391310,0.988080,0.452192,0.024419,0.571760,0.296714,0.345294,0.201582,1.669358,2.428509,1.441525,1.687598,1.382085,2.379468,1.524540,1.613663,2.103917,1.766053
0.824600,0.568746,0.304858,0.242846,0.559230,0.164942,0.486413,0.968379,0.350272,0.090855,2.222384,1.622691,2.288779,2.074319,2.203504,1.663417,2.351315,1.882233,1.830751,1.622327
0.243590,0.434711,0.501749,0.773903,0.605406,0.517108,0.296620,0.218368,0.022326,0.759039,1.700916,2.342607,1.507324,1.578475,2.028615,1.944036,1.284490,2.238540,2.055758,1.548383
0.572720,0.439195,0.547612,0.482258,0.287329,0.657958,0.275427,0.588148,0.152417,0.807692,1.926931,1.804737,2.025246,1.896193,2.177331,1.642835,1.655747,2.048663,2.103023,1.578847
0.439554,0.764925,0.045318,0.567954,0.741305,0.426588,0.361452,0.493898,0.093725,0.467841,1.851903,2.141506,1.440059,1.628355,2.119148,2.146166,1.216258,2.416857,1.834856,1.364329
0.371471,0.204790,0.192396,0.934991,0.941593,0.477559,0.625576,0.241354,0.620140,0.932671,1.293066,2.924714,2.489698,1.904898,2.825736,2.334924,1.671215,2.902694,2.214313,1.901081
0.694814,0.832251,0.108607,0.914849,0.742085,0.145121,0.465512,0.261791,0.253571,0.451871,2.179480,2.582090,1.414372,1.822005,1.929064,2.708003,1.283308,2.475208,2.271342,1.493611
0.061291,0.008934,0.718477,0.641723,0.366346,0.467734,0.780542,0.635398,0.887326,0.256557,1.525373,1.880482,2.307944,1.999547,1.709454,2.250969,2.660065,1.160030,1.860728,2.995385
0.090622,0.739202,0.124089,0.188510,0.252327,0.962880,0.559399,0.977130,0.335313,0.304623,1.755344,2.180585,2.318364,2.487281,2.275472,1.905352,2.283659,1.831138,2.116392,1.612498
0.608258,0.301692,0.206989,0.802982,0.596783,0.028686,0.834612,0.249506,0.437910,0.297109,1.569577,2.241587,1.526390,2.060477,1.571906,2.527019,1.496287,1.684069,2.028846,1.961432
0.050001,0.415528,0.017064,0.881884,0.986299,0.514470,0.399144,0.316695,0.569910,0.155877,1.415945,2.900187,1.673993,1.663948,2.215629,2.112947,1.601965,2.392101,2.146688,1.584541
0.117106,0.818717,0.547612,0.859612,0.718354,0.951052,0.906339,0.311651,0.361126,0.403573,2.120202,3.317514,1.523983,2.812445,1.871393,3.229846,1.691275,2.400480,2.765718,2.253313
0.283301,0.904617,0.969242,0.284166,0.165890,0.070441,0.734588,0.715675,0.541716,0.576030,2.866784,1.246990,2.245039,1.762288,2.092786,2.564062,2.847707,2.123269,1.311866,2.832987
0.174741,0.013877,0.760596,0.299959,0.369174,0.491881,0.515119,0.885181,0.911486,0.315735,1.597719,1.578158,2.726507,1.762401,2.149596,1.565309,3.183571,1.181642,1.547242,2.850892
0.809214,0.702026,0.720719,0.244573,0.126405,0.751337,0.600055,0.974858,0.359038,0.134446,2.751357,1.610355,2.311817,2.694457,2.086814,1.950627,2.804928,1.720435,2.338975,2.165774
0.986224,0.891165,0.892457,0.094118,0.108396,0.786248,0.346768,0.435553,0.777893,0.421504,3.646885,1.603301,2.042485,2.924194,1.612483,1.922106,2.657000,1.977801,2.671543,2.613964
0.778328,0.884745,0.110079,0.896264,0.034780,0.220060,0.477902,0.100001,0.501437,0.237359,2.368368,1.848726,1.524810,1.997835,1.247401,2.817208,1.514554,1.899327,2.416197,1.616100
0.573121,0.413516,0.382402,0.871203,0.610005,0.685028,0.638678,0.338909,0.281786,0.396643,1.747998,2.690459,1.459048,2.296193,1.738489,2.349822,1.466944,1.848025,2.528718,1.807284
0.958145,0.884501,0.444481,0.803765,0.586108,0.697311,0.716068,0.602097,0.000821,0.243908,2.961681,2.571208,1.377851,3.081927,1.807769,3.008502,1.416656,2.242534,3.169624,1.913631
0.112390,0.539853,0.885106,0.898418,0.425110,0.845722,0.228446,0.795277,0.650128,0.147945,2.324686,2.837163,2.285831,1.945110,1.857235,2.107941,2.936525,1.723810,2.615083,2.286645
0.346094,0.117923,0.288189,0.413372,0.923458,0.419906,0.370140,0.236338,0.773362,0.515407,1.242431,2.168373,1.966133,1.587916,2.358765,1.552016,1.869616,2.107613,1.631149,1.915733
0.704801,0.751215,0.281675,0.914837,0.289726,0.061947,0.913164,0.010217,0.474206,0.419779,2.180662,2.126890,1.548282,2.267106,1.444204,3.172634,1.553548,1.909127,2.268780,2.099140
0.955835,0.205809,0.939214,0.266273,0.638356,0.470425,0.052643,0.831247,0.141352,0.558554,2.961203,1.813362,2.006583,2.147214,2.509655,1.277762,2.597843,1.787566,2.360844,1.937590
0.188370,0.835549,0.500551,0.996285,0.869385,0.115334,0.275794,0.868776,0.966153,0.344732,2.092784,2.863503,2.761893,1.295780,2.756611,2.655679,2.872433,2.632347,2.016271,2.428204
0.116053,0.750391,0.484275,0.864897,0.820394,0.904653,0.392369,0.097980,0.577639,0.410660,1.986477,3.308806,1.656494,2.212329,1.972424,2.441385,1.813102,2.492692,2.684857,1.819630
0.145337,0.006575,0.974320,0.701388,0.164888,0.199474,0.526445,0.719791,0.849832,0.231864,1.958943,1.664770,2.380397,1.569304,1.754447,1.978532,3.172055,1.046228,1.744248,3.089504
0.220679,0.407595,0.837369,0.716143,0.126306,0.741850,0.300561,0.479292,0.017026,0.425351,2.119529,2.047439,1.323703,1.861650,1.657087,1.874196,1.828316,1.500504,2.277232,2.001753
0.940549,0.405442,0.013917,0.512156,0.737064,0.008385,0.076418,0.005335,0.232686,0.390801,2.237676,1.999368,1.292400,1.908529,1.791250,1.584644,1.232880,2.008391,2.344267,1.089210
0.394810,0.831410,0.824060,0.046108,0.438777,0.493216,0.963044,0.508198,0.954434,0.417592,2.572025,1.560884,2.285520,2.267848,1.760332,2.548268,2.764758,2.096756,1.350911,3.511554
0.512654,0.655098,0.509064,0.973973,0.812902,0.804786,0.970635,0.203121,0.914237,0.449863,2.048977,3.282769,2.046537,2.753048,2.028296,3.197243,2.181764,2.406950,2.756386,2.993928
0.756368,0.819601,0.308892,0.367916,0.933104,0.638584,0.672737,0.488678,0.329187,0.610151,2.347728,2.328874,1.795143,2.513239,2.661394,2.371054,1.541300,2.917433,2.208418,1.803823
0.274492,0.632300,0.463137,0.753293,0.548312,0.332368,0.824907,0.954512,0.168166,0.484669,1.867477,2.152478,2.193109,1.956057,2.560609,2.686560,2.252310,2.046796,1.884443,2.044159
0.843862,0.940682,0.650129,0.238833,0.441145,0.157907,0.209513,0.781027,0.878051,0.032021,2.964265,1.502123,2.488088,1.835364,1.727875,2.115121,2.777148,2.135323,1.864684,2.309136
0.042397,0.256731,0.224203,0.741745,0.027932,0.220063,0.592885,0.451473,0.561743,0.193799,1.307074,1.588775,1.772849,1.641389,1.397648,2.110179,1.704032,1.264790,1.790249,1.820413
0.814850,0.511979,0.088800,0.839918,0.117877,0.344643,0.830702,0.852802,0.822196,0.194849,2.060909,1.864275,2.556865,2.490526,1.923758,2.664186,2.450300,1.533271,2.499742,2.394397
0.742001,0.908043,0.459585,0.179799,0.655457,0.970402,0.840647,0.098324,0.838139,0.909421,2.527783,2.601593,2.599940,3.190848,2.200688,2.635206,2.050308,3.089799,2.530000,2.640640
0.651738,0.511727,0.382528,0.577957,0.083418,0.589468,0.410732,0.963635,0.151233,0.986344,1.934888,1.622276,3.039413,2.035038,2.915516,1.880660,2.192385,2.478273,2.202263,1.560519
0.000186,0.453192,0.571473,0.625076,0.163870,0.622453,0.919326,0.427103,0.635284,0.603333,1.779774,1.795758,2.037322,2.306774,1.790151,2.563314,2.039777,1.699666,2.012523,2.502300
0.904130,0.626171,0.365842,0.614652,0.811079,0.714730,0.618602,0.157694,0.828046,0.434053,2.499093,2.553988,1.934689,2.868523,1.992488,2.242836,1.965807,2.365797,2.864572,2.320200
0.940406,0.584452,0.567874,0.246596,0.308685,0.252935,0.570789,0.169924,0.541091,0.448404,2.738595,1.385676,1.660124,2.466427,1.506691,1.772036,1.868478,1.769897,2.142233,2.051690
0.768164,0.966032,0.738702,0.159668,0.007113,0.270295,0.724359,0.738401,0.085464,0.419985,2.964989,1.052354,1.704780,2.250694,1.965221,2.585884,2.033747,2.040163,1.686003,2.270664
0.112904,0.043152,0.836779,0.317395,0.620089,0.739001,0.385671,0.084226,0.231900,0.857872,1.744790,2.124413,1.870340,1.933232,2.103397,1.466217,1.932696,2.059008,1.864956,2.098341
0.669380,0.134512,0.722826,0.521241,0.962075,0.016834,0.507067,0.864616,0.947758,0.693477,1.956920,2.233771,3.028819,1.807279,3.331521,1.780792,3.116589,2.393600,1.821453,2.880864
0.791107,0.577759,0.798621,0.568739,0.443865,0.621656,0.553438,0.135020,0.666835,0.558696,2.710670,2.007572,1.859457,2.435009,1.664375,2.067891,2.307092,1.949167,2.450310,2.487754
0.312610,0.939452,0.211381,0.535579,0.334461,0.179187,0.049903,0.222706,0.709339,0.530350,2.014684,1.627060,1.908109,1.112561,1.617362,2.367202,1.765067,2.200488,1.598237,1.451497
0.024913,0.650883,0.910412,0.241694,0.069226,0.711278,0.790621,0.782367,0.790313,0.323449,2.479749,1.487489,2.436249,2.296553,1.935878,2.142522,3.098048,1.689514,1.747627,3.113096
0.495857,0.879837,0.468060,0.073956,0.755624,0.903489,0.241623,0.664989,0.337742,0.090663,2.220835,2.498605,1.780698,2.179834,1.964309,1.813431,1.850887,2.451549,2.012168,1.499229
0.834234,0.939949,0.849098,0.903743,0.724647,0.406284,0.757174,0.649183,0.412890,0.516769,3.241499,2.608463,1.972332,2.502822,2.318729,3.307504,2.407448,2.603066,2.649392,2.548530
0.851401,0.302558,0.993824,0.453063,0.837089,0.731512,0.109295,0.449678,0.666455,0.433023,2.907410,2.433794,1.949861,2.261572,2.221796,1.492705,2.745070,2.084471,2.605340,2.392994
0.336909,0.600963,0.908815,0.487156,0.411569,0.471609,0.214189,0.636876,0.719749,0.637995,2.465148,1.753783,2.385047,1.474846,2.113321,1.750075,2.804016,2.030039,1.747813,2.412991
0.990878,0.287972,0.249716,0.407988,0.519754,0.181454,0.724558,0.188064,0.246722,0.462674,2.323213,1.692182,1.381133,2.730366,1.638450,1.956854,1.315731,1.657159,2.413796,1.801935
0.330765,0.583784,0.904645,0.886674,0.443442,0.815328,0.767178,0.041699,0.033435,0.041491,2.438354,2.771629,1.035246,2.468126,1.130429,2.674192,1.851890,1.780497,2.587621,2.585598
0.221895,0.962183,0.320566,0.319752,0.208058,0.969233,0.396007,0.146489,0.492366,0.779959,2.075871,2.220808,1.988302,2.346345,1.810424,2.367358,1.598272,2.479948,2.270090,1.618131
0.488392,0.868397,0.560871,0.998208,0.483091,0.648144,0.519326,0.076280,0.356571,0.155084,2.299468,2.751790,1.366119,2.055911,1.273645,2.922778,1.671591,2.105504,2.534793,1.879238
0.427938,0.301402,0.853380,0.455255,0.666561,0.488927,0.096853,0.871122,0.433963,0.416652,2.108029,1.990697,2.265148,1.414272,2.471662,1.492016,2.823276,1.818036,1.772674,1.906837
0.662297,0.540311,0.937904,0.455610,0.335910,0.369514,0.014280,0.300293,0.717666,0.385425,2.710484,1.593943,1.865098,1.441329,1.513504,1.613550,2.624410,1.710403,1.882659,2.263575
0.989438,0.364831,0.998876,0.808147,0.916867,0.730771,0.365427,0.688004,0.713189,0.438907,3.331231,2.960219,2.271090,2.868100,2.683016,1.990244,3.036610,2.290026,3.310820,2.725937
0.156507,0.120564,0.956246,0.886608,0.197218,0.002631,0.724474,0.662988,0.111963,0.847289,2.038805,1.983292,2.159783,1.728315,2.294512,2.413223,2.317788,1.767726,1.890449,2.640285
0.383035,0.747404,0.142958,0.375888,0.410166,0.442871,0.251470,0.047742,0.546063,0.281314,1.824039,1.638320,1.570605,1.503802,1.352598,1.856635,1.566609,1.937903,1.628219,1.434735
0.566206,0.289819,0.765537,0.587040,0.833990,0.353545,0.111391,0.323499,0.316518,0.057465,2.057385,2.222796,1.421360,1.417904,1.742189,1.623791,1.936419,1.985547,1.893553,1.729147
0.669654,0.160681,0.495678,0.913802,0.518601,0.022124,0.758932,0.464034,0.603355,0.051441,1.706675,2.353646,1.818818,2.059719,1.406245,2.493929,1.948971,1.429764,2.214588,2.224273
0.756793,0.434983,0.632568,0.922016,0.445770,0.690742,0.607684,0.537023,0.688115,0.859463,2.268567,2.625454,2.611373,2.518250,2.236436,2.373600,2.243132,2.268558,2.832582,2.333650
0.692018,0.727284,0.533714,0.870525,0.037398,0.245007,0.438956,0.422561,0.894123,0.892768,2.343535,1.809918,2.784249,1.830384,2.071378,2.447898,2.254425,2.440251,2.261953,2.438618
0.798487,0.199134,0.835137,0.903089,0.589166,0.982744,0.216402,0.671415,0.084172,0.776856,2.405687,3.353856,2.003806,2.691288,2.432163,1.957815,2.084297,2.015087,3.377975,1.914451
0.797494,0.177019,0.411671,0.258455,0.740870,0.461559,0.500082,0.084558,0.302123,0.794948,1.853696,1.905998,1.811635,2.220323,2.208753,1.514084,1.472201,2.228268,1.978696,1.697132
0.923262,0.696465,0.189654,0.522176,0.524856,0.896554,0.580889,0.466232,0.914680,0.771617,2.519435,2.518182,2.591468,3.171700,2.133573,2.197438,2.051995,2.431354,3.112986,2.382116
0.041240,0.030633,0.418462,0.412014,0.682832,0.959225,0.036195,0.657236,0.797148,0.416150,1.205813,2.735184,2.301176,1.956378,2.166486,1.413353,2.256157,1.568962,2.332197,1.717848
0.009576,0.080555,0.927423,0.200548,0.527843,0.308976,0.110887,0.558259,0.227263,0.991705,1.940669,1.597560,2.514237,1.206354,2.450425,1.213367,2.261358,2.334496,1.296015,1.982738
0.766511,0.542594,0.863685,0.025509,0.004201,0.383491,0.831456,0.201959,0.713087,0.582262,2.738902,1.061250,1.951277,2.428877,1.623049,1.876573,2.467276,1.740015,1.622930,2.940007
0.003631,0.741330,0.046887,0.690620,0.561519,0.594707,0.443883,0.186742,0.099656,0.494540,1.743528,2.248808,1.255478,1.797559,1.706461,2.295064,1.108367,2.177583,2.044296,1.447071
0.515757,0.896661,0.511702,0.199112,0.530454,0.285938,0.448634,0.721994,0.548844,0.918522,2.295694,1.593478,2.845062,1.667588,2.589058,2.121301,2.187041,2.952985,1.418066,1.875801
0.302088,0.331139,0.924478,0.774135,0.943608,0.984110,0.316129,0.239430,0.501202,0.972802,2.213366,3.495976,2.479135,2.312168,2.870313,1.910383,2.369587,3.142141,2.770175,2.296691
0.037608,0.846398,0.051739,0.594403,0.945126,0.575461,0.415881,0.662986,0.095567,0.292411,1.849128,2.489008,1.560120,1.747090,2.576207,2.373710,1.389660,2.764663,1.925611,1.419431
0.112143,0.905276,0.573522,0.959146,0.041953,0.280246,0.868810,0.546508,0.522674,0.742545,2.235613,1.983925,2.230763,1.948759,2.041289,3.455874,2.014827,2.316455,2.039095,2.340526
0.103030,0.028383,0.736323,0.299589,0.483180,0.075911,0.239256,0.652456,0.868205,0.432609,1.571648,1.573371,2.374867,1.246113,1.971112,1.356856,2.688127,1.342808,1.306445,2.435864
0.913865,0.794697,0.898137,0.903583,0.053677,0.295910,0.484348,0.488949,0.201703,0.714924,3.364561,1.896050,1.806183,2.335124,1.954150,2.640062,2.125247,2.162987,2.754358,2.299205
0.504494,0.313165,0.744881,0.661299,0.131221,0.014224,0.910110,0.908179,0.466599,0.749344,1.996413,1.568540,2.712157,2.038713,2.576393,2.520312,2.770503,1.751153,1.789903,2.566542
0.121656,0.283432,0.728835,0.439104,0.336993,0.976739,0.579888,0.465731,0.479326,0.249691,1.816433,2.461633,1.711797,2.535709,1.504866,1.798143,2.111545,1.412563,2.394924,2.221215
0.328943,0.354981,0.336751,0.182057,0.953782,0.079973,0.150818,0.581051,0.743901,0.186235,1.503975,1.987439,2.087981,1.192807,2.391512,1.249535,2.053478,2.271141,1.224045,1.675887
0.278087,0.667416,0.466302,0.353259,0.773866,0.930151,0.178809,0.389832,0.618679,0.816259,1.906358,2.703407,2.314503,2.065495,2.431672,1.682528,1.895359,2.810140,2.239945,1.633054
0.319583,0.697569,0.743692,0.366252,0.444691,0.446962,0.344817,0.992660,0.557343,0.567480,2.283287,1.668123,2.725464,1.577232,2.640792,1.824590,3.088562,2.078067,1.598667,2.071022
0.515897,0.181740,0.665020,0.814515,0.884457,0.836007,0.911894,0.787102,0.650114,0.212087,1.761297,3.132183,2.279184,2.748107,2.523496,2.652069,2.579999,1.973544,2.650728,2.628915
0.364235,0.211805,0.698779,0.534346,0.053868,0.695387,0.556249,0.955107,0.847006,0.499180,1.748419,1.675656,2.883621,2.088134,2.411565,1.853260,3.206573,1.339093,2.066230,2.652198
0.306059,0.011908,0.751090,0.795950,0.077695,0.563036,0.552728,0.600173,0.443435,0.837359,1.604713,1.889719,2.390775,1.898407,2.198036,2.101460,2.223758,1.605076,2.141628,2.204059
0.919540,0.055077,0.213450,0.501306,0.628257,0.049914,0.200543,0.510502,0.664017,0.577968,1.878159,1.879689,2.117697,1.980555,2.086557,1.541690,1.842621,1.642852,2.281318,1.538881
0.272156,0.754729,0.494537,0.546266,0.435227,0.270646,0.252871,0.034722,0.115942,0.430529,2.019453,1.753459,1.196948,1.346279,1.514177,2.040115,1.360550,2.023953,1.639674,1.498996
0.164191,0.241070,0.716447,0.010753,0.355695,0.834793,0.334615,0.900640,0.998660,0.214467,1.758793,1.937560,2.819677,2.035920,2.070621,1.136730,3.242512,1.377453,1.712058,2.843898
0.448961,0.549457,0.128398,0.897902,0.894746,0.187888,0.046364,0.460778,0.990245,0.298811,1.656438,2.707606,2.229241,1.172162,2.227434,2.065934,2.104561,2.376707,2.023699,2.033869
0.473343,0.134277,0.879823,0.172764,0.188039,0.269359,0.953078,0.369543,0.004038,0.281810,2.014419,1.237429,1.162981,2.131686,1.425021,2.083542,1.828592,1.192016,1.351372,2.727166
0.901227,0.228685,0.935589,0.597001,0.416012,0.397617,0.257308,0.986643,0.161357,0.701535,2.835997,1.835285,2.480083,2.147394,2.746997,1.675169,2.997144,1.747012,2.487087,2.136836
0.220768,0.580820,0.871327,0.187646,0.393047,0.049959,0.824510,0.860118,0.392293,0.328054,2.350791,1.428382,2.167402,1.837766,2.128578,2.063404,2.787823,1.770611,1.200902,2.644093
0.296761,0.305102,0.146868,0.881330,0.869458,0.441123,0.890043,0.342460,0.873569,0.679937,1.352807,2.732038,2.305193,2.110767,2.454489,2.701907,1.935303,2.375404,2.102055,2.578254
0.485572,0.809584,0.578982,0.863258,0.315205,0.213203,0.129608,0.197173,0.552308,0.595690,2.259292,2.070111,1.802564,1.289552,1.665884,2.410679,1.895193,2.120317,2.023202,1.633306
0.235741,0.622554,0.058973,0.487041,0.847305,0.519662,0.212285,0.136310,0.555157,0.423382,1.639133,2.224848,1.649629,1.495435,2.050265,1.773391,1.561167,2.416372,1.770190,1.386862
0.004665,0.438066,0.841016,0.732887,0.014185,0.041574,0.325210,0.454808,0.159588,0.166104,2.145374,1.551380,1.371022,1.326938,1.372958,1.922714,1.960974,1.442850,1.734615,2.036583
0.781198,0.583247,0.709843,0.484730,0.745097,0.772726,0.714831,0.462985,0.880779,0.067322,2.563867,2.441459,2.095438,2.788680,1.695331,2.194121,2.483899,2.138721,2.558579,2.901991
0.297857,0.102859,0.660538,0.806165,0.301763,0.384879,0.953313,0.949575,0.501519,0.941956,1.565594,2.008678,3.238990,2.127870,2.871127,2.716059,2.794053,2.029698,1.980723,2.515765
0.983354,0.304935,0.909831,0.486847,0.455459,0.540916,0.986466,0.122214,0.543050,0.360677,3.083617,1.850746,1.604906,3.229945,1.470095,2.488316,2.372667,1.559298,2.730326,2.974404
0.283358,0.231751,0.471150,0.663123,0.721360,0.967201,0.981313,0.147584,0.116975,0.691396,1.476485,3.065887,1.469262,2.939542,2.088544,2.638545,1.342172,2.082618,2.621352,2.204896
0.754131,0.842901,0.526661,0.190992,0.725245,0.054773,0.380130,0.546828,0.336365,0.181826,2.549159,1.761887,1.641397,1.812015,1.862311,1.934357,1.777250,2.374892,1.622877,1.695559
0.557275,0.914566,0.754873,0.197978,0.283165,0.205306,0.343675,0.357475,0.581132,0.254286,2.657464,1.331014,1.725363,1.558891,1.404779,2.081063,2.196646,2.011191,1.413194,2.109765
0.744297,0.071946,0.335599,0.381860,0.493722,0.651468,0.859627,0.282830,0.613656,0.972319,1.596898,1.916028,2.612884,2.696362,2.172662,2.121191,1.748907,2.234943,2.218595,2.203341
0.881581,0.967575,0.675913,0.380237,0.807267,0.172248,0.242152,0.998582,0.940406,0.599418,3.109584,1.956958,3.152943,1.956972,3.122663,2.344719,3.393016,2.834627,2.095057,2.530671
0.817488,0.222380,0.754275,0.981004,0.150028,0.346751,0.469716,0.838277,0.999914,0.317693,2.337627,2.154089,2.734688,2.136268,2.023779,2.212634,3.157909,1.276953,2.647557,3.038389
0.766609,0.221376,0.600014,0.882252,0.933244,0.091291,0.391328,0.208441,0.569205,0.434560,2.031921,2.712373,1.694716,1.850190,2.290810,2.046238,1.938278,2.174383,2.341114,1.935764
0.343135,0.818014,0.891003,0.093183,0.621426,0.751208,0.906393,0.732586,0.728438,0.212641,2.652301,2.054026,2.274735,2.511108,1.989299,2.462103,2.915490,2.213799,1.697898,3.086803
0.958103,0.646909,0.962130,0.719578,0.475089,0.790684,0.823540,0.845447,0.829567,0.664506,3.452105,2.487202,2.837773,3.328223,2.486520,2.668523,3.359571,2.166044,3.224260,3.320127
0.512910,0.359189,0.247627,0.467685,0.017684,0.634259,0.146084,0.670737,0.906622,0.369559,1.555443,1.491566,2.406983,1.683304,1.819453,1.535367,2.269698,1.409974,2.004905,1.952614
0.165294,0.727616,0.459576,0.642147,0.342388,0.968355,0.553645,0.158853,0.346284,0.487855,1.943342,2.662777,1.487629,2.495872,1.553227,2.333887,1.561502,1.960956,2.584374,1.806379
0.551418,0.340764,0.339752,0.657622,0.910943,0.131685,0.183833,0.675428,0.646155,0.802967,1.623860,2.345693,2.620077,1.368839,3.015086,1.730986,2.069719,2.688299,1.842627,1.569045
0.921732,0.666220,0.402107,0.185861,0.968246,0.544390,0.729200,0.463641,0.159442,0.440691,2.611003,2.164126,1.459990,2.808655,2.563385,2.013295,1.420797,2.689306,2.265316,1.894944
0.377310,0.269378,0.584078,0.276244,0.689988,0.691171,0.806905,0.887347,0.697268,0.154333,1.664240,2.096482,2.488329,2.338337,2.270210,1.946886,2.737099,1.749137,1.807675,2.487051
0.137988,0.197208,0.003683,0.192005,0.067425,0.777554,0.662092,0.116716,0.852525,0.164335,1.199849,1.574392,1.870585,2.269310,1.178264,1.638041,1.854128,1.206192,1.799222,2.281719
0.494250,0.892244,0.020113,0.763437,0.892790,0.573682,0.176099,0.711742,0.353290,0.857063,2.013385,2.664431,2.489427,1.625947,3.075259,2.504761,1.714247,3.318878,2.213285,1.220599
0.816881,0.631914,0.451865,0.591462,0.964347,0.874545,0.898667,0.678471,0.305153,0.793900,2.381196,2.983052,2.265854,3.208597,3.151033,2.651397,1.821650,3.062258,2.901392,2.131264
0.865863,0.324328,0.033892,0.043053,0.752385,0.660706,0.784242,0.901300,0.298503,0.259410,1.974629,2.042658,2.128301,2.869927,2.497663,1.692204,2.031815,1.907867,2.128738,1.811988
0.774301,0.447645,0.112951,0.178680,0.078294,0.683550,0.637340,0.220697,0.720351,0.380550,1.924628,1.429603,1.824168,2.568807,1.429737,1.674585,1.743858,1.508886,2.110147,2.023892
0.599050,0.954084,0.318873,0.488383,0.363644,0.983504,0.139742,0.286368,0.805435,0.388533,2.270740,2.553486,1.946093,2.321999,1.518626,2.376390,1.930599,2.144972,2.670639,1.763928
0.466951,0.205543,0.115041,0.565546,0.265225,0.340859,0.174849,0.579149,0.581328,0.553144,1.320594,1.624670,2.085986,1.392849,1.907215,1.604802,1.788817,1.445132,1.783547,1.384538
0.473140,0.078833,0.643525,0.122163,0.700109,0.455075,0.948156,0.919014,0.097465,0.062646,1.598875,1.809276,1.942298,2.261167,2.250392,2.021654,2.287777,1.569231,1.435174,2.363207
0.028944,0.647265,0.367663,0.530841,0.438539,0.839530,0.658790,0.143086,0.767964,0.567444,1.782465,2.312041,1.971150,2.363625,1.672255,2.236018,1.906069,2.022294,2.235676,2.246887
0.223854,0.294057,0.538298,0.400434,0.761258,0.226548,0.952542,0.964979,0.935405,0.310145,1.595040,1.933233,2.896422,2.015084,2.682489,2.333197,3.123743,1.903404,1.462975,3.060771
0.974477,0.861454,0.891875,0.529375,0.649326,0.738728,0.440660,0.712694,0.910790,0.847844,3.582264,2.332701,3.028186,2.911749,2.629547,2.362843,3.068231,2.892541,3.000464,2.991637
0.402601,0.501211,0.164450,0.818248,0.363544,0.750751,0.124911,0.149011,0.796047,0.288068,1.593512,2.456218,1.842156,1.753795,1.358320,1.959762,1.826400,1.657280,2.447132,1.656403
0.030313,0.639708,0.462453,0.883710,0.940437,0.558861,0.898324,0.067415,0.518644,0.268670,1.853599,2.895926,1.542582,2.210678,2.104956,2.952481,1.732813,2.543522,2.196063,2.251698
0.846560,0.887932,0.538643,0.741595,0.774041,0.900758,0.090796,0.048698,0.170738,0.776610,2.784768,3.054847,1.641501,2.508860,2.242740,2.449905,1.460990,2.955463,3.159659,1.385910
0.707224,0.322016,0.028168,0.649442,0.084582,0.961807,0.023731,0.458422,0.041412,0.793905,1.676539,2.396099,1.751949,2.302534,2.004661,1.683397,1.138543,1.829556,2.928245,1.024596
0.922432,0.669678,0.405528,0.642469,0.788428,0.922259,0.687674,0.511065,0.037695,0.422955,2.619010,2.985631,1.374545,3.323115,2.174243,2.415694,1.335632,2.366959,3.277909,1.852181
0.261304,0.268938,0.176627,0.284413,0.123757,0.237489,0.920622,0.012521,0.283078,0.089402,1.317977,1.218043,1.283950,1.994865,1.091454,2.151410,1.314277,1.284969,1.358656,1.974503
0.791648,0.867976,0.058591,0.974274,0.491784,0.145111,0.551930,0.385862,0.348576,0.233958,2.367540,2.444049,1.510272,2.069118,1.501786,2.932818,1.409460,2.122634,2.491462,1.597716
0.951607,0.568344,0.508817,0.756391,0.426515,0.809901,0.190153,0.972428,0.455177,0.738243,2.688973,2.529888,2.803137,2.707826,2.761448,1.976133,2.633615,2.152604,3.274065,1.543354
0.087755,0.349225,0.808949,0.232791,0.908535,0.211798,0.083725,0.219443,0.783430,0.203677,2.004300,1.972228,1.840034,1.129259,2.001770,1.282392,2.448396,2.183111,1.278325,2.218963
0.708893,0.571969,0.382337,0.677736,0.373449,0.459125,0.120431,0.215902,0.450672,0.977375,2.074390,1.929557,2.430934,1.687466,2.076071,1.879359,1.606918,2.645082,2.244771,1.358147
0.027286,0.013973,0.487344,0.486876,0.386995,0.607494,0.142371,0.245519,0.307519,0.506470,1.251497,1.848238,1.497715,1.511440,1.624708,1.507148,1.559823,1.293654,1.855945,1.408956
0.601999,0.866500,0.830192,0.156689,0.598917,0.526581,0.314522,0.504036,0.246199,0.630934,2.773884,1.769483,1.751412,1.809975,2.099818,1.906199,2.063469,2.476362,1.652143,2.018663
0.802251,0.263355,0.192915,0.777996,0.487572,0.654951,0.248722,0.397861,0.800587,0.339015,1.816905,2.373797,1.997844,2.194016,1.613218,1.858123,1.900782,1.540045,2.723290,1.799066
0.628360,0.064023,0.110706,0.203218,0.502224,0.471345,0.518052,0.695500,0.368070,0.010568,1.324378,1.648238,1.851790,1.988317,1.620963,1.471858,1.716752,1.316253,1.673483,1.580172
0.078944,0.168048,0.366186,0.261508,0.989583,0.931787,0.957883,0.956792,0.086080,0.006023,1.302632,2.866972,2.001531,2.826602,2.890547,2.183795,2.096069,2.147323,2.130227,2.092613
0.272192,0.101549,0.944508,0.988456,0.145299,0.177669,0.813457,0.581069,0.943649,0.034072,2.013811,2.127953,2.281330,1.865190,1.374781,2.651216,3.031938,1.122700,2.040189,3.545848
0.337860,0.835231,0.147941,0.101913,0.064001,0.103999,0.726297,0.569951,0.886345,0.289991,1.895684,1.075512,2.235575,1.775679,1.615097,2.212086,2.093376,1.863714,1.151295,2.444502
0.664445,0.606545,0.324313,0.279405,0.287601,0.037050,0.523058,0.413656,0.024852,0.313837,2.005067,1.365719,1.226874,1.817775,1.508737,1.776140,1.200812,1.720170,1.574121,1.628252
0.861273,0.954025,0.867251,0.504639,0.260656,0.408186,0.802181,0.498489,0.950505,0.753941,3.345033,1.583327,2.627557,2.607682,2.020142,3.016452,2.826499,2.450527,2.310140,3.413048
0.505465,0.161355,0.106671,0.405151,0.346096,0.064282,0.707207,0.118876,0.616988,0.249299,1.301878,1.510509,1.646613,1.840482,1.304887,1.909494,1.630046,1.296632,1.538427,1.953456
0.835264,0.756553,0.710533,0.605207,0.377238,0.347592,0.515846,0.175554,0.220889,0.093291,2.844145,1.785510,1.252520,2.219401,1.177795,2.304335,1.731157,1.899674,2.308763,2.031480
0.929951,0.394920,0.043655,0.255642,0.795627,0.618758,0.695724,0.051569,0.440536,0.934191,2.201056,2.097878,2.258477,2.882815,2.440500,1.801267,1.442579,2.843224,2.442733,1.783126
0.849670,0.193612,0.529630,0.744875,0.808736,0.485949,0.815384,0.020954,0.717362,0.655826,2.087530,2.478330,1.999877,2.664940,2.185222,2.416984,1.997879,2.129741,2.594431,2.465053
0.779615,0.548899,0.673498,0.597336,0.293853,0.959573,0.265723,0.979526,0.820037,0.781331,2.476348,2.534218,3.256494,2.660352,2.766177,1.833322,3.213465,2.112235,2.991964,2.270765
0.559778,0.469397,0.077260,0.764090,0.695517,0.988802,0.903395,0.233011,0.949442,0.620739,1.650773,3.246132,2.242917,3.056532,2.011484,2.683636,1.968062,2.192321,2.917227,2.765228
0.991196,0.594682,0.603388,0.124947,0.222886,0.478668,0.773535,0.098880,0.147970,0.184164,2.932580,1.348171,1.163994,2.976478,1.205014,1.933610,1.513014,1.650607,2.327890,2.140851
0.343056,0.151243,0.180172,0.286053,0.503762,0.003266,0.221386,0.572970,0.486127,0.441175,1.224078,1.585589,1.900290,1.261770,1.897312,1.338525,1.706692,1.490888,1.326437,1.368730
0.465025,0.459940,0.907074,0.487365,0.028945,0.685491,0.308442,0.181778,0.346815,0.698626,2.383284,1.588580,1.720842,1.878901,1.731693,1.679799,2.175605,1.801762,2.057824,2.172940
0.176403,0.912149,0.123199,0.328240,0.781673,0.102545,0.944926,0.710652,0.241246,0.017139,1.932816,1.890493,1.746278,1.960931,1.999777,2.980047,1.615322,2.523167,1.344245,1.974144
0.420848,0.937719,0.562804,0.624437,0.049792,0.819869,0.173742,0.498326,0.924991,0.695512,2.329004,1.990817,2.509764,1.920465,1.943964,2.479174,2.365487,2.276642,2.371160,2.281919
0.168352,0.726696,0.068070,0.903855,0.841027,0.144318,0.247074,0.952594,0.455582,0.346772,1.736101,2.660988,2.404718,1.272673,2.849090,2.348659,2.324634,2.475722,1.929454,1.346266
0.289839,0.299724,0.230852,0.378838,0.556759,0.101806,0.567109,0.063878,0.945610,0.628395,1.377366,1.701332,2.197831,1.601822,1.805059,1.727376,1.999164,1.857845,1.413551,2.465946
0.705621,0.733345,0.302702,0.578427,0.478328,0.906306,0.837850,0.731577,0.525155,0.484643,2.176303,2.557336,2.174192,3.010569,2.129289,2.674808,2.008327,2.075976,2.751146,2.074310
0.360659,0.726202,0.053696,0.445135,0.248269,0.097632,0.224670,0.371923,0.374404,0.772981,1.775998,1.447345,1.974587,1.281114,1.926610,1.878588,1.428734,2.249695,1.501580,1.280036
0.068241,0.534728,0.633700,0.167257,0.421355,0.189502,0.200956,0.615054,0.322765,0.137545,1.936622,1.456135,1.703658,1.237185,1.590643,1.360537,1.957010,1.714871,1.203485,1.636157
0.170526,0.932290,0.498533,0.343600,0.970744,0.081327,0.306913,0.840656,0.133573,0.638936,2.185784,2.089342,2.101114,1.318486,3.260412,2.248108,1.976202,3.135471,1.355173,1.557831
0.572733,0.839715,0.433884,0.585468,0.630097,0.459240,0.941996,0.795409,0.685131,0.208771,2.215840,2.069724,2.326905,2.340767,2.091608,3.064926,2.376622,2.245836,1.984239,2.451856
0.858147,0.888780,0.657285,0.007716,0.086546,0.766586,0.644920,0.670106,0.713748,0.705506,2.952756,1.537093,2.513948,2.864527,2.155196,2.125711,2.446678,2.247427,2.227323,2.440554
0.885441,0.280683,0.708924,0.182231,0.015679,0.774196,0.024404,0.663404,0.489490,0.219569,2.477446,1.512924,1.940181,2.317973,1.659678,1.204939,2.284031,1.291515,2.475800,1.644259
0.726355,0.204294,0.981187,0.828028,0.611380,0.398477,0.316851,0.161945,0.553008,0.449377,2.550241,2.360282,1.669982,1.858853,1.704129,1.936949,2.519984,1.668827,2.370030,2.448699
0.623919,0.306154,0.157657,0.974193,0.414205,0.957313,0.090364,0.523247,0.839090,0.021457,1.573887,3.240584,2.112888,2.249689,1.366308,2.011054,2.007204,1.477730,3.133517,1.706001
0.800933,0.637597,0.176431,0.678446,0.996654,0.748301,0.748166,0.494611,0.858828,0.142100,2.182519,2.875958,2.106337,2.821914,2.376735,2.497400,2.010957,2.633786,2.752194,2.412752
0.689150,0.829041,0.912231,0.879583,0.495007,0.300672,0.437107,0.605740,0.171340,0.048866,2.988502,2.295856,1.538378,1.854807,1.537080,2.640453,2.225765,2.074190,2.297284,2.274302
0.968648,0.416423,0.658637,0.171783,0.665745,0.427251,0.763177,0.434759,0.788686,0.323774,2.759088,1.773246,2.011643,2.854583,1.807858,1.826433,2.304665,1.893580,2.263190,2.687562
0.614108,0.086323,0.754081,0.322586,0.954645,0.963751,0.666738,0.708448,0.947188,0.893303,1.886559,2.953854,3.161935,2.827152,3.265214,1.767769,2.871395,2.710518,2.483000,3.085160
0.061674,0.628119,0.218393,0.750572,0.487302,0.024898,0.691885,0.137878,0.871627,0.400783,1.676049,2.050676,1.955014,1.692740,1.535510,2.477092,1.921944,1.929959,1.751427,2.401785
0.095772,0.491103,0.630193,0.160914,0.522710,0.147299,0.079830,0.078107,0.975990,0.393863,1.889124,1.551800,2.043190,1.102405,1.542782,1.285732,2.373609,1.825428,1.183489,2.406657
0.187653,0.378775,0.720847,0.986830,0.330702,0.633110,0.860305,0.029515,0.835897,0.996916,1.905004,2.558303,2.827544,2.267742,2.033954,2.781298,2.355543,2.478915,2.394266,2.963987
0.239796,0.034779,0.334484,0.322407,0.117668,0.554563,0.493447,0.001542,0.235838,0.526269,1.160447,1.392165,1.381596,1.814776,1.527901,1.565939,1.347718,1.194380,1.643737,1.618443
0.360085,0.323363,0.344250,0.995069,0.609520,0.788642,0.316432,0.884602,0.528089,0.166107,1.488560,3.090182,2.315192,1.985077,2.175073,2.129010,2.338816,1.699460,2.663713,1.582213
0.107248,0.189276,0.651353,0.202967,0.135146,0.664679,0.614339,0.282147,0.971488,0.411667,1.614771,1.469996,2.120860,2.057371,1.493742,1.587160,2.418210,1.277305,1.645999,2.955479
0.945765,0.560089,0.012290,0.249547,0.275707,0.463769,0.123107,0.325421,0.626578,0.136325,2.406201,1.437729,1.735010,2.184149,1.263182,1.440402,1.661190,1.638637,2.310590,1.369252
0.504411,0.912572,0.359011,0.186757,0.448201,0.972751,0.619106,0.174341,0.302791,0.259615,2.169798,2.403540,1.350684,2.693688,1.380046,2.330027,1.436980,2.130953,2.261339,1.775756
0.585208,0.343321,0.057711,0.629660,0.617006,0.082410,0.702915,0.146261,0.633382,0.619358,1.547067,2.014038,1.892363,1.910121,1.875643,2.164216,1.639842,1.961607,1.836867,1.960341
0.020616,0.118332,0.670553,0.964958,0.432309,0.570713,0.575120,0.603844,0.031883,0.296351,1.567982,2.549343,1.422538,1.900843,1.741773,2.297379,1.701703,1.331250,2.290681,2.024794
0.192002,0.814547,0.518956,0.842063,0.345577,0.015384,0.654582,0.962987,0.305999,0.000429,2.090940,2.054650,2.233344,1.661897,1.969043,2.810981,2.468336,1.933970,1.849378,1.952550
0.798772,0.596555,0.067807,0.327041,0.865373,0.617094,0.268537,0.125431,0.860822,0.318078,2.110798,2.207322,1.908736,2.158987,1.981864,1.611454,1.867393,2.377607,2.217492,1.911017
0.844169,0.917282,0.229722,0.091886,0.318234,0.078624,0.423943,0.565691,0.878714,0.690302,2.571626,1.327163,2.527661,2.031697,2.042536,2.043421,2.112511,2.347495,1.699640,2.155205
0.754639,0.286193,0.170612,0.146892,0.539069,0.063588,0.075045,0.350343,0.714026,0.820614,1.745053,1.560904,2.389373,1.508840,2.100005,1.175965,1.786136,2.129395,1.580687,1.468189
0.281261,0.178692,0.700663,0.536954,0.137158,0.187785,0.302469,0.842435,0.350959,0.808389,1.691870,1.432099,2.588933,1.359982,2.520666,1.634147,2.439762,1.725780,1.594467,1.836626
0.575903,0.684889,0.266379,0.210472,0.128791,0.496631,0.495946,0.900976,0.555602,0.563712,1.946853,1.295580,2.546492,1.933595,2.377606,1.777697,2.357934,1.880608,1.648120,1.738415
0.448942,0.792176,0.443252,0.581787,0.490671,0.818972,0.767658,0.183682,0.702559,0.576219,2.079132,2.378444,1.927619,2.528857,1.728091,2.668210,1.905229,2.224255,2.342986,2.310907
0.894722,0.937272,0.395551,0.362202,0.594236,0.073202,0.738616,0.364046,0.676405,0.083690,2.809981,1.725818,1.809520,2.460223,1.426053,2.731128,1.881112,2.290974,2.083809,2.204548
0.353309,0.365763,0.736947,0.790900,0.525530,0.737402,0.839514,0.441628,0.977553,0.864548,1.952956,2.552024,2.818789,2.427378,2.204725,2.544617,2.606777,2.288145,2.378764,3.316765
0.652814,0.615281,0.690960,0.699613,0.844731,0.732674,0.181259,0.155411,0.368498,0.069197,2.370914,2.727497,1.392982,1.996277,1.696124,1.965395,1.849678,2.329182,2.514631,1.708723
0.950274,0.271813,0.372835,0.764192,0.141762,0.640670,0.477992,0.824120,0.325544,0.701378,2.268937,1.988719,2.349748,2.746568,2.383401,2.012751,2.024272,1.636939,3.032767,1.651500
0.959734,0.033436,0.481062,0.349467,0.294774,0.216337,0.389159,0.039358,0.939632,0.162146,2.148858,1.427026,1.945444,2.319962,1.189308,1.500949,2.171113,1.124590,2.280270,2.450188
0.019923,0.846455,0.197509,0.589824,0.258673,0.655783,0.857239,0.204536,0.201456,0.235552,1.885473,1.888587,1.256360,2.287299,1.294695,2.931157,1.249022,1.926436,2.019884,1.904425
0.224881,0.764688,0.582395,0.549857,0.967289,0.300895,0.984809,0.701204,0.122650,0.252228,2.115244,2.296873,1.630384,2.086719,2.648955,2.966855,1.806607,2.716382,1.651767,2.325838
0.405030,0.851315,0.368117,0.698523,0.111373,0.406551,0.529781,0.437863,0.772868,0.639760,2.053270,1.666503,2.226441,1.761510,1.832865,2.596170,1.992326,2.125568,1.930252,2.126944
0.733292,0.512133,0.572418,0.219545,0.793858,0.069803,0.527687,0.979436,0.533005,0.253632,2.234100,1.842398,2.508615,1.926863,2.713224,1.632321,2.800236,2.158659,1.618722,2.006773
0.165746,0.836151,0.380690,0.194815,0.350474,0.733444,0.273555,0.850816,0.111396,0.420943,1.985629,1.782976,1.909872,1.816049,2.187880,1.854241,1.872216,2.033571,1.737309,1.419863
0.093044,0.652076,0.461942,0.733164,0.877704,0.861719,0.170268,0.104129,0.791216,0.579740,1.866272,3.055112,1.996909,1.913633,2.266735,2.039420,2.005735,2.617291,2.476530,1.878977
0.319352,0.938869,0.118214,0.614265,0.872883,0.845687,0.620379,0.002745,0.582884,0.562482,1.985413,2.855029,1.760853,2.368135,2.227562,2.826724,1.596859,2.878756,2.362021,1.832391
0.180268,0.495518,0.388755,0.137973,0.409477,0.504335,0.498875,0.763942,0.973307,0.443366,1.652507,1.556793,2.644069,1.759086,2.095632,1.508518,2.570281,1.750344,1.398185,2.572045
0.279443,0.093559,0.230170,0.239480,0.423857,0.340777,0.354427,0.229216,0.645867,0.219774,1.168359,1.520781,1.709022,1.492377,1.348462,1.365917,1.710888,1.283829,1.377430,1.676825
0.518763,0.620030,0.854184,0.374156,0.036052,0.755064,0.907819,0.742355,0.244575,0.971508,2.489267,1.606523,2.712601,2.617548,2.522645,2.436653,2.383310,2.538265,2.083885,2.652079
0.103687,0.092146,0.521343,0.788113,0.142109,0.069528,0.091639,0.418622,0.555284,0.315312,1.365059,1.763567,1.761878,1.097588,1.493427,1.797293,1.900444,1.143689,1.794062,1.534653
0.190833,0.480164,0.122788,0.156168,0.181482,0.088172,0.849255,0.179111,0.643790,0.223562,1.502191,1.206556,1.687044,1.863979,1.261620,1.988107,1.664613,1.524273,1.170892,2.131161
0.311180,0.258792,0.788464,0.071804,0.802469,0.929937,0.229855,0.295805,0.192940,0.478143,1.910600,2.611818,1.389754,2.124770,2.082399,1.141970,1.840498,2.012063,1.966719,1.858712
0.642485,0.561068,0.227339,0.428806,0.076184,0.254182,0.245253,0.731672,0.300744,0.533434,1.877960,1.276481,1.987877,1.575071,2.069220,1.665578,1.744122,1.718661,1.758625,1.324137
0.422292,0.761908,0.636295,0.375267,0.296893,0.074263,0.087601,0.615947,0.637279,0.319834,2.242087,1.438127,2.049387,1.168423,1.725394,1.825232,2.275835,1.882770,1.456089,1.751286
0.936874,0.301010,0.013733,0.166605,0.750558,0.720933,0.990219,0.605608,0.281536,0.492873,2.123523,2.153016,1.768028,3.332288,2.282452,2.174412,1.503838,1.984078,2.508674,2.012723
0.395430,0.276954,0.136052,0.610407,0.754317,0.647505,0.625191,0.954288,0.530157,0.113614,1.357295,2.398389,2.442290,2.106286,2.453483,2.022514,2.417705,1.847415,2.091501,1.792711
0.058470,0.559646,0.535784,0.976515,0.661436,0.054798,0.556242,0.624820,0.339202,0.628547,1.846910,2.615183,1.977924,1.559445,2.308324,2.461203,1.870196,2.245464,1.979718,1.882334
0.210142,0.879659,0.866501,0.211142,0.706666,0.979439,0.822848,0.930164,0.678702,0.629330,2.639763,2.690824,2.793157,2.791429,2.847429,2.568902,3.234308,2.628287,2.179723,2.886307
0.337702,0.964036,0.577504,0.009280,0.673922,0.012648,0.484859,0.911076,0.479476,0.853190,2.336059,1.674011,2.930601,1.523531,2.989326,2.140309,2.569235,3.039271,1.047952,1.928600
0.821297,0.960169,0.552066,0.653043,0.210592,0.769092,0.468648,0.154282,0.384437,0.089572,2.818934,2.091977,1.408959,2.614138,1.122715,2.757879,1.692886,2.005237,2.798533,1.830242
0.769639,0.276854,0.197171,0.563680,0.702217,0.526562,0.469623,0.779126,0.349219,0.625497,1.771621,2.165950,2.200979,2.202781,2.578803,1.805445,1.861053,2.014686,2.296838,1.551088
0.012825,0.608429,0.086330,0.193069,0.268897,0.558345,0.301570,0.727744,0.408812,0.502183,1.615884,1.480236,2.065068,1.613321,2.051238,1.509246,1.801686,1.807380,1.504821,1.377347
0.116651,0.830509,0.642970,0.329431,0.924784,0.250736,0.196618,0.340355,0.540017,0.958568,2.245506,2.049072,2.536641,1.261074,2.865308,1.940930,1.992854,3.566518,1.393887,1.767506
0.840933,0.737964,0.090301,0.421050,0.393355,0.703092,0.085398,0.802432,0.000374,0.081512,2.340801,1.918203,1.644812,2.174418,1.786271,1.830232,1.525211,1.893234,2.510071,1.093552
0.454743,0.591821,0.799958,0.537535,0.097903,0.739008,0.392402,0.802688,0.329219,0.637681,2.325791,1.790444,2.232832,2.032572,2.282927,1.898801,2.486331,1.860711,2.177705,2.068018
0.118169,0.239920,0.143816,0.610962,0.247845,0.799499,0.103593,0.368316,0.979927,0.462890,1.262253,2.132159,2.214766,1.744443,1.613771,1.635504,2.050575,1.400530,2.251811,2.065259
0.212802,0.136659,0.916881,0.376904,0.210476,0.469369,0.261140,0.834086,0.639089,0.669360,1.986966,1.455938,2.634692,1.491084,2.374385,1.447650,3.060033,1.480862,1.606848,2.362836
0.311196,0.012455,0.663792,0.292820,0.365131,0.905538,0.944788,0.539781,0.819697,0.717035,1.483212,2.193414,2.479715,2.794923,2.057077,2.185445,2.417589,1.514431,2.142955,2.936164
0.560234,0.946911,0.116960,0.852786,0.353150,0.169224,0.261550,0.762251,0.602572,0.401714,2.136426,2.085240,2.248425,1.466022,2.026784,2.770232,2.059139,2.136452,2.057259,1.494019
0.285827,0.477848,0.294852,0.895908,0.487304,0.824350,0.992975,0.312240,0.277194,0.172109,1.588137,2.850146,1.379787,2.695880,1.385320,2.991019,1.394574,1.720411,2.598813,2.101212
0.915581,0.332099,0.587105,0.981914,0.177384,0.642605,0.498245,0.445299,0.133259,0.047848,2.444312,2.406898,1.331660,2.678707,1.251721,2.266789,1.566251,1.363674,3.162376,1.845304
0.452943,0.190194,0.585930,0.678366,0.654880,0.298833,0.019560,0.986450,0.051448,0.181633,1.626432,2.141747,2.030523,1.201785,2.435573,1.685629,2.354660,1.625054,1.860591,1.363010
0.832657,0.809618,0.772864,0.692106,0.459341,0.645722,0.934373,0.720446,0.862024,0.363335,2.984233,2.207591,2.429032,2.928626,1.979297,3.095848,2.833286,2.068577,2.686359,3.172249
0.878050,0.042581,0.070023,0.736195,0.814848,0.978671,0.581263,0.026320,0.373716,0.536965,1.724435,3.294198,1.529233,3.216010,2.078699,2.074138,1.378638,1.861383,3.370942,1.638361
0.768885,0.680765,0.264129,0.814658,0.777971,0.425813,0.131420,0.041845,0.263843,0.439953,2.205082,2.518846,1.350751,1.767290,1.912564,2.147423,1.333680,2.371161,2.450528,1.219551
0.805691,0.530447,0.839267,0.147381,0.445404,0.512129,0.543363,0.296897,0.766901,0.286739,2.757821,1.601445,1.878624,2.328643,1.463248,1.591878,2.497442,1.752407,1.932661,2.698776
0.081113,0.354628,0.912296,0.821136,0.020421,0.905565,0.437148,0.308661,0.351257,0.999182,2.187446,2.437291,2.444076,2.257730,2.094462,2.056833,2.212948,2.352592,2.641717,2.312771
0.139931,0.381322,0.257649,0.265095,0.322334,0.491337,0.399458,0.962918,0.904630,0.313393,1.450445,1.511224,2.862621,1.643610,2.274094,1.480109,2.863841,1.516001,1.509248,2.206150
0.411568,0.379728,0.285590,0.039852,0.608382,0.071149,0.508916,0.552360,0.691161,0.478918,1.531004,1.610331,2.106109,1.583693,2.009200,1.353602,1.941249,1.859702,1.114629,1.920648
0.098642,0.266396,0.177679,0.202492,0.941280,0.254476,0.701222,0.256613,0.210866,0.713359,1.298925,1.998763,1.639731,1.766940,2.613191,1.713109,1.259334,2.515418,1.268211,1.742168
0.016496,0.413956,0.519034,0.681046,0.353683,0.632610,0.762702,0.121614,0.587362,0.681697,1.683357,2.070674,1.918944,2.162902,1.740730,2.333696,1.858557,1.855839,2.081246,2.234735
0.905769,0.389363,0.186390,0.962339,0.340111,0.320148,0.059820,0.848042,0.845931,0.874504,2.167212,2.299021,3.233889,1.905422,2.633021,2.024946,2.490562,2.173821,2.807941,1.699909
0.465080,0.136427,0.236880,0.011369,0.265451,0.886771,0.238697,0.594181,0.962769,0.424601,1.293136,1.962903,2.392370,2.125656,1.796357,1.070885,2.228658,1.283441,1.898328,2.187224
0.431498,0.441852,0.315019,0.238646,0.764635,0.142822,0.943351,0.624799,0.904763,0.071066,1.621430,1.824500,2.295496,2.044090,1.908497,2.214821,2.247906,2.026878,1.339385,2.783224
0.589160,0.077568,0.275495,0.838965,0.376996,0.773674,0.733124,0.064212,0.138844,0.237356,1.357968,2.543958,1.156339,2.536199,1.295059,2.376902,1.215006,1.233066,2.642040,1.811698
0.879700,0.299988,0.373017,0.753549,0.628425,0.944844,0.860534,0.308936,0.949777,0.776169,2.119905,3.039751,2.512812,3.434039,2.119786,2.521065,2.118404,2.162499,3.327054,2.856447
0.465254,0.775453,0.020664,0.456050,0.901554,0.324526,0.989510,0.400766,0.650735,0.004711,1.876589,2.143714,1.811349,2.195536,1.898108,2.901481,1.715531,2.588253,1.662076,2.265495
0.565713,0.466839,0.911830,0.337356,0.603760,0.726826,0.580255,0.693644,0.526641,0.686882,2.479319,2.101534,2.331859,2.289577,2.388111,1.775794,2.691817,2.155442,2.046678,2.557753
0.136737,0.003740,0.726635,0.778704,0.465800,0.085304,0.883791,0.138707,0.775279,0.767799,1.534294,2.072801,2.247148,1.893625,1.888103,2.559791,2.305946,1.673338,1.788537,2.877777
0.688446,0.527064,0.207511,0.294812,0.883521,0.850144,0.941913,0.257140,0.118282,0.508441,1.896420,2.584873,1.315841,2.990953,2.264247,2.328429,1.178345,2.439112,2.343853,1.986629
0.851220,0.103792,0.675852,0.684307,0.338257,0.681264,0.574233,0.394433,0.716406,0.644117,2.177341,2.122722,2.139218,2.655126,1.838397,2.015169,2.234545,1.485445,2.765201,2.398694
0.385502,0.367290,0.640164,0.693178,0.185742,0.866073,0.609457,0.098729,0.050243,0.986445,1.834390,2.315864,2.019874,2.416830,2.002600,2.114163,1.461016,2.361672,2.500551,2.019394
0.372213,0.239390,0.854189,0.827215,0.261998,0.505582,0.072013,0.095731,0.521642,0.103302,2.020596,2.075515,1.531909,1.379194,1.130451,1.846119,2.252158,1.309135,2.134395,1.943596
0.361744,0.692508,0.917777,0.964827,0.164851,0.381918,0.515261,0.019706,0.723084,0.725708,2.582161,2.151448,2.105668,1.708460,1.730576,2.562425,2.565407,2.101879,2.158026,2.735641
0.212810,0.092851,0.542511,0.632978,0.386402,0.893418,0.826553,0.260044,0.282481,0.119000,1.396807,2.500185,1.351789,2.634386,1.244315,2.316969,1.594385,1.243842,2.440811,2.143413
0.902266,0.627707,0.756512,0.077554,0.728541,0.916873,0.764440,0.968855,0.368303,0.340439,2.934536,2.505331,2.346440,3.339616,2.665809,1.909250,2.850058,2.197935,2.652730,2.386709
0.528082,0.619616,0.935606,0.671127,0.467968,0.344629,0.153907,0.475257,0.271297,0.657627,2.642241,1.959310,1.781572,1.419944,1.985978,1.932699,2.254002,2.123015,1.937163,2.049234
0.226506,0.822172,0.281017,0.110691,0.123935,0.092554,0.324221,0.746157,0.612459,0.537254,1.912763,1.136980,2.324282,1.344408,2.095907,1.771570,2.106852,1.992605,1.130878,1.632928
0.200687,0.461361,0.764053,0.530521,0.379646,0.961916,0.287538,0.310867,0.875021,0.810808,2.053221,2.551144,2.504692,2.220904,1.962165,1.711402,2.488840,2.138524,2.463887,2.541286
0.010985,0.383787,0.968878,0.983315,0.756286,0.150753,0.366779,0.200695,0.108706,0.383967,2.322514,2.726621,1.205593,1.389506,1.856818,2.174371,2.055515,2.012365,2.006043,2.306789
0.415724,0.128618,0.473619,0.604989,0.698938,0.016641,0.867759,0.200922,0.298228,0.947616,1.424780,2.064954,2.189535,1.939884,2.329427,2.360124,1.530654,2.468069,1.677114,2.118599
0.943037,0.964314,0.513373,0.734759,0.672977,0.534830,0.070845,0.212779,0.097527,0.198824,3.066526,2.365832,1.150662,2.195548,1.548888,2.636496,1.370712,2.425071,2.859462,1.335325
0.216898,0.648098,0.729994,0.334397,0.889030,0.182289,0.540203,0.368421,0.716476,0.355789,2.191194,2.006909,1.897248,1.583636,2.194191,1.898438,2.299375,2.483511,1.377830,2.440889
0.464289,0.515978,0.429694,0.960236,0.311043,0.828529,0.155393,0.911050,0.423838,0.412067,1.800699,2.801847,2.323819,1.941937,2.272172,2.121753,2.364657,1.682694,2.746780,1.416168
0.830603,0.925330,0.845636,0.920507,0.526963,0.566306,0.583330,0.772020,0.867556,0.788185,3.213464,2.555911,2.953220,2.477066,2.530533,3.053082,3.042792,2.692670,2.814243,2.951399
0.807834,0.050007,0.913456,0.927415,0.439519,0.025398,0.262108,0.290882,0.435461,0.944483,2.411599,2.299634,2.362597,1.789942,2.114000,1.996240,2.294475,2.085707,2.455250,2.179085
0.444400,0.387017,0.678529,0.383196,0.645860,0.353906,0.056975,0.494907,0.025310,0.390986,1.935183,1.837026,1.330013,1.269990,1.905330,1.444410,1.606931,1.863921,1.596211,1.517393
0.300222,0.538528,0.884493,0.376894,0.381939,0.931464,0.943285,0.901280,0.419082,0.628990,2.347917,2.332149,2.480235,2.837970,2.497013,2.422861,2.933527,1.933252,2.271578,2.799217
0.983330,0.449714,0.917866,0.268697,0.215700,0.858143,0.299779,0.233168,0.037470,0.809137,3.243009,1.919843,1.621582,2.987007,1.873540,1.449516,1.892624,2.025984,2.955924,2.142309
0.843702,0.406759,0.894614,0.457040,0.124076,0.981340,0.341865,0.354249,0.875018,0.342112,2.807668,2.278019,2.040552,2.905468,1.469515,1.641211,2.719807,1.462195,3.020644,2.812162
0.114125,0.796904,0.465193,0.273152,0.097791,0.160220,0.097538,0.777521,0.918541,0.734799,2.014796,1.176516,2.919820,1.124695,2.340273,1.788745,2.604988,2.203207,1.300308,2.088933
0.257484,0.884385,0.341501,0.559874,0.593015,0.399386,0.083251,0.491972,0.733304,0.266526,2.018078,1.970180,1.994273,1.259831,1.717107,2.258514,1.969002,2.254985,1.736454,1.594196
0.966108,0.548198,0.336872,0.623278,0.694509,0.990746,0.466137,0.455750,0.935847,0.100319,2.563413,3.055478,2.144564,3.349446,1.643019,2.005307,2.143993,2.031551,3.506587,2.399243
0.362785,0.323357,0.033114,0.057968,0.516948,0.110662,0.040833,0.455933,0.938115,0.020985,1.372201,1.521664,2.145999,1.100827,1.367006,1.093446,2.033988,1.590602,1.117962,1.867527
0.796497,0.752144,0.425445,0.597542,0.522273,0.440234,0.350400,0.086689,0.104987,0.844609,2.438451,1.964649,1.715015,2.049510,1.994583,2.145826,1.286642,2.627426,2.296651,1.532561
0.401723,0.345762,0.000984,0.233631,0.325189,0.966223,0.878853,0.397630,0.861607,0.597624,1.410594,2.281825,2.233160,2.877270,1.790121,2.047349,1.924477,1.664954,2.232047,2.518482
0.013133,0.381128,0.213529,0.476136,0.138368,0.002531,0.618645,0.738815,0.921428,0.746528,1.426725,1.365073,2.883319,1.618653,2.295024,1.914219,2.370302,1.816317,1.476144,2.446559
0.668363,0.028902,0.642142,0.507022,0.000957,0.886056,0.985726,0.959426,0.212958,0.326107,1.739811,1.953666,2.168135,3.069383,2.246605,2.478701,2.508452,1.063583,2.590680,2.407729
0.908145,0.123670,0.597558,0.214764,0.988381,0.411314,0.761707,0.798105,0.849039,0.192798,2.229717,2.104090,2.493177,2.679859,2.795316,1.796854,2.714484,2.107733,2.132915,2.730826
0.938296,0.023542,0.396410,0.342179,0.603471,0.764609,0.560753,0.434639,0.308962,0.691694,2.006759,2.167569,1.828808,2.971456,2.100376,1.656636,1.548211,1.718654,2.752882,1.747387
0.936264,0.029091,0.212978,0.191992,0.764283,0.985936,0.115801,0.923574,0.946146,0.640761,1.895171,2.759544,3.062216,2.908592,2.940190,1.205427,2.779306,1.876299,2.984784,2.008144
0.052190,0.057050,0.212584,0.498300,0.531144,0.398533,0.449116,0.138926,0.681882,0.669864,1.102384,1.842745,2.001762,1.608087,1.839008,1.700191,1.729755,1.639743,1.657271,1.811358
0.591663,0.983744,0.329877,0.559092,0.406544,0.548465,0.897104,0.651993,0.980375,0.172563,2.299684,1.884114,2.410608,2.405040,1.664850,3.315908,2.366353,2.154161,2.067027,2.948195
0.584880,0.459696,0.655210,0.073037,0.753635,0.920722,0.657671,0.702756,0.742865,0.585973,2.089074,2.539491,2.437934,2.705478,2.507878,1.602712,2.519233,2.228864,2.120844,2.496921
0.677436,0.119627,0.945187,0.197926,0.289561,0.200561,0.600472,0.507214,0.275130,0.201780,2.323894,1.336803,1.540612,1.951585,1.483325,1.560205,2.298998,1.211688,1.549039,2.514677
0.634105,0.967210,0.734672,0.722392,0.346860,0.565462,0.485373,0.291002,0.679045,0.121812,2.761920,2.049514,1.765534,2.060087,1.248225,2.862799,2.243431,2.089329,2.297106,2.338226
0.049813,0.350716,0.790540,0.975154,0.922657,0.310187,0.047700,0.100998,0.853948,0.032783,1.975792,2.903426,1.864184,1.144040,1.828437,2.020568,2.479931,2.202047,2.071493,2.295376
0.838191,0.422776,0.423753,0.785355,0.466708,0.875387,0.187803,0.630036,0.065279,0.401493,2.191225,2.754302,1.526943,2.542989,1.900094,1.896192,1.494935,1.705311,3.140541,1.367648
0.923427,0.186064,0.896393,0.010943,0.228547,0.569695,0.670460,0.370244,0.013904,0.969568,2.777007,1.413563,2.062437,2.782434,2.118586,1.466901,1.868178,2.149751,2.122918,2.473982
0.833815,0.681145,0.556255,0.114663,0.621044,0.365688,0.398307,0.741557,0.354124,0.499213,2.570273,1.683094,2.028442,2.111742,2.288654,1.589335,2.071331,2.191252,1.828099,1.752135
0.661189,0.749806,0.664204,0.671427,0.664023,0.921036,0.563625,0.285047,0.836846,0.067558,2.480025,2.896160,1.918406,2.700985,1.441595,2.410648,2.301173,2.191041,2.808788,2.590844
0.584154,0.411357,0.071397,0.110640,0.125964,0.160998,0.710107,0.623876,0.577063,0.107574,1.615789,1.142378,1.967529,1.935361,1.498794,1.684500,1.824986,1.428469,1.335895,1.907367
0.803631,0.760086,0.408348,0.759675,0.372049,0.399497,0.227311,0.397252,0.140289,0.180154,2.445838,2.012914,1.303945,1.905912,1.389462,2.250471,1.369727,1.904354,2.438276,1.396820
0.520290,0.481877,0.028749,0.643507,0.157829,0.970409,0.504251,0.619149,0.904317,0.716885,1.623547,2.485758,2.656087,2.586788,2.104162,2.009671,2.142491,1.875211,2.726044,2.244618
0.604723,0.422814,0.695054,0.872980,0.418777,0.609238,0.418768,0.311453,0.249097,0.463102,2.127055,2.407002,1.445418,2.011080,1.633548,2.123934,1.762408,1.697507,2.465292,1.917324
0.908049,0.059460,0.955825,0.965472,0.653909,0.979976,0.587001,0.836044,0.643344,0.115159,2.721797,3.527166,2.343840,3.296089,2.093738,2.310252,3.141313,1.488584,3.674559,2.766876
0.754113,0.150179,0.675591,0.648961,0.346635,0.333550,0.301838,0.207451,0.152145,0.889349,2.035457,1.804895,1.898605,1.841949,1.974035,1.743455,1.617496,1.973758,2.189072,1.761783
0.167920,0.050981,0.892721,0.428626,0.985896,0.095866,0.127842,0.208032,0.155142,0.503643,1.852667,2.170497,1.326171,1.141767,2.505203,1.445102,1.961096,2.150724,1.442551,1.928528
0.547979,0.485060,0.469320,0.885252,0.941561,0.542622,0.686825,0.695774,0.071531,0.822746,1.869869,2.885002,2.112559,2.145812,3.141576,2.471108,1.628617,2.928523,2.344239,1.907452
0.073156,0.846072,0.019864,0.211264,0.576816,0.899883,0.023072,0.003974,0.050455,0.674478,1.846858,2.350163,1.357305,1.833252,1.866410,1.817447,1.050849,2.485623,2.021444,1.023595
0.281230,0.847063,0.388492,0.191709,0.554978,0.444067,0.184104,0.328223,0.012641,0.765766,2.020232,1.679298,1.569416,1.403542,2.044430,1.833385,1.198927,2.604108,1.411147,1.335032
0.515426,0.471125,0.802170,0.493779,0.381554,0.476733,0.445394,0.662973,0.144121,0.774041,2.251531,1.733721,2.047412,1.809599,2.269122,1.796725,2.078995,2.080466,1.857983,2.091864
0.054323,0.329874,0.771622,0.705859,0.309476,0.651480,0.776543,0.901199,0.605457,0.332668,1.925436,2.084218,2.454431,2.201129,2.174467,2.344774,2.932774,1.462465,2.130445,2.593891
0.389758,0.184570,0.174244,0.440934,0.056067,0.556441,0.912233,0.804465,0.272019,0.644280,1.274140,1.422778,2.186622,2.281068,2.291621,2.279390,1.823002,1.455153,1.809769,1.962722
0.813075,0.242340,0.113685,0.641342,0.848120,0.757814,0.309957,0.016531,0.962832,0.807579,1.792781,2.694638,2.489795,2.421754,2.417911,1.751647,1.975761,2.488337,2.753140,2.215471
0.558714,0.580992,0.132374,0.969249,0.236457,0.580715,0.103991,0.279607,0.690325,0.750570,1.772923,2.371734,2.191342,1.615630,1.841971,2.176178,1.729707,2.059741,2.480888,1.450487
0.807717,0.230490,0.502016,0.753581,0.979255,0.509042,0.373905,0.119013,0.296833,0.332035,2.009470,2.679045,1.347603,2.159988,2.285246,1.905631,1.550539,2.226036,2.539664,1.652079
0.453328,0.206093,0.237670,0.842073,0.366930,0.524121,0.324719,0.362779,0.874375,0.185042,1.355742,2.219994,2.012319,1.692584,1.366053,1.956269,1.978607,1.347066,2.209937,2.049694
0.030030,0.044826,0.280278,0.920677,0.616004,0.762909,0.848558,0.398648,0.909851,0.423124,1.123409,2.907685,2.144524,2.430615,1.815793,2.640817,2.051759,1.500040,2.502734,2.680314
0.449736,0.043990,0.237409,0.349945,0.929436,0.199632,0.974750,0.027211,0.328572,0.414447,1.191318,2.059853,1.400500,2.105568,2.218082,2.300168,1.384955,1.979029,1.480763,2.066586
0.266657,0.793581,0.865208,0.908123,0.224028,0.169918,0.062568,0.458992,0.859379,0.503495,2.561127,2.053622,2.197692,1.110401,1.725412,2.411813,2.704662,1.971409,1.955956,2.445833
0.039265,0.633160,0.161224,0.310941,0.377245,0.254883,0.017117,0.722014,0.738611,0.373853,1.659213,1.490489,2.312167,1.082142,1.948844,1.565062,2.140993,1.827726,1.375967,1.446057
0.459694,0.644192,0.477874,0.323556,0.525405,0.626614,0.883005,0.433628,0.902280,0.897220,1.969697,1.876131,2.812578,2.372793,2.230291,2.370583,2.212180,2.642506,1.813343,2.845922
0.516164,0.041746,0.606890,0.308331,0.096542,0.133336,0.239856,0.486894,0.677283,0.061372,1.547580,1.193981,1.914580,1.395153,1.299338,1.365935,2.161025,1.051297,1.463629,1.918850
0.422153,0.610457,0.356157,0.671174,0.882738,0.383115,0.119742,0.605324,0.543998,0.999135,1.812538,2.389445,2.907821,1.341752,3.053405,1.913004,1.892646,3.387091,1.893184,1.407576
0.816721,0.272215,0.685987,0.216801,0.653834,0.036289,0.743223,0.569054,0.081869,0.446546,2.287575,1.700885,1.494735,2.289320,2.049882,1.789352,1.736720,1.788757,1.762899,2.214350
0.474752,0.379989,0.967510,0.402383,0.976670,0.853863,0.675399,0.208632,0.289666,0.732790,2.423070,2.761118,1.726688,2.511484,2.707948,1.913414,2.234824,2.727368,2.238469,2.635780
0.587052,0.735762,0.152028,0.133725,0.280161,0.902677,0.997050,0.046035,0.887100,0.175034,1.961190,2.033568,1.894581,3.014192,1.199143,2.526135,1.910310,1.819615,2.150867,2.718262
0.850237,0.802701,0.419389,0.281567,0.024491,0.424747,0.146847,0.279763,0.488801,0.598370,2.593226,1.180400,1.781314,1.941895,1.676653,1.820334,1.686585,2.017545,2.076616,1.439522
0.631219,0.436877,0.993857,0.571856,0.734090,0.218911,0.237210,0.967021,0.563931,0.215986,2.676130,2.071600,2.509136,1.536633,2.546708,1.711508,3.455972,1.985842,1.871279,2.404303
0.819307,0.454560,0.723744,0.993468,0.531125,0.538608,0.827365,0.797712,0.787988,0.845297,2.528336,2.674354,3.028320,2.667435,2.631469,2.771924,2.819413,2.340641,2.833539,2.840450
0.718108,0.773205,0.682347,0.302003,0.914821,0.326100,0.775577,0.738289,0.742284,0.212293,2.609116,2.040705,2.296923,2.252231,2.522976,2.365779,2.610302,2.619671,1.778657,2.650163
0.415377,0.748351,0.264872,0.030243,0.607939,0.385904,0.234086,0.431008,0.156005,0.896409,1.890177,1.666323,2.062081,1.454676,2.306865,1.504137,1.306230,2.838249,1.250833,1.308040
0.768250,0.094723,0.685241,0.871577,0.984601,0.289607,0.406909,0.005411,0.817930,0.680554,2.017707,2.768538,2.133161,1.944209,2.635094,2.038002,2.287485,2.379363,2.408878,2.423667
0.018097,0.395110,0.994905,0.795575,0.486345,0.293696,0.255430,0.611674,0.593320,0.409627,2.384951,2.144618,2.036197,1.341694,1.898807,1.922501,2.812010,1.700374,1.881838,2.454131
0.978169,0.306796,0.572867,0.889068,0.673991,0.363934,0.710422,0.426185,0.164844,0.218623,2.570897,2.512635,1.356927,2.778795,1.706427,2.422645,1.570430,1.771509,2.957441,2.043078
0.654068,0.619818,0.175454,0.929929,0.709750,0.642220,0.612806,0.367432,0.994704,0.976499,1.930416,2.839400,3.060850,2.305066,2.469038,2.543578,2.075094,3.054703,2.622189,2.627786
0.632427,0.249299,0.102903,0.097490,0.782245,0.667887,0.510230,0.166853,0.213630,0.798711,1.512835,2.089675,1.751000,2.209251,2.305212,1.373319,1.228865,2.370734,1.796511,1.530569
0.787806,0.966982,0.028570,0.195139,0.442042,0.792799,0.226702,0.483325,0.552882,0.544282,2.456741,1.978419,1.947725,2.344175,1.864261,2.150713,1.666604,2.323623,2.312613,1.396522
0.813406,0.122851,0.731306,0.590950,0.061303,0.004761,0.805351,0.433151,0.514543,0.122180,2.195834,1.410526,1.703986,2.343548,1.310030,2.241395,2.130619,1.128433,2.129147,2.476387
0.962632,0.209653,0.633104,0.429231,0.188390,0.275377,0.330093,0.990611,0.880423,0.758377,2.502506,1.393512,3.297901,2.297958,2.746372,1.547408,3.253339,1.681312,2.397097,2.413367
0.917604,0.597504,0.408176,0.814517,0.991932,0.994030,0.875364,0.649964,0.596451,0.674346,2.536732,3.637567,2.325559,3.636080,3.072790,2.794095,2.037639,2.888087,3.575233,2.254162
0.837892,0.748300,0.331882,0.406172,0.687982,0.429550,0.096671,0.980816,0.008920,0.600365,2.446698,1.932215,2.187315,1.869436,2.888000,1.834529,2.062611,2.438013,2.178937,1.206817
0.785582,0.234502,0.491868,0.190058,0.881322,0.514438,0.762836,0.601104,0.563997,0.488446,1.961250,2.053589,2.041856,2.512296,2.534319,1.784872,2.023125,2.127763,1.939519,2.184173
0.883714,0.347616,0.792992,0.665227,0.293864,0.082095,0.653415,0.956945,0.503214,0.293598,2.666588,1.736943,2.444267,2.350291,2.234719,2.134183,3.008368,1.459280,2.362102,2.409678
0.412515,0.019461,0.406591,0.447506,0.374648,0.656490,0.102079,0.780344,0.493379,0.372530,1.254974,1.857844,2.154016,1.603256,2.034053,1.457934,2.133876,1.211521,1.948683,1.387495
0.835049,0.524865,0.680499,0.233470,0.571737,0.580770,0.666979,0.634296,0.790343,0.178348,2.570231,1.822135,2.198347,2.586559,1.767571,1.822924,2.508619,1.857422,2.153050,2.623739
0.632966,0.313917,0.198609,0.150539,0.586055,0.056249,0.353380,0.507204,0.196617,0.404578,1.606957,1.608895,1.520096,1.610139,1.863121,1.306351,1.366544,1.723600,1.407297,1.400427
0.708418,0.373841,0.996726,0.212747,0.513122,0.505066,0.125588,0.517260,0.392598,0.387807,2.722829,1.687222,1.718480,1.736205,1.790467,1.280766,2.524459,1.695459,1.823363,2.179564
0.180895,0.347539,0.980699,0.369463,0.933484,0.021683,0.154322,0.191010,0.244682,0.210738,2.315230,2.069997,1.290526,1.160712,2.060653,1.435256,2.213422,2.228290,1.375853,2.130742
0.310912,0.706602,0.206875,0.104180,0.860369,0.499637,0.734670,0.334631,0.571101,0.014723,1.779454,1.995951,1.683082,2.014362,1.763576,1.996716,1.651370,2.446840,1.383872,1.963735
0.347080,0.154865,0.958325,0.816022,0.770283,0.028370,0.071128,0.819795,0.509896,0.782298,2.115062,2.436198,2.660719,1.113743,2.911399,1.824795,2.979238,2.226959,1.858638,2.122084
0.992777,0.357158,0.882997,0.690799,0.448457,0.824732,0.916198,0.512967,0.148935,0.881726,3.115328,2.486630,2.097560,3.574867,2.235052,2.575777,2.063599,2.243761,3.349468,2.699185
0.909911,0.770533,0.844036,0.128042,0.217980,0.295583,0.303486,0.313858,0.644642,0.511956,3.236280,1.260199,1.877332,2.144205,1.620820,1.677627,2.387957,1.952231,1.968761,2.283773
0.075984,0.280153,0.362610,0.123933,0.064050,0.622791,0.728654,0.790546,0.804660,0.589694,1.412078,1.320970,2.634684,2.116961,2.214921,1.676857,2.430209,1.489316,1.512239,2.381140
0.864015,0.706726,0.593832,0.244826,0.223270,0.098198,0.593939,0.554532,0.968050,0.072851,2.704367,1.284157,2.275942,2.248587,1.391486,1.950571,2.491208,1.756962,1.899474,2.853756
0.523763,0.866480,0.569711,0.710045,0.920312,0.222195,0.990728,0.517303,0.808227,0.184034,2.334733,2.435445,2.082062,2.183782,2.231116,3.342129,2.271229,2.719686,1.903099,2.843257
0.522434,0.319251,0.070803,0.823574,0.824171,0.383547,0.652673,0.011167,0.164553,0.755228,1.466856,2.558868,1.595437,1.942373,2.315178,2.282095,1.169568,2.429268,2.113274,1.662142
0.702457,0.528919,0.859009,0.006766,0.483781,0.988173,0.177002,0.228800,0.721733,0.498258,2.613440,2.448764,1.897780,2.500113,1.663834,1.186064,2.471606,1.886661,2.329877,2.290847
0.846773,0.108445,0.907189,0.534308,0.226568,0.036015,0.457065,0.427876,0.925822,0.293625,2.538593,1.512099,2.134215,2.065519,1.488333,1.744491,2.827148,1.185093,2.142761,3.073622
0.611426,0.649409,0.282932,0.693472,0.185105,0.495540,0.943105,0.361649,0.465894,0.475408,1.958036,1.787693,1.704132,2.417241,1.612540,2.856796,1.593245,1.791121,2.167608,2.124282
0.188303,0.557386,0.233128,0.471878,0.794048,0.169147,0.240624,0.939374,0.774974,0.162598,1.618411,2.021556,2.661696,1.275912,2.545677,1.702946,2.658248,2.192196,1.507166,1.760410
0.004674,0.422697,0.992171,0.965875,0.950780,0.734334,0.874850,0.363936,0.377210,0.412702,2.407101,3.279681,1.579952,2.414096,2.404639,2.806762,2.409817,2.396972,2.505121,2.912926
0.204100,0.023241,0.604054,0.464527,0.433707,0.381027,0.529915,0.036990,0.781851,0.962866,1.396625,1.704811,2.675903,1.683599,2.045816,1.745350,2.146783,2.104027,1.618211,2.372735
0.681549,0.207879,0.811361,0.695110,0.994000,0.520002,0.290272,0.482347,0.950491,0.301054,2.182771,2.617787,2.210435,1.877260,2.515820,1.788351,2.721020,2.223200,2.282097,2.807284
0.955196,0.241509,0.896281,0.109135,0.013133,0.020600,0.861559,0.257134,0.119063,0.381206,2.916347,1.025052,1.240576,2.733503,1.447326,1.865506,1.939383,1.297078,1.981079,2.666566
0.922213,0.918417,0.278479,0.842425,0.110187,0.135115,0.299834,0.590347,0.472917,0.017593,2.780287,1.822334,1.821432,2.102410,1.367440,2.707000,1.756209,1.930563,2.645001,1.483153
0.105148,0.363031,0.826518,0.297477,0.483934,0.094680,0.085965,0.805882,0.676528,0.692108,2.047325,1.573276,2.657503,1.096092,2.454888,1.352712,2.883036,1.928752,1.307604,2.078737
0.373991,0.515203,0.296420,0.125747,0.373761,0.685536,0.897265,0.452258,0.204907,0.539797,1.655378,1.711747,1.566731,2.419534,1.796548,2.067583,1.385276,1.812186,1.648016,1.993733
0.110115,0.809542,0.124186,0.722866,0.938594,0.344941,0.862732,0.128884,0.181239,0.058934,1.826300,2.502172,1.198055,1.983051,1.902408,2.997713,1.198802,2.690706,1.843186,1.884108
0.203515,0.725131,0.346888,0.049162,0.169240,0.402402,0.880595,0.379402,0.532684,0.469997,1.853892,1.236817,1.780451,2.050951,1.618790,2.205894,1.707629,1.857594,1.219519,2.152077
0.974116,0.832838,0.513369,0.746535,0.073800,0.190943,0.702896,0.421416,0.735517,0.942777,3.020725,1.638075,2.751075,2.663694,2.120770,2.818269,2.073904,2.676251,2.707333,2.364347
0.987110,0.879111,0.465308,0.261728,0.074784,0.648625,0.893146,0.070053,0.047069,0.228983,3.057450,1.416172,1.063983,3.275688,1.234308,2.738848,1.263925,1.896710,2.644270,2.109763
0.704589,0.693138,0.314326,0.878615,0.936737,0.396247,0.475641,0.250352,0.401768,0.612759,2.141729,2.770916,1.694519,1.982443,2.497401,2.437860,1.516260,2.800690,2.385417,1.639294
0.083929,0.334708,0.901372,0.072123,0.017392,0.387801,0.966476,0.055349,0.991159,0.022558,2.147770,1.080915,1.994234,2.117457,1.025627,2.043696,2.803799,1.335022,1.223104,3.752657
0.433524,0.671359,0.048316,0.317070,0.770629,0.206013,0.818105,0.651225,0.034987,0.609125,1.755171,1.879907,1.685086,1.942024,2.490872,2.288963,1.313502,2.491233,1.440990,1.820482
0.267675,0.003426,0.790463,0.968498,0.566050,0.576203,0.907847,0.952055,0.061148,0.919284,1.647437,2.695343,2.744426,2.259036,3.007061,2.792683,2.548930,2.100709,2.319687,2.532907
0.872500,0.899341,0.886709,0.006605,0.776625,0.360558,0.462550,0.802881,0.961159,0.407327,3.349789,1.823542,2.673359,2.256747,2.520364,1.947956,3.264964,2.570069,1.800802,3.136748
0.541161,0.081164,0.128255,0.482532,0.159693,0.205553,0.188045,0.942491,0.382054,0.318163,1.256096,1.401215,2.302551,1.388779,2.210526,1.518427,2.235709,1.138873,1.683266,1.260261
0.045373,0.807606,0.448106,0.941960,0.797565,0.947877,0.564521,0.415742,0.471871,0.157184,2.008499,3.536495,1.648596,2.463086,1.837364,2.787388,1.744527,2.447600,2.840525,1.870388
0.450074,0.905611,0.822967,0.971799,0.852185,0.372763,0.120057,0.764484,0.610275,0.958968,2.674055,2.848374,3.076597,1.350179,3.162276,2.728933,2.734341,3.513717,2.201921,2.024619
0.334565,0.862027,0.479201,0.654553,0.616465,0.444453,0.557358,0.245603,0.372986,0.922902,2.129110,2.132701,2.219388,1.792345,2.217498,2.605766,1.617435,3.028138,1.889540,1.838881
0.920028,0.082784,0.536159,0.325765,0.778613,0.236543,0.137449,0.226825,0.408655,0.706871,2.149009,1.897971,1.813304,1.972161,2.230345,1.345224,1.707791,2.042222,2.160477,1.493160
0.520394,0.100228,0.782643,0.916378,0.738305,0.171061,0.328792,0.813051,0.258324,0.473869,1.853685,2.583060,2.025784,1.498982,2.537367,2.025490,2.408323,1.751731,2.086568,1.958560
0.324847,0.285606,0.383229,0.521358,0.623423,0.916672,0.121207,0.365894,0.149342,0.887678,1.466750,2.665505,1.982686,1.995774,2.263853,1.559347,1.345192,2.373728,2.395925,1.271403
0.322139,0.246599,0.253692,0.317898,0.940730,0.183821,0.910706,0.009641,0.614690,0.503605,1.344388,2.048000,1.742506,1.977925,2.336219,2.162279,1.679050,2.259295,1.385117,2.207322
0.666203,0.289966,0.642286,0.190238,0.563174,0.178271,0.659919,0.312908,0.843277,0.283004,1.998175,1.605030,1.963855,1.987377,1.559535,1.650111,2.286446,1.629797,1.517697,2.672118
0.652829,0.506558,0.689661,0.185122,0.468429,0.988058,0.461711,0.052921,0.122498,0.882969,2.260417,2.467300,1.813692,2.716197,1.988555,1.528283,1.598279,2.414377,2.439608,1.939182
0.566492,0.537832,0.870824,0.853415,0.714516,0.437761,0.919411,0.351125,0.888892,0.171395,2.477960,2.526723,2.017215,2.292839,1.659468,2.854305,2.690515,2.053400,2.226843,3.380083
0.513158,0.635767,0.102824,0.524366,0.017394,0.063870,0.779177,0.480562,0.584672,0.518106,1.781471,1.292614,1.954689,1.918387,1.749051,2.388460,1.706225,1.775147,1.663576,1.989615
0.371823,0.435322,0.481585,0.400415,0.940397,0.198071,0.717978,0.453173,0.008558,0.583083,1.718651,2.108500,1.412164,1.808615,2.620086,1.998402,1.333549,2.517909,1.491052,1.949902
0.700454,0.428700,0.635776,0.290394,0.688290,0.229916,0.956122,0.506804,0.719933,0.938167,2.176579,1.784772,2.802517,2.352651,2.521090,2.283351,2.254317,2.728176,1.686923,2.733477
0.384451,0.679048,0.794362,0.745461,0.278016,0.110224,0.481520,0.609006,0.889099,0.574601,2.366881,1.835067,2.449701,1.550492,1.966978,2.290435,2.745983,1.946054,1.814433,2.815361
0.428002,0.702692,0.086553,0.035373,0.433559,0.712737,0.678647,0.120200,0.946741,0.836951,1.788587,1.796877,2.547461,2.265045,1.932897,1.842907,1.955969,2.476938,1.621771,2.534719
0.156101,0.343510,0.662134,0.056011,0.175702,0.550357,0.079994,0.138280,0.748777,0.618433,1.785736,1.345538,2.004423,1.386691,1.642978,1.102944,2.189842,1.610907,1.362708,1.938230
0.875402,0.564820,0.985535,0.519629,0.060431,0.957182,0.988565,0.442600,0.526844,0.604840,3.206946,2.207413,1.944008,3.575609,1.800955,2.677080,2.584827,1.789741,3.106673,3.106079
0.713426,0.243741,0.854796,0.883295,0.569368,0.844594,0.518583,0.758499,0.872009,0.222474,2.337536,2.952059,2.458341,2.595040,1.982372,2.166704,3.039066,1.578932,2.959751,2.912336
0.296090,0.887619,0.095882,0.725764,0.920981,0.010982,0.237014,0.889118,0.038951,0.000854,1.922771,2.447716,1.829482,1.263092,2.572567,2.481267,1.751020,2.735826,1.751842,1.246266
0.981123,0.478062,0.076826,0.142082,0.384545,0.317244,0.439034,0.286706,0.562124,0.124299,2.428395,1.436660,1.646245,2.484108,1.263364,1.444090,1.591594,1.627857,2.187156,1.622558
0.753445,0.073154,0.518043,0.534989,0.021590,0.274403,0.364514,0.150884,0.556424,0.053758,1.769237,1.328465,1.579345,1.867526,1.076534,1.668251,1.828228,1.073775,2.038000,1.805156
0.644662,0.542927,0.060080,0.543295,0.703309,0.207710,0.095504,0.855777,0.916296,0.597103,1.814450,2.007440,2.861536,1.406562,2.677344,1.712455,2.546638,2.250456,1.854353,1.868434
0.157019,0.472347,0.883125,0.268661,0.638219,0.676858,0.939810,0.468001,0.140730,0.061242,2.256128,2.020491,1.359985,2.401818,1.540229,2.257291,2.023144,1.879901,1.730668,2.722507
0.219369,0.917014,0.919737,0.523300,0.589414,0.599036,0.791578,0.572295,0.363340,0.617964,2.773487,2.078217,1.926849,2.160978,2.150253,2.921026,2.396695,2.500411,1.892700,2.685460
0.998995,0.497329,0.528194,0.340588,0.034242,0.608065,0.743365,0.048504,0.534456,0.273961,2.773306,1.375070,1.557371,3.110096,1.276354,2.016186,1.813560,1.519063,2.707319,2.175018
0.227534,0.350884,0.558146,0.544014,0.853571,0.791800,0.120568,0.960573,0.469187,0.881293,1.674192,2.645940,3.076368,1.759295,3.425890,1.601752,2.667036,2.763947,2.182742,1.535381
0.326469,0.742792,0.317862,0.372844,0.697026,0.837716,0.904332,0.342817,0.024404,0.374408,1.878624,2.423921,1.194413,2.640895,1.830579,2.600487,1.165730,2.281122,2.109407,2.005383
0.470948,0.552915,0.316495,0.331328,0.259009,0.285586,0.379535,0.073903,0.340457,0.430539,1.757536,1.392079,1.425725,1.565546,1.453376,1.644408,1.441030,1.699806,1.517339,1.519167
0.026558,0.242926,0.360071,0.684883,0.787291,0.939678,0.043725,0.143365,0.950364,0.524326,1.372596,3.086085,2.115063,1.926737,2.032863,1.701130,2.082962,2.006898,2.567896,2.031736
0.628027,0.968348,0.667614,0.494737,0.660879,0.411368,0.533263,0.770268,0.044722,0.218924,2.661761,1.975257,1.648527,1.950191,2.100883,2.687125,1.947440,2.415602,1.911665,1.979060
0.168757,0.641705,0.046805,0.662806,0.778211,0.780107,0.682306,0.274285,0.233260,0.976431,1.648702,2.692270,2.239437,2.295679,2.522957,2.392593,1.256085,3.178263,2.276179,1.697189
0.942686,0.838347,0.661319,0.164942,0.368205,0.712162,0.976299,0.433072,0.931723,0.844562,3.113414,1.756601,2.721688,3.321197,2.082033,2.707313,2.450289,2.576336,2.509840,3.222477
0.908182,0.535303,0.421792,0.748584,0.272862,0.193794,0.387074,0.379907,0.286614,0.291253,2.462275,1.840518,1.455650,2.173695,1.455898,2.051801,1.519354,1.634463,2.535205,1.588527
0.717988,0.107672,0.570855,0.068118,0.920320,0.684707,0.361695,0.345945,0.477774,0.847008,1.803676,2.245967,2.205115,2.200647,2.746187,1.200189,1.845052,2.562325,1.907069,1.796631
0.189980,0.409239,0.493820,0.913558,0.297470,0.423258,0.444380,0.200649,0.506933,0.856203,1.659955,2.207884,2.174863,1.630384,1.922786,2.179570,1.758870,2.125397,2.099562,1.818511
0.630395,0.176282,0.078712,0.936743,0.995282,0.160479,0.129823,0.393899,0.993083,0.983485,1.432994,2.876901,3.099507,1.406094,3.124553,1.959075,2.060394,3.118134,2.213014,2.115410
0.813571,0.352691,0.157719,0.976486,0.012555,0.038691,0.215907,0.094322,0.133308,0.128065,1.916067,1.966137,1.144305,1.755904,1.136963,2.066973,1.159022,1.354949,2.516483,1.243151
0.437164,0.534280,0.917089,0.217833,0.728559,0.248736,0.658058,0.493653,0.764475,0.283197,2.458879,1.791400,2.030882,1.803475,1.913610,1.803385,2.725828,2.087791,1.363250,2.945886
0.584082,0.682028,0.509268,0.435301,0.508584,0.315861,0.448659,0.466944,0.652167,0.052398,2.140643,1.729583,1.870348,1.747687,1.401984,1.953849,2.013332,1.940830,1.734329,1.985394
0.976823,0.154175,0.252546,0.848526,0.169205,0.665744,0.467172,0.078904,0.520082,0.558784,2.150024,2.184269,1.700781,2.842456,1.569854,2.070441,1.584352,1.357279,3.223810,1.671626
0.370792,0.281602,0.637183,0.722137,0.216340,0.546729,0.735818,0.166995,0.094627,0.143635,1.738584,1.901247,1.125477,2.085711,1.181648,2.285897,1.505286,1.331369,2.072030,2.142668
0.900155,0.119447,0.645556,0.783520,0.769012,0.150937,0.397231,0.188648,0.905961,0.561037,2.265565,2.386354,2.118142,2.149389,2.051403,1.943016,2.329416,1.887420,2.535678,2.557553
0.827770,0.324719,0.833221,0.955654,0.064717,0.723952,0.030404,0.875777,0.696584,0.635394,2.586168,2.357419,2.720095,2.121700,2.402651,1.990818,3.062550,1.585433,3.046950,2.062665
0.373175,0.422068,0.560173,0.085558,0.460428,0.472042,0.394143,0.974183,0.707906,0.149129,1.787830,1.572931,2.660255,1.668935,2.195769,1.316094,2.946231,1.637378,1.360350,2.062691
0.167382,0.242803,0.291633,0.230222,0.794797,0.100679,0.472371,0.682612,0.175550,0.694928,1.332542,1.848820,1.977106,1.487197,2.662962,1.467670,1.578669,2.210103,1.245047,1.562831
0.260060,0.329801,0.846069,0.549953,0.998268,0.779288,0.147463,0.397608,0.438089,0.274092,2.063223,2.773970,1.616772,1.772342,2.426996,1.607570,2.216781,2.346931,2.174831,1.947375
0.370761,0.566810,0.747217,0.578642,0.556399,0.589270,0.586881,0.986904,0.123712,0.142974,2.176109,2.095844,2.100614,1.985087,2.289203,2.105172,2.643269,1.879312,1.976848,2.147108
0.562785,0.193758,0.742568,0.588949,0.946812,0.182488,0.361831,0.805374,0.110759,0.810776,1.923415,2.299750,2.292355,1.573382,3.308175,1.727144,2.184553,2.623180,1.800500,1.914598
0.696371,0.470546,0.304590,0.906259,0.221876,0.695606,0.487396,0.715777,0.585912,0.713300,1.901014,2.379762,2.461174,2.308957,2.236560,2.247999,2.045406,1.882700,2.727819,1.781311
0.371948,0.207478,0.357835,0.712244,0.794930,0.538096,0.981297,0.848517,0.131459,0.959218,1.386982,2.458025,2.734017,2.322301,3.181527,2.684118,1.870422,2.721968,2.053248,2.111614
0.132206,0.096374,0.533972,0.490072,0.135348,0.166352,0.171186,0.846762,0.261736,0.973312,1.383812,1.380122,2.900796,1.201169,2.692798,1.520272,2.153996,2.036748,1.520056,1.474243
0.709162,0.239679,0.589637,0.529790,0.580829,0.631577,0.647682,0.119508,0.107133,0.559855,1.943996,2.113436,1.296895,2.403217,1.770087,1.963051,1.456512,1.752521,2.285325,1.996584
0.423261,0.672741,0.524702,0.151171,0.063723,0.294355,0.200425,0.607169,0.931099,0.033019,2.023880,1.112080,2.299789,1.362897,1.401932,1.495810,2.430247,1.676837,1.313643,2.282950
0.807016,0.322938,0.254264,0.153560,0.606291,0.032071,0.638193,0.465896,0.839108,0.222906,1.913178,1.629905,2.067242,2.164812,1.662831,1.594529,2.004885,1.701602,1.680179,2.293661
0.115778,0.343850,0.130882,0.218334,0.526608,0.448116,0.499232,0.844152,0.151883,0.237902,1.362532,1.664263,1.877940,1.701592,2.096532,1.508221,1.770549,1.634631,1.420694,1.519866
0.724580,0.841461,0.420799,0.920890,0.931163,0.406084,0.921110,0.421229,0.279169,0.647943,2.398949,2.846165,1.728629,2.466430,2.632755,3.365136,1.530981,2.980552,2.466210,2.119939
0.245747,0.463421,0.814997,0.619145,0.061360,0.351074,0.218217,0.949125,0.297660,0.003540,2.142482,1.487971,2.198499,1.356311,1.904610,1.766287,2.816889,1.467186,1.757239,1.908809
0.743496,0.060926,0.333720,0.646038,0.905192,0.367804,0.329116,0.281594,0.647096,0.072137,1.583289,2.372314,1.726767,1.875389,1.893122,1.754582,1.780794,1.880675,2.192312,1.711445
0.976658,0.070459,0.604962,0.131986,0.512321,0.094980,0.599778,0.901860,0.107227,0.559714,2.368033,1.530599,2.095925,2.540395,2.507535,1.492069,2.206734,1.508279,2.072603,1.966989
0.409859,0.397715,0.081521,0.981897,0.390886,0.231885,0.846419,0.581840,0.635229,0.534175,1.473210,2.367476,2.126189,1.969040,1.932436,2.761232,1.838849,1.702929,2.104517,2.109390
0.986013,0.596288,0.136821,0.956084,0.612224,0.256100,0.207125,0.276941,0.836114,0.620100,2.573630,2.543118,2.151253,2.231335,1.926268,2.211000,1.876074,2.209548,2.980295,1.810361
0.329899,0.453663,0.354956,0.960897,0.004630,0.153988,0.690579,0.647858,0.154511,0.231459,1.615561,1.931605,1.586631,1.750195,1.651179,2.531165,1.552423,1.466085,2.020513,1.820261
0.093719,0.904697,0.266496,0.273289,0.610854,0.149748,0.915973,0.977057,0.013493,0.078915,1.976541,1.688899,1.968625,1.939221,2.261492,2.852769,2.017252,2.278332,1.296536,1.986996
0.128377,0.532289,0.963360,0.569246,0.273447,0.495972,0.422031,0.597240,0.037885,0.088064,2.462467,1.719491,1.395263,1.670135,1.465206,1.898170,2.178980,1.607746,1.817350,2.350147
0.193404,0.568700,0.956845,0.911355,0.702255,0.592272,0.243027,0.658648,0.782353,0.539320,2.491488,2.740584,2.373040,1.601048,2.319463,2.154346,2.983639,2.218733,2.269376,2.637440
0.958451,0.118675,0.530619,0.300040,0.430856,0.992274,0.821506,0.018459,0.875602,0.102830,2.280693,2.497881,1.877030,3.686575,1.183154,1.976584,2.157165,1.305400,3.165109,2.774368
0.347402,0.819987,0.843639,0.489711,0.863815,0.890920,0.094344,0.704423,0.385303,0.379316,2.573642,2.810789,1.936092,1.930010,2.520086,2.049953,2.446574,2.620739,2.325377,1.863273
0.063843,0.284977,0.142125,0.136614,0.815048,0.911674,0.637446,0.575609,0.681365,0.175200,1.305437,2.591449,2.018068,2.468857,2.047964,1.566095,1.892279,1.954658,1.968024,1.973976
0.086250,0.332113,0.893781,0.452652,0.439866,0.774117,0.129621,0.803569,0.069427,0.506417,2.131599,2.108656,1.845024,1.729520,2.237246,1.506085,2.387154,1.655469,2.052551,1.928800
0.260341,0.920322,0.196596,0.622936,0.020334,0.811518,0.185912,0.469342,0.648176,0.375305,1.976617,1.942817,1.921322,1.862119,1.595596,2.437006,1.790214,1.973599,2.299143,1.496882
0.150472,0.716862,0.859822,0.185509,0.620812,0.393038,0.751582,0.393507,0.472755,0.098664,2.459563,1.715941,1.628563,1.909468,1.492777,2.118774,2.272983,2.103229,1.343395,2.596536
0.179766,0.364446,0.637877,0.105511,0.572264,0.856573,0.706418,0.361525,0.594528,0.766574,1.777142,2.211879,2.175695,2.445945,2.084684,1.652943,2.048666,2.142399,1.845037,2.323449
0.273810,0.118632,0.881924,0.258318,0.117381,0.742166,0.119599,0.201567,0.335244,0.663359,1.916950,1.592902,1.667782,1.690938,1.705606,1.274292,2.121224,1.424318,1.829657,1.935066
0.746268,0.287849,0.225985,0.300177,0.955783,0.096245,0.454657,0.392871,0.220435,0.520572,1.754526,2.046781,1.515855,1.879528,2.548047,1.530740,1.332143,2.342442,1.725048,1.516437
0.439754,0.884239,0.496435,0.422505,0.125825,0.276888,0.406702,0.729653,0.212382,0.654911,2.215728,1.325564,2.025671,1.568410,2.189296,2.279280,1.847291,2.180968,1.584213,1.662729
0.124581,0.528059,0.437801,0.223794,0.918277,0.425673,0.136201,0.690541,0.914892,0.663046,1.721663,2.045492,2.683233,1.319333,2.914215,1.389592,2.435844,2.662788,1.406925,2.093660
0.239114,0.733629,0.928993,0.929853,0.836913,0.045656,0.604456,0.446789,0.761280,0.091580,2.610328,2.701634,1.961669,1.620212,1.877393,2.690067,2.713496,2.434820,1.945609,2.908681
0.368144,0.922554,0.087684,0.968289,0.172324,0.322609,0.847313,0.968562,0.358191,0.054040,1.980137,2.143485,2.296460,2.001283,1.997269,3.471418,2.274498,1.952407,2.122260,1.900957
0.788279,0.984830,0.401690,0.804162,0.565023,0.196291,0.406783,0.073727,0.549917,0.081510,2.636008,2.219263,1.555894,1.935136,1.267330,2.924810,1.711673,2.304622,2.332516,1.734437
0.908074,0.855395,0.541737,0.701309,0.357707,0.059338,0.854523,0.833706,0.015826,0.683940,2.897670,1.849750,2.030820,2.606840,2.424775,3.057411,1.888785,2.303277,2.453626,2.148006
0.371395,0.083305,0.526111,0.723501,0.554843,0.394150,0.925080,0.476336,0.084521,0.005182,1.411326,2.139530,1.311418,2.131663,1.402887,2.579853,1.469393,1.391155,1.930084,2.202477
0.043618,0.908121,0.625713,0.732879,0.218154,0.950907,0.184067,0.543303,0.831431,0.304178,2.299721,2.615098,2.154753,2.088374,1.609738,2.515671,2.383319,1.983856,2.637185,2.150334
0.107353,0.004701,0.573809,0.677942,0.926322,0.336420,0.109170,0.666999,0.647924,0.756839,1.335195,2.424002,2.526333,1.223586,2.996577,1.689860,2.273921,2.296295,1.792357,1.710429
