0.553533,0.937812,0.776026,0.219611,0.007750,0.903243,0.834092,0.337246,0.984808,0.805536,2.344530,3.444584,2.072905,2.043547,2.669756,3.697887,1.235220,0.000000,0.000000,0.000000
0.765655,0.780966,0.535409,0.299267,0.156882,0.297589,0.181716,0.584358,0.111175,0.922551,2.371115,1.727083,1.771049,1.644182,2.770238,1.786265,1.839831,0.000000,0.000000,0.000000
0.787217,0.198269,0.797832,0.667211,0.979086,0.198228,0.752309,0.706824,0.195494,0.907388,3.050849,1.660588,2.644684,2.569816,3.118419,1.244240,2.978285,0.000000,0.000000,0.000000
0.783315,0.645904,0.673649,0.918034,0.450734,0.804741,0.371626,0.603772,0.500703,0.167400,2.376528,1.969220,2.488531,2.515585,2.117042,2.324911,2.179815,0.000000,0.000000,0.000000
0.929953,0.310740,0.970262,0.034838,0.493885,0.330759,0.787636,0.070417,0.557159,0.483440,2.089232,2.142344,2.378917,1.690829,3.077079,1.671189,1.503802,0.000000,0.000000,0.000000
0.602954,0.575115,0.286109,0.887822,0.472535,0.768390,0.123087,0.853276,0.478197,0.162727,1.973989,1.810819,2.210885,2.568233,1.652854,2.187285,2.928696,0.000000,0.000000,0.000000
0.350423,0.481595,0.073000,0.450926,0.249281,0.157250,0.377475,0.883342,0.873676,0.610051,1.683292,2.159395,1.262422,2.117518,1.722974,2.032259,2.809866,0.000000,0.000000,0.000000
0.517271,0.090757,0.733024,0.663093,0.080769,0.735872,0.621008,0.144882,0.018857,0.506074,2.330028,1.266586,1.880801,1.822089,2.167253,1.736975,1.122751,0.000000,0.000000,0.000000
0.020638,0.433509,0.399475,0.437948,0.146443,0.835676,0.700292,0.742435,0.696036,0.851558,2.215036,2.227396,1.857131,2.316841,1.809537,2.401612,2.248861,0.000000,0.000000,0.000000
0.487096,0.037519,0.901520,0.441669,0.637089,0.473658,0.357358,0.295374,0.672209,0.227326,2.266155,1.719253,1.995109,1.509236,2.271473,1.925575,1.811581,0.000000,0.000000,0.000000
0.584535,0.423919,0.081787,0.724209,0.477397,0.890863,0.741147,0.820039,0.593088,0.167765,1.735620,2.179906,2.318496,2.749169,1.613228,2.318798,2.822324,0.000000,0.000000,0.000000
0.278414,0.214689,0.585168,0.387569,0.192754,0.585268,0.974890,0.481544,0.864493,0.219781,1.740607,2.837129,1.644003,2.490171,1.527092,2.342512,1.656524,0.000000,0.000000,0.000000
0.866525,0.151464,0.318650,0.780498,0.539904,0.030871,0.072348,0.281309,0.265407,0.511263,2.015675,1.288727,1.973012,1.762005,2.160271,1.104787,1.698173,0.000000,0.000000,0.000000
0.585440,0.601216,0.587904,0.062088,0.693540,0.838118,0.288745,0.557884,0.605047,0.607408,1.631820,1.990581,2.519769,1.641497,2.157583,2.421516,2.316009,0.000000,0.000000,0.000000
0.828825,0.038304,0.163658,0.555172,0.372589,0.504647,0.709408,0.139156,0.531173,0.823496,2.140405,1.889657,2.212832,1.813528,2.511354,1.786848,1.411317,0.000000,0.000000,0.000000
0.560115,0.573612,0.536112,0.727429,0.563077,0.791353,0.417708,0.285214,0.595665,0.734232,2.410666,1.997578,2.284133,1.844614,2.253298,2.334907,1.725771,0.000000,0.000000,0.000000
0.931054,0.153772,0.047371,0.861303,0.329118,0.441503,0.094228,0.551679,0.097176,0.640841,2.126726,1.121658,2.356916,2.199510,2.341838,1.454582,1.937817,0.000000,0.000000,0.000000
0.281332,0.283894,0.108331,0.701462,0.765003,0.274672,0.538544,0.887661,0.850033,0.032501,1.713232,2.086823,1.882168,2.522844,1.283660,2.020109,3.340886,0.000000,0.000000,0.000000
0.504454,0.271610,0.363432,0.841850,0.025747,0.580904,0.112212,0.157601,0.822057,0.579137,2.168176,1.897241,1.709937,1.766821,1.887857,2.276718,1.075423,0.000000,0.000000,0.000000
0.301751,0.773354,0.317035,0.979166,0.754141,0.459439,0.597823,0.518060,0.617461,0.442651,2.166411,2.429195,2.055643,2.814245,1.529557,2.303223,2.290914,0.000000,0.000000,0.000000
0.227271,0.755821,0.521288,0.196823,0.277574,0.675774,0.290869,0.772697,0.739613,0.845410,2.072794,2.335488,1.764560,1.864926,2.083645,2.654577,2.471694,0.000000,0.000000,0.000000
0.690381,0.576517,0.410814,0.158406,0.024761,0.037826,0.437603,0.260218,0.247397,0.740311,1.732909,1.663569,1.367493,1.455690,2.307773,1.290650,1.160188,0.000000,0.000000,0.000000
0.616408,0.292866,0.226835,0.672596,0.991830,0.084738,0.781319,0.951406,0.662075,0.039712,1.724113,2.224809,2.302674,2.866137,1.629656,1.548200,3.802176,0.000000,0.000000,0.000000
0.431605,0.311338,0.292754,0.433733,0.374029,0.229821,0.027932,0.985083,0.462219,0.129504,1.521610,1.559173,1.450119,2.067459,1.473467,1.473646,3.314805,0.000000,0.000000,0.000000
0.061034,0.163314,0.452108,0.037270,0.239213,0.491987,0.299380,0.268767,0.119348,0.680690,1.557061,1.172853,1.549437,1.358447,1.616784,1.510587,1.383685,0.000000,0.000000,0.000000
0.106388,0.268744,0.893207,0.764673,0.143883,0.505711,0.892465,0.317879,0.103145,0.261680,2.580410,1.886210,1.527617,2.561496,1.887481,1.535760,1.345977,0.000000,0.000000,0.000000
0.685202,0.463089,0.829521,0.027111,0.493550,0.382495,0.466912,0.492443,0.583866,0.126480,1.717239,1.900107,1.947790,1.710470,2.271996,1.822705,1.978551,0.000000,0.000000,0.000000
0.425106,0.372911,0.818961,0.992720,0.364780,0.393189,0.171057,0.505787,0.158277,0.335246,2.701095,1.302345,1.603077,2.513365,2.086770,1.470099,1.876420,0.000000,0.000000,0.000000
0.424378,0.670834,0.769401,0.356245,0.647741,0.580282,0.392836,0.280813,0.416061,0.252937,1.964406,1.926702,2.076280,1.480344,1.943824,2.055277,1.805453,0.000000,0.000000,0.000000
0.723038,0.770077,0.056153,0.146351,0.157622,0.264976,0.450539,0.773394,0.335567,0.309076,1.179030,2.020039,1.667814,1.979515,1.818743,1.834251,2.353900,0.000000,0.000000,0.000000
0.773474,0.247038,0.106794,0.521091,0.736728,0.918000,0.086252,0.623835,0.393011,0.637244,1.791269,1.454680,2.923509,1.772769,2.180773,2.087534,2.515067,0.000000,0.000000,0.000000
0.343702,0.574403,0.373807,0.119118,0.761305,0.097237,0.818210,0.807778,0.224028,0.243013,1.273201,2.101731,1.717425,2.478936,1.454989,1.336944,3.066317,0.000000,0.000000,0.000000
0.590064,0.343355,0.703603,0.609515,0.867376,0.055948,0.889694,0.189691,0.564547,0.770685,2.562325,2.386682,2.013735,2.207686,2.532344,1.415140,1.939341,0.000000,0.000000,0.000000
0.896786,0.251824,0.141001,0.699519,0.836609,0.289537,0.640338,0.036314,0.290346,0.869767,2.377375,1.616320,2.710670,1.788639,2.656085,1.389807,1.839247,0.000000,0.000000,0.000000
0.438454,0.929843,0.637179,0.290223,0.857924,0.952650,0.861771,0.214226,0.236536,0.801593,2.211285,2.741137,2.772974,1.981320,2.339698,2.812549,1.949709,0.000000,0.000000,0.000000
0.698370,0.897908,0.056056,0.189595,0.923853,0.283380,0.478406,0.319362,0.941264,0.891025,1.900145,2.856996,2.477494,1.555050,2.492473,2.893285,2.127837,0.000000,0.000000,0.000000
0.402605,0.247635,0.064743,0.956676,0.394366,0.820062,0.880822,0.637388,0.004717,0.277817,1.982311,1.749423,2.040845,3.288814,1.480059,1.835270,2.206893,0.000000,0.000000,0.000000
0.154973,0.520971,0.587605,0.639324,0.345119,0.589433,0.969411,0.187669,0.196964,0.359719,2.031150,2.379386,1.712262,2.388741,1.487259,1.769625,1.415559,0.000000,0.000000,0.000000
0.124801,0.695656,0.123811,0.005904,0.381640,0.303852,0.375267,0.089556,0.058284,0.127685,1.023315,1.595068,1.451445,1.230382,1.143002,1.643903,1.397681,0.000000,0.000000,0.000000
0.932460,0.095160,0.946068,0.663259,0.516941,0.881978,0.645116,0.305330,0.565205,0.455899,2.653060,1.842741,2.959963,2.013281,2.987078,2.202296,1.703394,0.000000,0.000000,0.000000
0.620813,0.468341,0.186542,0.241326,0.058172,0.354672,0.084584,0.710641,0.456292,0.589513,1.480995,1.676240,1.597323,1.731850,1.974829,1.665602,2.068194,0.000000,0.000000,0.000000
0.450621,0.031638,0.471713,0.936414,0.537013,0.331428,0.446824,0.040413,0.524688,0.197998,2.166689,1.614898,1.711314,2.061177,1.594786,1.606758,1.540279,0.000000,0.000000,0.000000
0.334366,0.155604,0.995054,0.873414,0.775832,0.850381,0.485282,0.557956,0.253646,0.590681,3.069637,1.392141,2.489679,2.459740,2.668506,1.918484,2.398463,0.000000,0.000000,0.000000
0.202638,0.228558,0.543835,0.600562,0.730432,0.333115,0.442789,0.866881,0.743897,0.344189,1.937093,1.882950,1.874966,2.279550,1.481946,1.898438,3.233396,0.000000,0.000000,0.000000
0.013661,0.593637,0.428856,0.115329,0.347293,0.920217,0.578685,0.003159,0.587804,0.232553,1.311823,2.133996,2.040832,1.339569,1.146616,2.474931,1.347313,0.000000,0.000000,0.000000
0.381918,0.967894,0.611298,0.622959,0.209963,0.021873,0.348707,0.961222,0.872690,0.096635,1.997547,2.851911,1.121664,2.324576,1.619689,2.690203,3.057858,0.000000,0.000000,0.000000
0.388847,0.383227,0.773456,0.743159,0.019330,0.270950,0.687441,0.148474,0.572541,0.757484,2.776023,2.044272,1.330119,2.031485,2.425337,1.655035,1.063420,0.000000,0.000000,0.000000
0.144428,0.704260,0.989906,0.353659,0.753611,0.281282,0.118212,0.314494,0.945052,0.660935,2.622293,2.442686,1.852224,1.372702,2.551287,2.523706,1.951423,0.000000,0.000000,0.000000
0.446514,0.411481,0.851970,0.144750,0.812412,0.853206,0.587306,0.520761,0.222121,0.738410,2.273221,1.594015,2.602242,1.868722,2.610170,1.972214,2.354795,0.000000,0.000000,0.000000
0.833917,0.369461,0.080214,0.475074,0.779120,0.170402,0.186296,0.825104,0.869307,0.062671,1.481755,2.012274,2.357349,1.967032,1.838360,1.976529,3.140712,0.000000,0.000000,0.000000
0.063215,0.362819,0.100918,0.616553,0.998554,0.087028,0.675988,0.032592,0.961537,0.598264,1.840868,2.402075,2.084390,1.723927,1.422162,2.059343,2.000678,0.000000,0.000000,0.000000
0.627358,0.230596,0.174188,0.369136,0.932100,0.777166,0.534218,0.262371,0.442580,0.536583,1.553972,1.648214,2.892891,1.598059,1.920565,1.985305,2.069777,0.000000,0.000000,0.000000
0.454211,0.182223,0.220627,0.528820,0.545705,0.483840,0.926454,0.965563,0.261886,0.832356,2.154166,2.090282,1.875341,2.971764,2.157766,1.558475,3.410329,0.000000,0.000000,0.000000
0.588103,0.606546,0.788563,0.909332,0.223614,0.917650,0.625794,0.503973,0.696295,0.875095,3.201304,2.309266,2.171057,2.647504,2.844248,2.625625,1.731591,0.000000,0.000000,0.000000
0.388227,0.399022,0.106710,0.812205,0.982375,0.624184,0.764337,0.393969,0.678073,0.684462,2.144255,2.283825,2.647759,2.513973,1.857931,2.147499,2.292799,0.000000,0.000000,0.000000
0.188742,0.783231,0.608316,0.831065,0.887883,0.599613,0.096227,0.189648,0.446351,0.884103,2.892163,2.060693,2.394673,1.772899,2.195487,2.279316,1.959816,0.000000,0.000000,0.000000
0.679881,0.924570,0.806409,0.028751,0.741969,0.957726,0.159491,0.416447,0.867893,0.939255,2.507656,2.726780,2.822512,1.441908,3.086485,3.501316,2.088825,0.000000,0.000000,0.000000
0.486634,0.400994,0.391310,0.988080,0.452192,0.024419,0.571760,0.296714,0.345294,0.201582,2.149395,1.693004,1.344138,2.588289,1.587188,1.208125,1.628271,0.000000,0.000000,0.000000
0.824600,0.568746,0.304858,0.242846,0.559230,0.164942,0.486413,0.968379,0.350272,0.090855,1.336534,1.788828,2.038380,2.219298,1.861188,1.471606,3.434744,0.000000,0.000000,0.000000
0.243590,0.434711,0.501749,0.773903,0.605406,0.517108,0.296620,0.218368,0.022326,0.759039,2.462968,1.237397,1.898078,1.769863,1.946046,1.599755,1.700775,0.000000,0.000000,0.000000
0.572720,0.439195,0.547612,0.482258,0.287329,0.657958,0.275427,0.588148,0.152417,0.807692,2.309048,1.366203,1.928372,1.776168,2.389304,1.765906,1.979164,0.000000,0.000000,0.000000
0.439554,0.764925,0.045318,0.567954,0.741305,0.426588,0.361452,0.493898,0.093725,0.467841,1.672407,1.726058,2.061047,1.807751,1.658522,1.882937,2.229175,0.000000,0.000000,0.000000
0.371471,0.204790,0.192396,0.934991,0.941593,0.477559,0.625576,0.241354,0.620140,0.932671,2.783314,1.906894,2.415416,2.450075,2.248468,1.870721,2.058096,0.000000,0.000000,0.000000
0.694814,0.832251,0.108607,0.914849,0.742085,0.145121,0.465512,0.261791,0.253571,0.451871,2.018911,2.047090,2.031244,2.244174,1.900282,1.785872,1.879153,0.000000,0.000000,0.000000
0.061291,0.008934,0.718477,0.641723,0.366346,0.467734,0.780542,0.635398,0.887326,0.256557,2.174819,2.362947,1.602173,2.508910,1.497997,2.255082,2.173807,0.000000,0.000000,0.000000
0.090622,0.739202,0.124089,0.188510,0.252327,0.962880,0.559399,0.977130,0.335313,0.304623,1.232176,2.056784,2.027293,2.296757,1.185328,2.479229,3.161893,0.000000,0.000000,0.000000
0.608258,0.301692,0.206989,0.802982,0.596783,0.028686,0.834612,0.249506,0.437910,0.297109,1.872053,2.110300,1.609878,2.463830,1.705399,1.247911,1.721289,0.000000,0.000000,0.000000
0.050001,0.415528,0.017064,0.881884,0.986299,0.514470,0.399144,0.316695,0.569910,0.155877,1.885963,1.806164,2.487379,2.161869,1.074304,1.911014,2.186890,0.000000,0.000000,0.000000
0.117106,0.818717,0.547612,0.859612,0.718354,0.951052,0.906339,0.311651,0.361126,0.403573,2.225222,2.775936,2.468691,2.768298,1.444195,2.630248,1.912607,0.000000,0.000000,0.000000
0.283301,0.904617,0.969242,0.284166,0.165890,0.070441,0.734588,0.715675,0.541716,0.576030,2.414729,2.756445,1.120698,2.278241,2.525646,2.104173,2.190272,0.000000,0.000000,0.000000
0.174741,0.013877,0.760596,0.299959,0.369174,0.491881,0.515119,0.885181,0.911486,0.315735,1.909940,2.048363,1.633506,2.177517,1.714438,2.322690,2.936265,0.000000,0.000000,0.000000
0.809214,0.702026,0.720719,0.244573,0.126405,0.751337,0.600055,0.974858,0.359038,0.134446,1.766439,2.067939,2.297210,2.349554,2.201656,2.226232,3.027102,0.000000,0.000000,0.000000
0.986224,0.891165,0.892457,0.094118,0.108396,0.786248,0.346768,0.435553,0.777893,0.421504,1.965484,2.613765,2.757237,1.556635,2.874714,3.099104,1.487809,0.000000,0.000000,0.000000
0.778328,0.884745,0.110079,0.896264,0.034780,0.220060,0.477902,0.100001,0.501437,0.237359,1.921754,2.393358,1.692776,2.048350,1.836001,2.164053,1.054780,0.000000,0.000000,0.000000
0.573121,0.413516,0.382402,0.871203,0.610005,0.685028,0.638678,0.338909,0.281786,0.396643,2.079836,1.713304,2.245386,2.408057,1.786365,1.835141,1.839724,0.000000,0.000000,0.000000
0.958145,0.884501,0.444481,0.803765,0.586108,0.697311,0.716068,0.602097,0.000821,0.243908,2.015838,2.150330,2.920450,2.634113,2.105449,2.389295,2.311149,0.000000,0.000000,0.000000
0.112390,0.539853,0.885106,0.898418,0.425110,0.845722,0.228446,0.795277,0.650128,0.147945,2.685069,1.953491,2.027859,2.572627,1.827681,2.425723,2.690040,0.000000,0.000000,0.000000
0.346094,0.117923,0.288189,0.413372,0.923458,0.419906,0.370140,0.236338,0.773362,0.515407,1.633340,1.837979,2.314137,1.443977,1.635674,2.019635,2.035169,0.000000,0.000000,0.000000
0.704801,0.751215,0.281675,0.914837,0.289726,0.061947,0.913164,0.010217,0.474206,0.419779,2.068149,2.799989,1.495993,2.609737,1.903364,1.710747,1.289934,0.000000,0.000000,0.000000
0.955835,0.205809,0.939214,0.266273,0.638356,0.470425,0.052643,0.831247,0.141352,0.558554,2.322654,1.183855,2.751195,1.852898,3.096319,1.499123,3.020300,0.000000,0.000000,0.000000
0.188370,0.835549,0.500551,0.996285,0.869385,0.115334,0.275794,0.868776,0.966153,0.344732,2.287805,2.685273,1.877849,2.933735,1.432624,2.632118,3.378928,0.000000,0.000000,0.000000
0.116053,0.750391,0.484275,0.864897,0.820394,0.904653,0.392369,0.097980,0.577639,0.410660,2.168674,2.201132,2.579263,1.898916,1.398268,2.660855,1.839594,0.000000,0.000000,0.000000
0.145337,0.006575,0.974320,0.701388,0.164888,0.199474,0.526445,0.719791,0.849832,0.231864,2.663152,1.995776,1.229732,2.341980,2.124018,1.921689,2.201088,0.000000,0.000000,0.000000
0.220679,0.407595,0.837369,0.716143,0.126306,0.741850,0.300561,0.479292,0.017026,0.425351,2.494286,1.210311,1.768551,1.936912,1.988754,1.809856,1.585748,0.000000,0.000000,0.000000
0.940549,0.405442,0.013917,0.512156,0.737064,0.008385,0.076418,0.005335,0.232686,0.390801,1.572035,1.397516,2.383689,1.145515,2.093277,1.129176,1.737121,0.000000,0.000000,0.000000
0.394810,0.831410,0.824060,0.046108,0.438777,0.493216,0.963044,0.508198,0.954434,0.417592,1.798002,3.538856,1.747282,2.435751,2.128790,2.978867,1.955307,0.000000,0.000000,0.000000
0.512654,0.655098,0.509064,0.973973,0.812902,0.804786,0.970635,0.203121,0.914237,0.449863,2.324161,3.257857,2.600329,3.069187,1.846953,2.921753,1.895419,0.000000,0.000000,0.000000
0.756368,0.819601,0.308892,0.367916,0.933104,0.638584,0.672737,0.488678,0.329187,0.610151,1.690480,2.305397,2.941979,1.991054,2.158125,2.297512,2.410715,0.000000,0.000000,0.000000
0.274492,0.632300,0.463137,0.753293,0.548312,0.332368,0.824907,0.954512,0.168166,0.484669,2.081639,2.129295,1.653695,3.062439,1.608737,1.613443,3.370496,0.000000,0.000000,0.000000
0.843862,0.940682,0.650129,0.238833,0.441145,0.157907,0.209513,0.781027,0.878051,0.032021,1.661533,2.772130,1.953432,1.838546,2.119675,2.761274,2.661152,0.000000,0.000000,0.000000
0.042397,0.256731,0.224203,0.741745,0.027932,0.220063,0.592885,0.451473,0.561743,0.193799,1.799291,1.836060,1.220920,2.211083,1.091225,1.552539,1.435588,0.000000,0.000000,0.000000
0.814850,0.511979,0.088800,0.839918,0.117877,0.344643,0.830702,0.852802,0.822196,0.194849,1.855201,2.657558,1.899583,3.135399,1.853516,2.154850,2.572419,0.000000,0.000000,0.000000
0.742001,0.908043,0.459585,0.179799,0.655457,0.970402,0.840647,0.098324,0.838139,0.909421,2.143150,3.256756,2.808547,1.810824,2.666120,3.421600,1.674792,0.000000,0.000000,0.000000
0.651738,0.511727,0.382528,0.577957,0.083418,0.589468,0.410732,0.963635,0.151233,0.986344,2.683873,1.482388,1.873260,2.325393,2.680586,1.746343,2.940602,0.000000,0.000000,0.000000
0.000186,0.453192,0.571473,0.625076,0.163870,0.622453,0.919326,0.427103,0.635284,0.603333,2.171278,2.617646,1.649306,2.516493,1.550830,2.119117,1.528704,0.000000,0.000000,0.000000
0.904130,0.626171,0.365842,0.614652,0.811079,0.714730,0.618602,0.157694,0.828046,0.434053,1.830269,2.456855,3.111661,1.772576,2.141496,2.645905,1.860814,0.000000,0.000000,0.000000
0.940406,0.584452,0.567874,0.246596,0.308685,0.252935,0.570789,0.169924,0.541091,0.448404,1.659235,2.068639,2.179883,1.510719,2.324601,1.745354,1.366433,0.000000,0.000000,0.000000
0.768164,0.966032,0.738702,0.159668,0.007113,0.270295,0.724359,0.738401,0.085464,0.419985,1.779429,2.398751,1.723621,2.267168,2.347647,2.179118,2.097586,0.000000,0.000000,0.000000
0.112904,0.043152,0.836779,0.317395,0.620089,0.739001,0.385671,0.084226,0.231900,0.857872,2.648940,1.291128,2.124951,1.264942,2.434760,1.792859,1.634277,0.000000,0.000000,0.000000
0.669380,0.134512,0.722826,0.521241,0.962075,0.016834,0.507067,0.864616,0.947758,0.693477,2.377219,2.096227,2.242351,2.263350,2.527951,1.917514,3.457195,0.000000,0.000000,0.000000
0.791107,0.577759,0.798621,0.568739,0.443865,0.621656,0.553438,0.135020,0.666835,0.558696,2.380926,2.170154,2.313787,1.625280,2.612605,2.259183,1.480326,0.000000,0.000000,0.000000
0.312610,0.939452,0.211381,0.535579,0.334461,0.179187,0.049903,0.222706,0.709339,0.530350,1.729433,2.592034,1.321602,1.378825,1.603326,2.511482,1.433657,0.000000,0.000000,0.000000
0.024913,0.650883,0.910412,0.241694,0.069226,0.711278,0.790621,0.782367,0.790313,0.323449,2.104384,2.708164,1.716086,2.421567,1.884128,2.611618,2.293420,0.000000,0.000000,0.000000
0.495857,0.879837,0.468060,0.073956,0.755624,0.903489,0.241623,0.664989,0.337742,0.090663,1.293781,2.125962,2.596375,1.723775,1.606619,2.698652,2.640044,0.000000,0.000000,0.000000
0.834234,0.939949,0.849098,0.903743,0.724647,0.406284,0.757174,0.649183,0.412890,0.516769,2.762715,2.730491,2.511979,2.960629,2.713457,2.407211,2.567523,0.000000,0.000000,0.000000
0.851401,0.302558,0.993824,0.453063,0.837089,0.731512,0.109295,0.449678,0.666455,0.433023,2.521944,1.759302,3.049396,1.554622,3.020495,2.203372,2.241510,0.000000,0.000000,0.000000
0.336909,0.600963,0.908815,0.487156,0.411569,0.471609,0.214189,0.636876,0.719749,0.637995,2.572788,2.090731,1.679240,1.798365,2.494576,2.206689,2.222790,0.000000,0.000000,0.000000
0.990878,0.287972,0.249716,0.407988,0.519754,0.181454,0.724558,0.188064,0.246722,0.462674,1.569389,1.710032,2.424480,1.780959,2.220517,1.266207,1.590489,0.000000,0.000000,0.000000
0.330765,0.583784,0.904645,0.886674,0.443442,0.815328,0.767178,0.041699,0.033435,0.041491,2.705127,1.825772,2.048156,2.327356,2.072831,2.015402,1.446920,0.000000,0.000000,0.000000
0.221895,0.962183,0.320566,0.319752,0.208058,0.969233,0.396007,0.146489,0.492366,0.779959,1.896991,2.480264,2.023447,1.336003,1.863173,3.102442,1.250976,0.000000,0.000000,0.000000
0.488392,0.868397,0.560871,0.998208,0.483091,0.648144,0.519326,0.076280,0.356571,0.155084,2.316515,2.250746,1.998015,2.340614,1.688881,2.430156,1.494728,0.000000,0.000000,0.000000
0.427938,0.301402,0.853380,0.455255,0.666561,0.488927,0.096853,0.871122,0.433963,0.416652,2.255844,1.525715,2.011600,1.974858,2.223019,1.704632,3.184270,0.000000,0.000000,0.000000
0.662297,0.540311,0.937904,0.455610,0.335910,0.369514,0.014280,0.300293,0.717666,0.385425,2.392530,2.009605,1.772857,1.395073,2.635891,2.042295,1.516262,0.000000,0.000000,0.000000
0.989438,0.364831,0.998876,0.808147,0.916867,0.730771,0.365427,0.688004,0.713189,0.438907,2.890451,1.895089,3.540062,2.349344,3.178709,2.287970,2.863567,0.000000,0.000000,0.000000
0.156507,0.120564,0.956246,0.886608,0.197218,0.002631,0.724474,0.662988,0.111963,0.847289,3.409282,1.506748,1.045359,2.884790,2.748804,1.016919,2.076323,0.000000,0.000000,0.000000
0.383035,0.747404,0.142958,0.375888,0.410166,0.442871,0.251470,0.047742,0.546063,0.281314,1.418587,2.120578,1.667304,1.164089,1.465095,2.158565,1.414725,0.000000,0.000000,0.000000
0.566206,0.289819,0.765537,0.587040,0.833990,0.353545,0.111391,0.323499,0.316518,0.057465,2.173276,1.401895,2.230603,1.538210,2.018148,1.478072,2.043293,0.000000,0.000000,0.000000
0.669654,0.160681,0.495678,0.913802,0.518601,0.022124,0.758932,0.464034,0.603355,0.051441,2.159635,2.066302,1.591368,2.803068,1.794086,1.390310,1.949256,0.000000,0.000000,0.000000
0.756793,0.434983,0.632568,0.922016,0.445770,0.690742,0.607684,0.537023,0.688115,0.859463,2.957023,2.101731,2.322894,2.690122,2.748586,2.246548,2.022558,0.000000,0.000000,0.000000
0.692018,0.727284,0.533714,0.870525,0.037398,0.245007,0.438956,0.422561,0.894123,0.892768,2.866943,2.507644,1.577805,2.274938,2.641083,2.429154,1.394513,0.000000,0.000000,0.000000
0.798487,0.199134,0.835137,0.903089,0.589166,0.982744,0.216402,0.671415,0.084172,0.776856,3.069379,1.133960,2.838961,2.454777,2.984461,1.997725,2.490762,0.000000,0.000000,0.000000
0.797494,0.177019,0.411671,0.258455,0.740870,0.461559,0.500082,0.084558,0.302123,0.794948,1.930290,1.458521,2.517651,1.351905,2.499204,1.558385,1.755170,0.000000,0.000000,0.000000
0.923262,0.696465,0.189654,0.522176,0.524856,0.896554,0.580889,0.466232,0.914680,0.771617,2.017559,2.595755,2.959029,1.946045,2.525477,3.071024,1.959601,0.000000,0.000000,0.000000
0.041240,0.030633,0.418462,0.412014,0.682832,0.959225,0.036195,0.657236,0.797148,0.416150,1.659193,1.798133,2.425556,1.728488,1.287698,2.594698,2.546751,0.000000,0.000000,0.000000
0.009576,0.080555,0.927423,0.200548,0.527843,0.308976,0.110887,0.558259,0.227263,0.991705,3.035983,1.235115,1.587595,1.578621,2.790744,1.361147,2.151149,0.000000,0.000000,0.000000
0.766511,0.542594,0.863685,0.025509,0.004201,0.383491,0.831456,0.201959,0.713087,0.582262,1.968865,2.582296,1.833864,1.893294,2.749808,2.051728,1.085776,0.000000,0.000000,0.000000
0.003631,0.741330,0.046887,0.690620,0.561519,0.594707,0.443883,0.186742,0.099656,0.494540,1.813768,1.736685,1.910011,1.713169,1.248304,2.012051,1.631264,0.000000,0.000000,0.000000
0.515757,0.896661,0.511702,0.199112,0.530454,0.285938,0.448634,0.721994,0.548844,0.918522,2.235892,2.443143,1.704514,1.931160,2.493424,2.308085,2.573006,0.000000,0.000000,0.000000
0.302088,0.331139,0.924478,0.774135,0.943608,0.984110,0.316129,0.239430,0.501202,0.972802,3.549401,1.642448,2.902073,1.803295,3.038546,2.271624,2.058261,0.000000,0.000000,0.000000
0.037608,0.846398,0.051739,0.594403,0.945126,0.575461,0.415881,0.662986,0.095567,0.292411,1.622082,1.883886,2.468777,2.045954,1.123250,2.190944,2.824227,0.000000,0.000000,0.000000
0.112143,0.905276,0.573522,0.959146,0.041953,0.280246,0.868810,0.546508,0.522674,0.742545,2.697492,2.998004,1.283416,3.183718,1.852162,2.295329,1.639294,0.000000,0.000000,0.000000
0.103030,0.028383,0.736323,0.299589,0.483180,0.075911,0.239256,0.652456,0.868205,0.432609,1.922723,1.882707,1.310468,1.736589,1.689393,1.829714,2.334579,0.000000,0.000000,0.000000
0.913865,0.794697,0.898137,0.903583,0.053677,0.295910,0.484348,0.488949,0.201703,0.714924,3.075642,1.946872,2.062004,2.461284,3.149463,1.838480,1.531820,0.000000,0.000000,0.000000
0.504494,0.313165,0.744881,0.661299,0.131221,0.014224,0.910110,0.908179,0.466599,0.749344,2.636915,2.318515,1.159844,3.025676,2.479305,1.262652,2.780800,0.000000,0.000000,0.000000
0.121656,0.283432,0.728835,0.439104,0.336993,0.976739,0.579888,0.465731,0.479326,0.249691,1.985871,1.754659,2.092104,1.886666,1.571158,2.229261,1.770802,0.000000,0.000000,0.000000
0.328943,0.354981,0.336751,0.182057,0.953782,0.079973,0.150818,0.581051,0.743901,0.186235,1.301918,1.873344,2.025266,1.609832,1.401814,1.678094,2.629024,0.000000,0.000000,0.000000
0.278087,0.667416,0.466302,0.353259,0.773866,0.930151,0.178809,0.389832,0.618679,0.816259,2.114552,2.069840,2.550525,1.465889,2.045756,2.610211,2.077804,0.000000,0.000000,0.000000
0.319583,0.697569,0.743692,0.366252,0.444691,0.446962,0.344817,0.992660,0.557343,0.567480,2.102077,2.084944,1.677352,2.160688,2.052936,2.097032,3.415440,0.000000,0.000000,0.000000
0.515897,0.181740,0.665020,0.814515,0.884457,0.836007,0.911894,0.787102,0.650114,0.212087,2.266306,2.441431,2.755577,3.159032,1.854984,2.264658,3.123517,0.000000,0.000000,0.000000
0.364235,0.211805,0.698779,0.534346,0.053868,0.695387,0.556249,0.955107,0.847006,0.499180,2.147023,2.063978,1.746611,2.417088,1.954624,2.422307,2.878325,0.000000,0.000000,0.000000
0.306059,0.011908,0.751090,0.795950,0.077695,0.563036,0.552728,0.600173,0.443435,0.837359,2.947217,1.612440,1.597742,2.409944,2.430947,1.759672,1.798111,0.000000,0.000000,0.000000
0.919540,0.055077,0.213450,0.501306,0.628257,0.049914,0.200543,0.510502,0.664017,0.577968,1.739934,1.675115,2.222142,1.676702,2.263312,1.490999,2.149482,0.000000,0.000000,0.000000
0.272156,0.754729,0.494537,0.546266,0.435227,0.270646,0.252871,0.034722,0.115942,0.430529,1.870634,1.701727,1.480227,1.261675,1.578458,1.713993,1.437639,0.000000,0.000000,0.000000
0.164191,0.241070,0.716447,0.010753,0.355695,0.834793,0.334615,0.900640,0.998660,0.214467,1.533915,2.094241,1.965738,2.012608,1.577937,2.846124,2.977999,0.000000,0.000000,0.000000
0.448961,0.549457,0.128398,0.897902,0.894746,0.187888,0.046364,0.460778,0.990245,0.298811,1.941068,2.292247,2.078954,2.186840,1.540366,2.334355,2.319379,0.000000,0.000000,0.000000
0.473343,0.134277,0.879823,0.172764,0.188039,0.269359,0.953078,0.369543,0.004038,0.281810,1.969232,1.887803,1.410772,2.283057,2.233820,1.271796,1.461163,0.000000,0.000000,0.000000
0.901227,0.228685,0.935589,0.597001,0.416012,0.397617,0.257308,0.986643,0.161357,0.701535,2.817589,1.230690,2.302668,2.265628,3.212324,1.435613,3.362940,0.000000,0.000000,0.000000
0.220768,0.580820,0.871327,0.187646,0.393047,0.049959,0.824510,0.860118,0.392293,0.328054,1.982162,2.290162,1.215205,2.546543,1.989909,1.399794,2.872654,0.000000,0.000000,0.000000
0.296761,0.305102,0.146868,0.881330,0.869458,0.441123,0.890043,0.342460,0.873569,0.679937,2.217245,2.671727,2.223215,2.819202,1.762244,2.232648,2.104016,0.000000,0.000000,0.000000
0.485572,0.809584,0.578982,0.863258,0.315205,0.213203,0.129608,0.197173,0.552308,0.595690,2.409856,2.209911,1.427046,1.857284,2.034505,2.048869,1.392959,0.000000,0.000000,0.000000
0.235741,0.622554,0.058973,0.487041,0.847305,0.519662,0.212285,0.136310,0.555157,0.423382,1.566410,1.952297,2.250689,1.296905,1.415199,2.069146,1.884466,0.000000,0.000000,0.000000
0.004665,0.438066,0.841016,0.732887,0.014185,0.041574,0.325210,0.454808,0.159588,0.166104,2.444778,1.385885,1.041775,1.954220,1.627114,1.151108,1.427887,0.000000,0.000000,0.000000
0.781198,0.583247,0.709843,0.484730,0.745097,0.772726,0.714831,0.462985,0.880779,0.067322,1.988912,2.586223,2.804638,2.087862,2.143405,2.746904,2.173806,0.000000,0.000000,0.000000
0.297857,0.102859,0.660538,0.806165,0.301763,0.384879,0.953313,0.949575,0.501519,0.941956,3.078254,2.378474,1.502365,3.382309,2.473336,1.637488,3.105148,0.000000,0.000000,0.000000
0.983354,0.304935,0.909831,0.486847,0.455459,0.540916,0.986466,0.122214,0.543050,0.360677,2.361559,2.595979,2.699248,2.210721,2.866593,1.864173,1.485332,0.000000,0.000000,0.000000
0.283358,0.231751,0.471150,0.663123,0.721360,0.967201,0.981313,0.147584,0.116975,0.691396,2.215612,2.115663,2.510312,2.402156,1.865973,1.993331,1.764922,0.000000,0.000000,0.000000
0.754131,0.842901,0.526661,0.190992,0.725245,0.054773,0.380130,0.546828,0.336365,0.181826,1.474375,2.101776,2.009638,1.698294,1.933273,1.766781,2.323287,0.000000,0.000000,0.000000
0.557275,0.914566,0.754873,0.197978,0.283165,0.205306,0.343675,0.357475,0.581132,0.254286,1.784254,2.458156,1.458553,1.483347,2.052088,2.307992,1.538741,0.000000,0.000000,0.000000
0.744297,0.071946,0.335599,0.381860,0.493722,0.651468,0.859627,0.282830,0.613656,0.972319,2.413722,2.254061,2.307554,2.077471,2.727500,2.028414,1.653708,0.000000,0.000000,0.000000
0.881581,0.967575,0.675913,0.380237,0.807267,0.172248,0.242152,0.998582,0.940406,0.599418,2.052467,2.890806,2.509079,2.112194,2.549679,2.962456,3.801598,0.000000,0.000000,0.000000
0.817488,0.222380,0.754275,0.981004,0.150028,0.346751,0.469716,0.838277,0.999914,0.317693,2.581999,2.153002,1.915576,3.002998,2.347546,2.357578,2.555446,0.000000,0.000000,0.000000
0.766609,0.221376,0.600014,0.882252,0.933244,0.091291,0.391328,0.208441,0.569205,0.434560,2.324332,1.678139,2.412763,2.048296,2.171467,1.426135,2.020139,0.000000,0.000000,0.000000
0.343135,0.818014,0.891003,0.093183,0.621426,0.751208,0.906393,0.732586,0.728438,0.212641,1.896683,3.142230,2.177779,2.554944,2.095705,2.829202,2.694791,0.000000,0.000000,0.000000
0.958103,0.646909,0.962130,0.719578,0.475089,0.790684,0.823540,0.845447,0.829567,0.664506,2.938697,2.806599,2.895895,2.896258,3.290310,2.749591,2.904652,0.000000,0.000000,0.000000
0.512910,0.359189,0.247627,0.467685,0.017684,0.634259,0.146084,0.670737,0.906622,0.369559,1.579476,2.038757,1.769507,1.794374,1.664669,2.502565,1.917460,0.000000,0.000000,0.000000
0.165294,0.727616,0.459576,0.642147,0.342388,0.968355,0.553645,0.158853,0.346284,0.487855,1.969467,2.045414,2.090100,1.730167,1.500364,2.473485,1.392857,0.000000,0.000000,0.000000
0.551418,0.340764,0.339752,0.657622,0.910943,0.131685,0.183833,0.675428,0.646155,0.802967,2.290772,1.768487,2.129167,1.993622,2.235392,1.588771,2.823349,0.000000,0.000000,0.000000
0.921732,0.666220,0.402107,0.185861,0.968246,0.544390,0.729200,0.463641,0.159442,0.440691,1.433137,1.991031,3.264985,2.001794,2.180957,1.865513,2.398171,0.000000,0.000000,0.000000
0.377310,0.269378,0.584078,0.276244,0.689988,0.691171,0.806905,0.887347,0.697268,0.154333,1.621067,2.295204,2.220969,2.559523,1.600385,2.196901,3.264758,0.000000,0.000000,0.000000
0.137988,0.197208,0.003683,0.192005,0.067425,0.777554,0.662092,0.116716,0.852525,0.164335,1.196456,2.181654,1.784728,1.562161,1.164994,2.512022,1.094670,0.000000,0.000000,0.000000
0.494250,0.892244,0.020113,0.763437,0.892790,0.573682,0.176099,0.711742,0.353290,0.857063,2.393402,2.154849,2.491493,2.187711,2.228815,2.408809,2.905944,0.000000,0.000000,0.000000
0.816881,0.631914,0.451865,0.591462,0.964347,0.874545,0.898667,0.678471,0.305153,0.793900,2.296022,2.430234,3.349612,2.692983,2.539422,2.219996,2.884993,0.000000,0.000000,0.000000
0.865863,0.324328,0.033892,0.043053,0.752385,0.660706,0.784242,0.901300,0.298503,0.259410,1.061658,1.886028,2.875942,2.516415,1.933195,1.783926,3.377067,0.000000,0.000000,0.000000
0.774301,0.447645,0.112951,0.178680,0.078294,0.683550,0.637340,0.220697,0.720351,0.380550,1.246549,2.179626,2.153906,1.632604,1.920560,2.292157,1.175708,0.000000,0.000000,0.000000
0.599050,0.954084,0.318873,0.488383,0.363644,0.983504,0.139742,0.286368,0.805435,0.388533,1.648715,2.718439,2.330717,1.422384,1.782431,3.500708,1.527657,0.000000,0.000000,0.000000
0.466951,0.205543,0.115041,0.565546,0.265225,0.340859,0.174849,0.579149,0.581328,0.553144,1.748025,1.628921,1.513020,1.790607,1.774442,1.687485,1.936053,0.000000,0.000000,0.000000
0.473140,0.078833,0.643525,0.122163,0.700109,0.455075,0.948156,0.919014,0.097465,0.062646,1.536534,1.956073,2.051145,2.819838,1.743564,1.465064,3.389282,0.000000,0.000000,0.000000
0.028944,0.647265,0.367663,0.530841,0.438539,0.839530,0.658790,0.143086,0.767964,0.567444,1.848729,2.472833,2.031871,1.726677,1.400636,2.700472,1.479486,0.000000,0.000000,0.000000
0.223854,0.294057,0.538298,0.400434,0.761258,0.226548,0.952542,0.964979,0.935405,0.310145,1.720032,2.886151,1.817280,2.936524,1.476024,2.126959,3.623626,0.000000,0.000000,0.000000
0.974477,0.861454,0.891875,0.529375,0.649326,0.738728,0.440660,0.712694,0.910790,0.847844,2.934279,2.738460,3.085722,2.055226,3.402751,3.207553,2.665190,0.000000,0.000000,0.000000
0.402601,0.501211,0.164450,0.818248,0.363544,0.750751,0.124911,0.149011,0.796047,0.288068,1.869197,2.049209,1.948172,1.712456,1.490032,2.510353,1.407952,0.000000,0.000000,0.000000
0.030313,0.639708,0.462453,0.883710,0.940437,0.558861,0.898324,0.067415,0.518644,0.268670,2.116966,2.652806,2.443310,2.564528,1.201398,2.089638,1.949526,0.000000,0.000000,0.000000
0.846560,0.887932,0.538643,0.741595,0.774041,0.900758,0.090796,0.048698,0.170738,0.776610,2.500124,1.959909,3.106597,1.464792,2.605964,2.629975,1.778784,0.000000,0.000000,0.000000
0.707224,0.322016,0.028168,0.649442,0.084582,0.961807,0.023731,0.458422,0.041412,0.793905,2.150622,1.145120,2.322691,1.732904,2.337531,1.996913,1.504884,0.000000,0.000000,0.000000
0.922432,0.669678,0.405528,0.642469,0.788428,0.922259,0.687674,0.511065,0.037695,0.422955,1.882585,1.811362,3.328756,2.249150,2.168013,2.224009,2.310802,0.000000,0.000000,0.000000
0.261304,0.268938,0.176627,0.284413,0.123757,0.237489,0.920622,0.012521,0.283078,0.089402,1.316325,2.135674,1.270646,1.883072,1.274807,1.337074,1.124071,0.000000,0.000000,0.000000
0.791648,0.867976,0.058591,0.974274,0.491784,0.145111,0.551930,0.385862,0.348576,0.233958,1.990512,2.270091,1.883094,2.615278,1.846586,1.920534,1.789563,0.000000,0.000000,0.000000
0.951607,0.568344,0.508817,0.756391,0.426515,0.809901,0.190153,0.972428,0.455177,0.738243,2.417631,1.785067,2.853550,2.441338,2.628341,2.200670,3.317746,0.000000,0.000000,0.000000
0.087755,0.349225,0.808949,0.232791,0.908535,0.211798,0.083725,0.219443,0.783430,0.203677,1.895639,1.905975,2.037910,1.239068,1.658615,1.868151,2.004845,0.000000,0.000000,0.000000
0.708893,0.571969,0.382337,0.677736,0.373449,0.459125,0.120431,0.215902,0.450672,0.977375,2.757567,1.779567,1.954828,1.541708,2.720045,1.849349,1.466676,0.000000,0.000000,0.000000
0.027286,0.013973,0.487344,0.486876,0.386995,0.607494,0.142371,0.245519,0.307519,0.506470,1.854296,1.310601,1.757279,1.381202,1.399544,1.702065,1.507554,0.000000,0.000000,0.000000
0.601999,0.866500,0.830192,0.156689,0.598917,0.526581,0.314522,0.504036,0.246199,0.630934,2.097068,2.028135,2.103448,1.606806,2.572260,2.237782,2.107020,0.000000,0.000000,0.000000
0.802251,0.263355,0.192915,0.777996,0.487572,0.654951,0.248722,0.397861,0.800587,0.339015,1.854175,1.885330,2.409011,1.930627,1.924362,2.314156,1.804159,0.000000,0.000000,0.000000
0.628360,0.064023,0.110706,0.203218,0.502224,0.471345,0.518052,0.695500,0.368070,0.010568,1.215475,1.511202,1.971673,1.972270,1.629828,1.607083,2.469663,0.000000,0.000000,0.000000
0.078944,0.168048,0.366186,0.261508,0.989583,0.931787,0.957883,0.956792,0.086080,0.006023,1.395601,1.993217,2.911553,2.892217,1.128083,1.943942,3.820486,0.000000,0.000000,0.000000
0.272192,0.101549,0.944508,0.988456,0.145299,0.177669,0.813457,0.581069,0.943649,0.034072,2.880592,2.492236,1.218947,3.208548,2.115945,2.069190,1.820581,0.000000,0.000000,0.000000
0.337860,0.835231,0.147941,0.101913,0.064001,0.103999,0.726297,0.569951,0.886345,0.289991,1.148186,2.967082,1.146662,2.098516,1.425193,2.472273,1.713688,0.000000,0.000000,0.000000
0.664445,0.606545,0.324313,0.279405,0.287601,0.037050,0.523058,0.413656,0.024852,0.313837,1.415494,1.535852,1.413108,1.709058,1.797049,1.260813,1.629824,0.000000,0.000000,0.000000
0.861273,0.954025,0.867251,0.504639,0.260656,0.408186,0.802181,0.498489,0.950505,0.753941,2.685323,3.376868,2.115013,2.270496,3.081980,3.179965,1.757639,0.000000,0.000000,0.000000
0.505465,0.161355,0.106671,0.405151,0.346096,0.064282,0.707207,0.118876,0.616988,0.249299,1.432024,1.996727,1.313208,1.685522,1.568829,1.449156,1.374358,0.000000,0.000000,0.000000
0.835264,0.756553,0.710533,0.605207,0.377238,0.347592,0.515846,0.175554,0.220889,0.093291,2.110876,1.930527,2.072636,1.663323,2.202684,1.829415,1.438877,0.000000,0.000000,0.000000
0.929951,0.394920,0.043655,0.255642,0.795627,0.618758,0.695724,0.051569,0.440536,0.934191,2.072830,1.933251,3.056010,1.552309,2.802748,1.874422,1.800946,0.000000,0.000000,0.000000
0.849670,0.193612,0.529630,0.744875,0.808736,0.485949,0.815384,0.020954,0.717362,0.655826,2.307458,2.296957,2.753413,2.099091,2.428343,2.007815,1.809614,0.000000,0.000000,0.000000
0.779615,0.548899,0.673498,0.597336,0.293853,0.959573,0.265723,0.979526,0.820037,0.781331,2.527921,2.140089,2.519771,2.263270,2.695592,2.797411,3.212797,0.000000,0.000000,0.000000
0.559778,0.469397,0.077260,0.764090,0.695517,0.988802,0.903395,0.233011,0.949442,0.620739,2.009241,2.907055,2.647953,2.495234,1.945556,2.993665,1.804105,0.000000,0.000000,0.000000
0.991196,0.594682,0.603388,0.124947,0.222886,0.478668,0.773535,0.098880,0.147970,0.184164,1.495269,1.964466,2.502167,1.699186,2.244792,1.710870,1.242441,0.000000,0.000000,0.000000
0.343056,0.151243,0.180172,0.286053,0.503762,0.003266,0.221386,0.572970,0.486127,0.441175,1.404384,1.519852,1.297416,1.645388,1.543540,1.243046,2.160350,0.000000,0.000000,0.000000
0.465025,0.459940,0.907074,0.487365,0.028945,0.685491,0.308442,0.181778,0.346815,0.698626,2.651132,1.587704,1.786890,1.392675,2.699428,1.903070,1.095031,0.000000,0.000000,0.000000
0.176403,0.912149,0.123199,0.328240,0.781673,0.102545,0.944926,0.710652,0.241246,0.017139,1.343423,2.916972,1.719047,2.638902,1.178567,1.919667,2.791726,0.000000,0.000000,0.000000
0.420848,0.937719,0.562804,0.624437,0.049792,0.819869,0.173742,0.498326,0.924991,0.695512,2.277629,2.809551,1.896886,1.771993,2.082851,3.500028,1.546450,0.000000,0.000000,0.000000
0.168352,0.726696,0.068070,0.903855,0.841027,0.144318,0.247074,0.952594,0.455582,0.346772,1.950189,1.998752,1.856416,2.752049,1.288918,1.735631,3.655900,0.000000,0.000000,0.000000
0.289839,0.299724,0.230852,0.378838,0.556759,0.101806,0.567109,0.063878,0.945610,0.628395,1.680271,2.217834,1.436135,1.439861,1.697022,2.022911,1.564920,0.000000,0.000000,0.000000
0.705621,0.733345,0.302702,0.578427,0.478328,0.906306,0.837850,0.731577,0.525155,0.484643,1.783888,2.651114,2.486433,2.627098,1.968236,2.576483,2.548738,0.000000,0.000000,0.000000
0.360659,0.726202,0.053696,0.445135,0.248269,0.097632,0.224670,0.371923,0.374404,0.772981,1.909874,1.913114,1.206182,1.510601,1.958313,1.620786,1.524923,0.000000,0.000000,0.000000
0.068241,0.534728,0.633700,0.167257,0.421355,0.189502,0.200956,0.615054,0.322765,0.137545,1.571435,1.616815,1.367360,1.660116,1.341639,1.446577,2.177937,0.000000,0.000000,0.000000
0.170526,0.932290,0.498533,0.343600,0.970744,0.081327,0.306913,0.840656,0.133573,0.638936,1.852973,2.031646,2.028629,1.975417,1.702668,1.909481,3.384149,0.000000,0.000000,0.000000
0.572733,0.839715,0.433884,0.585468,0.630097,0.459240,0.941996,0.795409,0.685131,0.208771,1.782824,3.226140,2.044131,2.883449,1.698000,2.520745,2.895446,0.000000,0.000000,0.000000
0.858147,0.888780,0.657285,0.007716,0.086546,0.766586,0.644920,0.670106,0.713748,0.705506,1.790897,2.771915,2.406029,2.086029,2.639848,2.978096,1.984630,0.000000,0.000000,0.000000
0.885441,0.280683,0.708924,0.182231,0.015679,0.774196,0.024404,0.663404,0.489490,0.219569,1.695390,1.568287,2.468632,1.670051,2.289937,2.035909,1.895890,0.000000,0.000000,0.000000
0.726355,0.204294,0.981187,0.828028,0.611380,0.398477,0.316851,0.161945,0.553008,0.449377,2.881503,1.626554,2.155481,1.830060,2.872912,1.712821,1.663833,0.000000,0.000000,0.000000
0.623919,0.306154,0.157657,0.974193,0.414205,0.957313,0.090364,0.523247,0.839090,0.021457,1.999058,1.933559,2.371755,2.455972,1.628299,2.690081,1.961780,0.000000,0.000000,0.000000
0.800933,0.637597,0.176431,0.678446,0.996654,0.748301,0.748166,0.494611,0.858828,0.142100,1.712443,2.684145,3.255415,2.366644,1.826618,2.745088,2.485934,0.000000,0.000000,0.000000
0.689150,0.829041,0.912231,0.879583,0.495007,0.300672,0.437107,0.605740,0.171340,0.048866,2.711865,1.942164,1.873001,2.477308,2.450665,1.899837,2.228850,0.000000,0.000000,0.000000
0.968648,0.416423,0.658637,0.171783,0.665745,0.427251,0.763177,0.434759,0.788686,0.323774,1.639527,2.406598,2.779330,2.022267,2.359196,2.121488,2.043776,0.000000,0.000000,0.000000
0.614108,0.086323,0.754081,0.322586,0.954645,0.963751,0.666738,0.708448,0.947188,0.893303,2.604071,2.251032,3.106695,2.186557,2.840898,2.861560,2.958442,0.000000,0.000000,0.000000
0.061674,0.628119,0.218393,0.750572,0.487302,0.024898,0.691885,0.137878,0.871627,0.400783,1.862645,2.597370,1.262596,2.039424,1.232717,2.032446,1.525322,0.000000,0.000000,0.000000
0.095772,0.491103,0.630193,0.160914,0.522710,0.147299,0.079830,0.078107,0.975990,0.393863,1.619156,2.217680,1.421403,1.088647,1.501177,2.218300,1.534912,0.000000,0.000000,0.000000
0.187653,0.378775,0.720847,0.986830,0.330702,0.633110,0.860305,0.029515,0.835897,0.996916,3.497227,2.616101,1.749082,2.730648,2.556062,2.386177,1.332444,0.000000,0.000000,0.000000
0.239796,0.034779,0.334484,0.322407,0.117668,0.554563,0.493447,0.001542,0.235838,0.526269,1.580042,1.357197,1.582198,1.278545,1.554177,1.610225,1.117673,0.000000,0.000000,0.000000
0.360085,0.323363,0.344250,0.995069,0.609520,0.788642,0.316432,0.884602,0.528089,0.166107,2.118160,1.664336,2.206845,2.970010,1.428473,2.101331,3.174561,0.000000,0.000000,0.000000
0.107248,0.189276,0.651353,0.202967,0.135146,0.664679,0.614339,0.282147,0.971488,0.411667,1.696993,2.239172,1.684178,1.667921,1.553062,2.615249,1.294360,0.000000,0.000000,0.000000
0.945765,0.560089,0.012290,0.249547,0.275707,0.463769,0.123107,0.325421,0.626578,0.136325,1.252232,1.942143,2.385744,1.356117,1.964352,2.032069,1.487505,0.000000,0.000000,0.000000
0.504411,0.912572,0.359011,0.186757,0.448201,0.972751,0.619106,0.174341,0.302791,0.259615,1.333144,2.372877,2.301972,1.564147,1.618083,2.824412,1.508990,0.000000,0.000000,0.000000
0.585208,0.343321,0.057711,0.629660,0.617006,0.082410,0.702915,0.146261,0.633382,0.619358,1.870579,2.098554,1.663523,1.889993,1.969005,1.524051,1.659791,0.000000,0.000000,0.000000
0.020616,0.118332,0.670553,0.964958,0.432309,0.570713,0.575120,0.603844,0.031883,0.296351,2.440626,1.236115,1.757613,2.833123,1.409948,1.573387,2.161564,0.000000,0.000000,0.000000
0.192002,0.814547,0.518956,0.842063,0.345577,0.015384,0.654582,0.962987,0.305999,0.000429,2.111378,2.249959,1.141885,2.988547,1.331765,1.649460,3.200266,0.000000,0.000000,0.000000
0.798772,0.596555,0.067807,0.327041,0.865373,0.617094,0.268537,0.125431,0.860822,0.318078,1.363820,2.236065,2.875610,1.232522,1.900257,2.570410,1.896839,0.000000,0.000000,0.000000
0.844169,0.917282,0.229722,0.091886,0.318234,0.078624,0.423943,0.565691,0.878714,0.690302,1.473598,2.796315,1.781469,1.746195,2.332808,2.622570,1.958246,0.000000,0.000000,0.000000
0.754639,0.286193,0.170612,0.146892,0.539069,0.063588,0.075045,0.350343,0.714026,0.820614,1.728607,1.796355,1.783935,1.359144,2.433012,1.596863,1.784550,0.000000,0.000000,0.000000
0.281261,0.178692,0.700663,0.536954,0.137158,0.187785,0.302469,0.842435,0.350959,0.808389,2.556158,1.410562,1.228847,2.088737,2.278728,1.316663,2.556553,0.000000,0.000000,0.000000
0.575903,0.684889,0.266379,0.210472,0.128791,0.496631,0.495946,0.900976,0.555602,0.563712,1.460561,2.146659,1.704225,2.156262,1.912576,2.126587,2.752307,0.000000,0.000000,0.000000
0.448942,0.792176,0.443252,0.581787,0.490671,0.818972,0.767658,0.183682,0.702559,0.576219,1.969580,2.782483,2.150214,1.969902,1.868057,2.809686,1.558149,0.000000,0.000000,0.000000
0.894722,0.937272,0.395551,0.362202,0.594236,0.073202,0.738616,0.364046,0.676405,0.083690,1.519249,2.957837,2.142567,1.957117,1.963614,2.354097,1.859294,0.000000,0.000000,0.000000
0.353309,0.365763,0.736947,0.790900,0.525530,0.737402,0.839514,0.441628,0.977553,0.864548,2.980191,2.703012,2.057686,2.641139,2.500981,2.741945,1.915601,0.000000,0.000000,0.000000
0.652814,0.615281,0.690960,0.699613,0.844731,0.732674,0.181259,0.155411,0.368498,0.069197,2.177370,1.753024,2.724451,1.530697,1.987484,2.101392,1.893036,0.000000,0.000000,0.000000
0.950274,0.271813,0.372835,0.764192,0.141762,0.640670,0.477992,0.824120,0.325544,0.701378,2.248227,1.508637,2.518884,2.498877,2.494032,1.766731,2.500111,0.000000,0.000000,0.000000
0.959734,0.033436,0.481062,0.349467,0.294774,0.216337,0.389159,0.039358,0.939632,0.162146,1.585150,1.999686,2.187230,1.233482,2.097353,2.099282,1.297872,0.000000,0.000000,0.000000
0.019923,0.846455,0.197509,0.589824,0.258673,0.655783,0.857239,0.204536,0.201456,0.235552,1.641904,2.547892,1.722703,2.144591,1.083112,2.302841,1.342343,0.000000,0.000000,0.000000
0.224881,0.764688,0.582395,0.549857,0.967289,0.300895,0.984809,0.701204,0.122650,0.252228,1.905087,2.662514,2.247914,2.837297,1.486038,1.763088,2.950663,0.000000,0.000000,0.000000
0.405030,0.851315,0.368117,0.698523,0.111373,0.406551,0.529781,0.437863,0.772868,0.639760,2.095883,2.646297,1.485400,2.059364,1.864207,2.620854,1.494820,0.000000,0.000000,0.000000
0.733292,0.512133,0.572418,0.219545,0.793858,0.069803,0.527687,0.979436,0.533005,0.253632,1.563524,1.942221,2.094318,2.268471,1.985182,1.488220,3.712448,0.000000,0.000000,0.000000
0.165746,0.836151,0.380690,0.194815,0.350474,0.733444,0.273555,0.850816,0.111396,0.420943,1.414328,1.831015,1.860829,1.933042,1.398111,2.330446,2.798249,0.000000,0.000000,0.000000
0.093044,0.652076,0.461942,0.733164,0.877704,0.861719,0.170268,0.104129,0.791216,0.579740,2.141404,2.221356,2.632889,1.527217,1.527717,2.765007,1.899390,0.000000,0.000000,0.000000
0.319352,0.938869,0.118214,0.614265,0.872883,0.845687,0.620379,0.002745,0.582884,0.562482,1.806201,2.703124,2.640182,1.619391,1.637390,3.013031,1.872898,0.000000,0.000000,0.000000
0.180268,0.495518,0.388755,0.137973,0.409477,0.504335,0.498875,0.763942,0.973307,0.443366,1.376258,2.343003,1.677864,2.015445,1.435594,2.573330,2.576693,0.000000,0.000000,0.000000
0.279443,0.093559,0.230170,0.239480,0.423857,0.340777,0.354427,0.229216,0.645867,0.219774,1.303073,1.699143,1.542252,1.368569,1.339937,1.758740,1.528936,0.000000,0.000000,0.000000
0.518763,0.620030,0.854184,0.374156,0.036052,0.755064,0.907819,0.742355,0.244575,0.971508,3.020722,2.377177,1.895971,2.618869,3.085829,2.053243,2.138233,0.000000,0.000000,0.000000
0.103687,0.092146,0.521343,0.788113,0.142109,0.069528,0.091639,0.418622,0.555284,0.315312,2.091260,1.564544,1.090838,1.916534,1.344809,1.378651,1.492598,0.000000,0.000000,0.000000
0.190833,0.480164,0.122788,0.156168,0.181482,0.088172,0.849255,0.179111,0.643790,0.223562,1.182418,2.486860,1.128057,1.904154,1.242665,1.613343,1.245643,0.000000,0.000000,0.000000
0.311180,0.258792,0.788464,0.071804,0.802469,0.929937,0.229855,0.295805,0.192940,0.478143,1.802793,1.272057,2.604026,1.349008,2.029969,1.984495,1.977470,0.000000,0.000000,0.000000
0.642485,0.561068,0.227339,0.428806,0.076184,0.254182,0.245253,0.731672,0.300744,0.533434,1.632279,1.630292,1.525195,1.870668,1.938787,1.521251,2.146871,0.000000,0.000000,0.000000
0.422292,0.761908,0.636295,0.375267,0.296893,0.074263,0.087601,0.615947,0.637279,0.319834,1.812855,2.218455,1.237715,1.676468,1.782203,1.922678,2.055675,0.000000,0.000000,0.000000
0.936874,0.301010,0.013733,0.166605,0.750558,0.720933,0.990219,0.605608,0.281536,0.492873,1.286524,2.343086,3.106596,2.590766,2.179800,1.827469,2.484081,0.000000,0.000000,0.000000
0.395430,0.276954,0.136052,0.610407,0.754317,0.647505,0.625191,0.954288,0.530157,0.113614,1.630384,1.851225,2.278331,2.572588,1.410856,1.949815,3.575649,0.000000,0.000000,0.000000
0.058470,0.559646,0.535784,0.976515,0.661436,0.054798,0.556242,0.624820,0.339202,0.628547,2.511901,1.824509,1.492495,2.865414,1.607346,1.345138,2.442237,0.000000,0.000000,0.000000
0.210142,0.879659,0.866501,0.211142,0.706666,0.979439,0.822848,0.930164,0.678702,0.629330,2.211216,3.009636,2.488096,2.616656,2.256788,3.120756,3.437076,0.000000,0.000000,0.000000
0.337702,0.964036,0.577504,0.009280,0.673922,0.012648,0.484859,0.911076,0.479476,0.853190,1.963855,2.522826,1.505331,2.146165,2.258238,2.138486,3.334043,0.000000,0.000000,0.000000
0.821297,0.960169,0.552066,0.653043,0.210592,0.769092,0.468648,0.154282,0.384437,0.089572,1.958539,2.409292,2.367428,1.652414,1.997577,2.802088,1.258198,0.000000,0.000000,0.000000
0.769639,0.276854,0.197171,0.563680,0.702217,0.526562,0.469623,0.779126,0.349219,0.625497,1.847280,1.529440,2.475561,2.178771,2.168551,1.669736,2.916290,0.000000,0.000000,0.000000
0.012825,0.608429,0.086330,0.193069,0.268897,0.558345,0.301570,0.727744,0.408812,0.502183,1.327167,1.806424,1.630653,1.825886,1.265656,1.950704,2.328120,0.000000,0.000000,0.000000
0.116651,0.830509,0.642970,0.329431,0.924784,0.250736,0.196618,0.340355,0.540017,0.958568,2.623624,2.237363,2.107549,1.414765,2.301314,2.115193,2.156467,0.000000,0.000000,0.000000
0.840933,0.737964,0.090301,0.421050,0.393355,0.703092,0.085398,0.802432,0.000374,0.081512,1.429746,1.545588,2.452502,1.884369,1.848314,2.104981,2.681147,0.000000,0.000000,0.000000
0.454743,0.591821,0.799958,0.537535,0.097903,0.739008,0.392402,0.802688,0.329219,0.637681,2.436773,1.739893,1.842630,2.111985,2.373300,2.054680,2.386519,0.000000,0.000000,0.000000
0.118169,0.239920,0.143816,0.610962,0.247845,0.799499,0.103593,0.368316,0.979927,0.462890,1.730827,2.038601,1.862577,1.607104,1.335410,2.773567,1.519158,0.000000,0.000000,0.000000
0.212802,0.136659,0.916881,0.376904,0.210476,0.469369,0.261140,0.834086,0.639089,0.669360,2.517477,1.675573,1.523306,1.955822,2.431639,1.880356,2.601876,0.000000,0.000000,0.000000
0.311196,0.012455,0.663792,0.292820,0.365131,0.905538,0.944788,0.539781,0.819697,0.717035,2.102095,2.663191,2.068995,2.457512,2.117815,2.577442,1.947857,0.000000,0.000000,0.000000
0.560234,0.946911,0.116960,0.852786,0.353150,0.169224,0.261550,0.762251,0.602572,0.401714,1.931292,2.517104,1.469775,2.450842,1.723208,2.381355,2.515202,0.000000,0.000000,0.000000
0.285827,0.477848,0.294852,0.895908,0.487304,0.824350,0.992975,0.312240,0.277194,0.172109,1.987945,2.484606,2.085167,3.017343,1.341082,2.010298,1.682292,0.000000,0.000000,0.000000
0.915581,0.332099,0.587105,0.981914,0.177384,0.642605,0.498245,0.445299,0.133259,0.047848,2.326716,1.367238,2.441591,2.640265,2.120241,1.696990,1.573967,0.000000,0.000000,0.000000
0.452943,0.190194,0.585930,0.678366,0.654880,0.298833,0.019560,0.986450,0.051448,0.181633,2.027672,1.087629,1.820625,2.299003,1.687091,1.308360,3.601046,0.000000,0.000000,0.000000
0.832657,0.809618,0.772864,0.692106,0.459341,0.645722,0.934373,0.720446,0.862024,0.363335,2.337390,3.333261,2.434012,2.925025,2.426316,2.919497,2.497427,0.000000,0.000000,0.000000
0.878050,0.042581,0.070023,0.736195,0.814848,0.978671,0.581263,0.026320,0.373716,0.536965,1.895922,1.571918,3.319599,1.763191,2.166724,2.118412,1.816234,0.000000,0.000000,0.000000
0.768885,0.680765,0.264129,0.814658,0.777971,0.425813,0.131420,0.041845,0.263843,0.439953,1.969579,1.729553,2.485606,1.599778,1.980871,1.810920,1.781473,0.000000,0.000000,0.000000
0.805691,0.530447,0.839267,0.147381,0.445404,0.512129,0.543363,0.296897,0.766901,0.286739,1.875326,2.208699,2.233518,1.595342,2.479065,2.249519,1.621700,0.000000,0.000000,0.000000
0.081113,0.354628,0.912296,0.821136,0.020421,0.905565,0.437148,0.308661,0.351257,0.999182,3.650966,1.560557,1.906516,2.053422,2.838766,2.073545,1.210964,0.000000,0.000000,0.000000
0.139931,0.381322,0.257649,0.265095,0.322334,0.491337,0.399458,0.962918,0.904630,0.313393,1.362258,2.113777,1.597976,2.141114,1.255250,2.365140,3.176755,0.000000,0.000000,0.000000
0.411568,0.379728,0.285590,0.039852,0.608382,0.071149,0.508916,0.552360,0.691161,0.478918,1.231259,1.967161,1.510993,1.811419,1.664224,1.603607,2.218586,0.000000,0.000000,0.000000
0.098642,0.266396,0.177679,0.202492,0.941280,0.254476,0.701222,0.256613,0.210866,0.713359,1.597077,1.626632,2.141444,1.756628,1.613132,1.317846,2.072981,0.000000,0.000000,0.000000
0.016496,0.413956,0.519034,0.681046,0.353683,0.632610,0.762702,0.121614,0.587362,0.681697,2.267234,2.202396,1.757706,2.019214,1.621033,2.048539,1.383263,0.000000,0.000000,0.000000
0.905769,0.389363,0.186390,0.962339,0.340111,0.320148,0.059820,0.848042,0.845931,0.874504,2.665864,1.997748,2.178931,2.742839,2.677002,2.094775,2.778460,0.000000,0.000000,0.000000
0.465080,0.136427,0.236880,0.011369,0.265451,0.886771,0.238697,0.594181,0.962769,0.424601,1.144031,1.994982,2.057831,1.651159,1.658658,2.816235,1.971553,0.000000,0.000000,0.000000
0.431498,0.441852,0.315019,0.238646,0.764635,0.142822,0.943351,0.624799,0.904763,0.071066,1.338242,2.939494,1.807830,2.528301,1.467810,2.047683,2.545384,0.000000,0.000000,0.000000
0.589160,0.077568,0.275495,0.838965,0.376996,0.773674,0.733124,0.064212,0.138844,0.237356,1.928235,1.538893,2.120303,2.192199,1.666407,1.793419,1.385242,0.000000,0.000000,0.000000
0.879700,0.299988,0.373017,0.753549,0.628425,0.944844,0.860534,0.308936,0.949777,0.776169,2.360284,2.677012,3.020536,2.477347,2.534040,2.873917,1.819308,0.000000,0.000000,0.000000
0.465254,0.775453,0.020664,0.456050,0.901554,0.324526,0.989510,0.400766,0.650735,0.004711,1.456477,3.220921,2.238035,2.474746,1.465285,2.214283,2.222781,0.000000,0.000000,0.000000
0.565713,0.466839,0.911830,0.337356,0.603760,0.726826,0.580255,0.693644,0.526641,0.686882,2.492867,1.939948,2.272399,2.068734,2.795648,2.105919,2.566045,0.000000,0.000000,0.000000
0.136737,0.003740,0.726635,0.778704,0.465800,0.085304,0.883791,0.138707,0.775279,0.767799,2.759331,2.465611,1.304830,2.391985,2.109913,1.686362,1.504279,0.000000,0.000000,0.000000
0.688446,0.527064,0.207511,0.294812,0.883521,0.850144,0.941913,0.257140,0.118282,0.508441,1.469311,2.231744,2.957049,2.169963,1.955894,2.010552,2.015763,0.000000,0.000000,0.000000
0.851220,0.103792,0.675852,0.684307,0.338257,0.681264,0.574233,0.394433,0.716406,0.644117,2.408318,1.916528,2.412455,2.044621,2.574819,2.195619,1.649411,0.000000,0.000000,0.000000
0.385502,0.367290,0.640164,0.693178,0.185742,0.866073,0.609457,0.098729,0.050243,0.986445,3.062871,1.411520,1.957864,1.803235,2.620921,1.918146,1.205237,0.000000,0.000000,0.000000
0.372213,0.239390,0.854189,0.827215,0.261998,0.505582,0.072013,0.095731,0.521642,0.103302,2.557956,1.579323,1.625792,1.666967,2.006135,1.791411,1.280327,0.000000,0.000000,0.000000
0.361744,0.692508,0.917777,0.964827,0.164851,0.381918,0.515261,0.019706,0.723084,0.725708,3.189337,2.339451,1.456431,2.183348,2.661454,2.236874,1.165628,0.000000,0.000000,0.000000
0.212810,0.092851,0.542511,0.632978,0.386402,0.893418,0.826553,0.260044,0.282481,0.119000,1.928982,1.855796,2.052362,2.196844,1.386642,1.974014,1.521647,0.000000,0.000000,0.000000
0.902266,0.627707,0.756512,0.077554,0.728541,0.916873,0.764440,0.968855,0.368303,0.340439,1.689321,2.209033,3.182164,2.553690,2.451124,2.299847,3.605902,0.000000,0.000000,0.000000
0.528082,0.619616,0.935606,0.671127,0.467968,0.344629,0.153907,0.475257,0.271297,0.657627,2.830891,1.658866,1.710890,1.801228,2.779547,1.656116,1.919707,0.000000,0.000000,0.000000
0.226506,0.822172,0.281017,0.110691,0.123935,0.092554,0.324221,0.746157,0.612459,0.537254,1.344735,2.322507,1.119535,1.852632,1.537340,2.023420,2.237434,0.000000,0.000000,0.000000
0.200687,0.461361,0.764053,0.530521,0.379646,0.961916,0.287538,0.310867,0.875021,0.810808,2.647331,2.111648,2.114130,1.542862,2.304133,2.825781,1.572923,0.000000,0.000000,0.000000
0.010985,0.383787,0.968878,0.983315,0.756286,0.150753,0.366779,0.200695,0.108706,0.383967,2.978649,1.305340,1.722724,2.285997,2.067926,1.219100,1.836843,0.000000,0.000000,0.000000
0.415724,0.128618,0.473619,0.604989,0.698938,0.016641,0.867759,0.200922,0.298228,0.947616,2.680241,1.968199,1.577003,2.175362,2.419940,1.107709,1.779677,0.000000,0.000000,0.000000
0.943037,0.964314,0.513373,0.734759,0.672977,0.534830,0.070845,0.212779,0.097527,0.198824,2.006171,2.027784,2.826387,1.614474,2.117868,2.441059,1.763527,0.000000,0.000000,0.000000
0.216898,0.648098,0.729994,0.334397,0.889030,0.182289,0.540203,0.368421,0.716476,0.355789,1.912327,2.294149,1.982867,1.697633,1.732492,1.967848,2.160498,0.000000,0.000000,0.000000
0.464289,0.515978,0.429694,0.960236,0.311043,0.828529,0.155393,0.911050,0.423838,0.412067,2.214842,1.693823,2.025361,2.820584,1.713426,2.145538,2.971066,0.000000,0.000000,0.000000
0.830603,0.925330,0.845636,0.920507,0.526963,0.566306,0.583330,0.772020,0.867556,0.788185,3.125255,2.922284,2.417030,2.892269,3.056553,3.111261,2.718994,0.000000,0.000000,0.000000
0.807834,0.050007,0.913456,0.927415,0.439519,0.025398,0.262108,0.290882,0.435461,0.944483,3.604341,1.455968,1.745765,2.157251,3.462072,1.215149,1.608744,0.000000,0.000000,0.000000
0.444400,0.387017,0.678529,0.383196,0.645860,0.353906,0.056975,0.494907,0.025310,0.390986,1.903367,1.175277,1.858806,1.554422,1.909666,1.412515,2.135726,0.000000,0.000000,0.000000
0.300222,0.538528,0.884493,0.376894,0.381939,0.931464,0.943285,0.901280,0.419082,0.628990,2.408068,2.548418,2.104401,2.844605,2.387815,2.263273,3.006552,0.000000,0.000000,0.000000
0.983330,0.449714,0.917866,0.268697,0.215700,0.858143,0.299779,0.233168,0.037470,0.809137,2.640918,1.266653,2.855488,1.342435,3.411313,1.950499,1.324435,0.000000,0.000000,0.000000
0.843702,0.406759,0.894614,0.457040,0.124076,0.981340,0.341865,0.354249,0.875018,0.342112,2.297415,2.080425,2.597310,1.566590,2.676732,2.814296,1.375061,0.000000,0.000000,0.000000
0.114125,0.796904,0.465193,0.273152,0.097791,0.160220,0.097538,0.777521,0.918541,0.734799,1.886296,2.554526,1.171269,1.807415,1.754724,2.510017,2.306870,0.000000,0.000000,0.000000
0.257484,0.884385,0.341501,0.559874,0.593015,0.399386,0.083251,0.491972,0.733304,0.266526,1.695430,2.516017,1.768124,1.674400,1.368347,2.628830,2.077089,0.000000,0.000000,0.000000
0.966108,0.548198,0.336872,0.623278,0.694509,0.990746,0.466137,0.455750,0.935847,0.100319,1.737771,2.337652,3.374821,1.915162,2.014401,3.031301,2.109925,0.000000,0.000000,0.000000
0.362785,0.323357,0.033114,0.057968,0.516948,0.110662,0.040833,0.455933,0.938115,0.020985,1.059074,2.042743,1.425645,1.457795,1.363262,2.024532,1.932697,0.000000,0.000000,0.000000
0.796497,0.752144,0.425445,0.597542,0.522273,0.440234,0.350400,0.086689,0.104987,0.844609,2.381058,1.713730,2.218306,1.422825,2.586868,1.876760,1.537303,0.000000,0.000000,0.000000
0.401723,0.345762,0.000984,0.233631,0.325189,0.966223,0.878853,0.397630,0.861607,0.597624,1.447075,2.659969,2.136801,2.182764,1.758877,2.749925,1.641408,0.000000,0.000000,0.000000
0.013133,0.381128,0.213529,0.476136,0.138368,0.002531,0.618645,0.738815,0.921428,0.746528,1.937774,2.303455,1.021679,2.229478,1.580173,1.906922,2.230062,0.000000,0.000000,0.000000
0.668363,0.028902,0.642142,0.507022,0.000957,0.886056,0.985726,0.959426,0.212958,0.326107,1.954048,2.171578,2.184620,3.061421,2.039493,1.931431,2.841952,0.000000,0.000000,0.000000
0.908145,0.123670,0.597558,0.214764,0.988381,0.411314,0.761707,0.798105,0.849039,0.192798,1.579006,2.306274,3.137183,2.388209,2.158689,2.134072,3.262324,0.000000,0.000000,0.000000
0.938296,0.023542,0.396410,0.342179,0.603471,0.764609,0.560753,0.434639,0.308962,0.691694,1.830255,1.485841,2.954863,1.789148,2.479029,1.860079,1.981294,0.000000,0.000000,0.000000
0.936264,0.029091,0.212978,0.191992,0.764283,0.985936,0.115801,0.923574,0.946146,0.640761,1.500432,1.948545,3.390786,1.944061,2.356500,2.881154,3.470262,0.000000,0.000000,0.000000
0.052190,0.057050,0.212584,0.498300,0.531144,0.398533,0.449116,0.138926,0.681882,0.669864,1.844071,1.775726,1.680790,1.464361,1.510514,1.863682,1.569745,0.000000,0.000000,0.000000
0.591663,0.983744,0.329877,0.559092,0.406544,0.548465,0.897104,0.651993,0.980375,0.172563,1.673049,3.670113,1.920865,2.631552,1.657338,3.461620,2.256734,0.000000,0.000000,0.000000
0.584880,0.459696,0.655210,0.073037,0.753635,0.920722,0.657671,0.702756,0.742865,0.585973,1.703540,2.238649,2.688765,2.135677,2.209526,2.569714,2.741366,0.000000,0.000000,0.000000
0.677436,0.119627,0.945187,0.197926,0.289561,0.200561,0.600472,0.507214,0.275130,0.201780,2.099521,1.505951,1.595295,1.875534,2.562561,1.277969,1.804093,0.000000,0.000000,0.000000
0.634105,0.967210,0.734672,0.722392,0.346860,0.565462,0.485373,0.291002,0.679045,0.121812,2.263943,2.728888,1.940740,1.903569,2.045478,2.931384,1.516224,0.000000,0.000000,0.000000
0.049813,0.350716,0.790540,0.975154,0.922657,0.310187,0.047700,0.100998,0.853948,0.032783,2.600142,1.977058,2.161606,2.030571,1.544937,2.082553,1.943058,0.000000,0.000000,0.000000
0.838191,0.422776,0.423753,0.785355,0.466708,0.875387,0.187803,0.630036,0.065279,0.401493,2.029641,1.250642,2.682086,2.149699,2.075479,1.955215,2.260597,0.000000,0.000000,0.000000
0.923427,0.186064,0.896393,0.010943,0.228547,0.569695,0.670460,0.370244,0.013904,0.969568,2.725916,1.349906,2.409351,1.819762,3.583758,1.576330,1.502709,0.000000,0.000000,0.000000
0.833815,0.681145,0.556255,0.114663,0.621044,0.365688,0.398307,0.741557,0.354124,0.499213,1.548494,1.881274,2.331091,1.901713,2.255145,1.807115,2.720858,0.000000,0.000000,0.000000
0.661189,0.749806,0.664204,0.671427,0.664023,0.921036,0.563625,0.285047,0.836846,0.067558,2.112902,2.578103,2.651016,1.905408,1.958777,3.042896,1.826526,0.000000,0.000000,0.000000
0.584154,0.411357,0.071397,0.110640,0.125964,0.160998,0.710107,0.623876,0.577063,0.107574,1.116983,2.104350,1.376199,2.129482,1.596090,1.563607,1.904406,0.000000,0.000000,0.000000
0.803631,0.760086,0.408348,0.759675,0.372049,0.399497,0.227311,0.397252,0.140289,0.180154,1.932270,1.729766,2.056920,1.887336,1.904178,1.858304,1.687667,0.000000,0.000000,0.000000
0.520290,0.481877,0.028749,0.643507,0.157829,0.970409,0.504251,0.619149,0.904317,0.716885,2.012758,2.264738,2.136162,2.139895,2.034238,2.900092,1.924520,0.000000,0.000000,0.000000
0.604723,0.422814,0.695054,0.872980,0.418777,0.609238,0.418768,0.311453,0.249097,0.463102,2.455398,1.501307,2.005753,2.152112,2.154967,1.746875,1.612782,0.000000,0.000000,0.000000
0.908049,0.059460,0.955825,0.965472,0.653909,0.979976,0.587001,0.836044,0.643344,0.115159,2.880600,1.849142,3.156308,3.080564,2.794554,2.394077,3.051847,0.000000,0.000000,0.000000
0.754113,0.150179,0.675591,0.648961,0.346635,0.333550,0.301838,0.207451,0.152145,0.889349,2.808808,1.202198,1.882560,1.571868,2.853410,1.360085,1.432707,0.000000,0.000000,0.000000
0.167920,0.050981,0.892721,0.428626,0.985896,0.095866,0.127842,0.208032,0.155142,0.503643,2.353329,1.159830,2.072592,1.303123,2.133032,1.120067,2.072451,0.000000,0.000000,0.000000
0.547979,0.485060,0.469320,0.885252,0.941561,0.542622,0.686825,0.695774,0.071531,0.822746,2.662440,1.630809,2.593707,2.861250,2.328264,1.661866,2.909764,0.000000,0.000000,0.000000
0.073156,0.846072,0.019864,0.211264,0.576816,0.899883,0.023072,0.003974,0.050455,0.674478,1.518492,1.766305,2.232991,1.013935,1.528085,2.508079,1.576848,0.000000,0.000000,0.000000
0.281230,0.847063,0.388492,0.191709,0.554978,0.444067,0.184104,0.328223,0.012641,0.765766,1.791679,1.736398,1.774310,1.369163,1.926262,2.052009,1.770439,0.000000,0.000000,0.000000
0.515426,0.471125,0.802170,0.493779,0.381554,0.476733,0.445394,0.662973,0.144121,0.774041,2.601013,1.454435,1.759247,1.981741,2.630742,1.602074,2.260620,0.000000,0.000000,0.000000
0.054323,0.329874,0.771622,0.705859,0.309476,0.651480,0.776543,0.901199,0.605457,0.332668,2.338076,2.182544,1.747415,2.855903,1.624415,2.053954,2.933794,0.000000,0.000000,0.000000
0.389758,0.184570,0.174244,0.440934,0.056067,0.556441,0.912233,0.804465,0.272019,0.644280,1.738734,2.065217,1.618793,2.722362,1.810146,1.636723,2.350395,0.000000,0.000000,0.000000
0.813075,0.242340,0.113685,0.641342,0.848120,0.757814,0.309957,0.016531,0.962832,0.807579,2.180956,2.051340,3.014637,1.376401,2.466728,2.699092,1.848666,0.000000,0.000000,0.000000
0.558714,0.580992,0.132374,0.969249,0.236457,0.580715,0.103991,0.279607,0.690325,0.750570,2.409609,2.029001,1.811036,2.200976,2.124388,2.253378,1.392817,0.000000,0.000000,0.000000
0.807717,0.230490,0.502016,0.753581,0.979255,0.509042,0.373905,0.119013,0.296833,0.332035,2.042208,1.402233,2.994941,1.686765,2.044482,1.609397,2.007583,0.000000,0.000000,0.000000
0.453328,0.206093,0.237670,0.842073,0.366930,0.524121,0.324719,0.362779,0.874375,0.185042,1.904896,1.951088,1.751920,2.065324,1.500994,2.297405,1.630147,0.000000,0.000000,0.000000
0.030030,0.044826,0.280278,0.920677,0.616004,0.762909,0.848558,0.398648,0.909851,0.423124,2.074986,2.522864,2.142396,2.899105,1.231082,2.590827,1.933843,0.000000,0.000000,0.000000
0.449736,0.043990,0.237409,0.349945,0.929436,0.199632,0.974750,0.027211,0.328572,0.414447,1.477496,2.256654,2.154449,2.020204,1.634883,1.307677,1.930917,0.000000,0.000000,0.000000
0.266657,0.793581,0.865208,0.908123,0.224028,0.169918,0.062568,0.458992,0.859379,0.503495,2.784348,2.489395,1.239067,2.211825,2.167845,2.408225,1.645376,0.000000,0.000000,0.000000
0.039265,0.633160,0.161224,0.310941,0.377245,0.254883,0.017117,0.722014,0.738611,0.373853,1.389186,2.139507,1.397257,1.752370,1.183221,2.054257,2.419854,0.000000,0.000000,0.000000
0.459694,0.644192,0.477874,0.323556,0.525405,0.626614,0.883005,0.433628,0.902280,0.897220,2.274184,3.005740,1.999806,2.247199,2.373825,2.708052,1.901472,0.000000,0.000000,0.000000
0.516164,0.041746,0.606890,0.308331,0.096542,0.133336,0.239856,0.486894,0.677283,0.061372,1.676878,1.692825,1.280176,1.573737,1.743458,1.592122,1.570674,0.000000,0.000000,0.000000
0.422153,0.610457,0.356157,0.671174,0.882738,0.383115,0.119742,0.605324,0.543998,0.999135,2.795428,1.918373,2.237575,1.922009,2.465601,1.906540,2.615573,0.000000,0.000000,0.000000
0.816721,0.272215,0.685987,0.216801,0.653834,0.036289,0.743223,0.569054,0.081869,0.446546,1.776423,1.566511,2.008569,2.131624,2.338936,1.063163,2.301480,0.000000,0.000000,0.000000
0.474752,0.379989,0.967510,0.402383,0.976670,0.853863,0.675399,0.208632,0.289666,0.732790,2.731954,1.742150,2.914751,1.729947,2.917397,1.992636,2.063725,0.000000,0.000000,0.000000
0.587052,0.735762,0.152028,0.133725,0.280161,0.902677,0.997050,0.046035,0.887100,0.175034,1.162200,3.419621,2.183483,2.042535,1.621203,3.087924,1.284400,0.000000,0.000000,0.000000
0.850237,0.802701,0.419389,0.281567,0.024491,0.424747,0.146847,0.279763,0.488801,0.598370,1.671699,2.136297,2.039985,1.323650,2.282049,2.180877,1.181026,0.000000,0.000000,0.000000
0.631219,0.436877,0.993857,0.571856,0.734090,0.218911,0.237210,0.967021,0.563931,0.215986,2.569684,1.768141,2.009301,2.210297,2.659553,1.620313,3.604348,0.000000,0.000000,0.000000
0.819307,0.454560,0.723744,0.993468,0.531125,0.538608,0.827365,0.797712,0.787988,0.845297,3.121261,2.560970,2.370673,3.462777,2.912935,2.253456,2.803814,0.000000,0.000000,0.000000
0.718108,0.773205,0.682347,0.302003,0.914821,0.326100,0.775577,0.738289,0.742284,0.212293,1.777168,2.806655,2.533312,2.367353,2.080876,2.339344,3.004963,0.000000,0.000000,0.000000
0.415377,0.748351,0.264872,0.030243,0.607939,0.385904,0.234086,0.431008,0.156005,0.896409,1.820708,1.728861,1.827162,1.485832,2.237509,1.829340,1.979475,0.000000,0.000000,0.000000
0.768250,0.094723,0.685241,0.871577,0.984601,0.289607,0.406909,0.005411,0.817930,0.680554,2.656334,1.894276,2.712474,1.833076,2.553164,1.959466,1.984659,0.000000,0.000000,0.000000
0.018097,0.395110,0.994905,0.795575,0.486345,0.293696,0.255430,0.611674,0.593320,0.409627,2.854144,1.766097,1.530233,2.180469,2.170684,1.707405,2.234634,0.000000,0.000000,0.000000
0.978169,0.306796,0.572867,0.889068,0.673991,0.363934,0.710422,0.426185,0.164844,0.218623,2.227694,1.617518,2.754123,2.633642,2.213966,1.419984,2.037259,0.000000,0.000000,0.000000
0.654068,0.619818,0.175454,0.929929,0.709750,0.642220,0.612806,0.367432,0.994704,0.976499,2.891853,2.609006,2.425779,2.547137,2.613019,2.869774,1.979763,0.000000,0.000000,0.000000
0.632427,0.249299,0.102903,0.097490,0.782245,0.667887,0.510230,0.166853,0.213630,0.798711,1.617608,1.408611,2.532741,1.428115,2.271455,1.729019,1.837925,0.000000,0.000000,0.000000
0.787806,0.966982,0.028570,0.195139,0.442042,0.792799,0.226702,0.483325,0.552882,0.544282,1.357196,2.499587,2.477143,1.542150,2.084073,3.002657,1.909248,0.000000,0.000000,0.000000
0.813406,0.122851,0.731306,0.590950,0.061303,0.004761,0.805351,0.433151,0.514543,0.122180,2.127583,2.051978,1.546693,2.288114,2.219443,1.271369,1.436542,0.000000,0.000000,0.000000
0.962632,0.209653,0.633104,0.429231,0.188390,0.275377,0.330093,0.990611,0.880423,0.758377,2.266221,1.960344,2.202901,2.178653,2.791528,2.059737,3.151008,0.000000,0.000000,0.000000
0.917604,0.597504,0.408176,0.814517,0.991932,0.994030,0.875364,0.649964,0.596451,0.674346,2.287779,2.624221,3.750579,2.956609,2.440352,2.563099,2.836839,0.000000,0.000000,0.000000
0.837892,0.748300,0.331882,0.406172,0.687982,0.429550,0.096671,0.980816,0.008920,0.600365,1.732712,1.569776,2.491121,2.057170,2.234885,1.848642,3.611983,0.000000,0.000000,0.000000
0.785582,0.234502,0.491868,0.190058,0.881322,0.514438,0.762836,0.601104,0.563997,0.488446,1.548525,2.062896,2.775980,2.189887,2.143161,1.845427,2.603973,0.000000,0.000000,0.000000
0.883714,0.347616,0.792992,0.665227,0.293864,0.082095,0.653415,0.956945,0.503214,0.293598,2.319371,1.903028,1.858587,2.678277,2.468576,1.377325,3.125352,0.000000,0.000000,0.000000
0.412515,0.019461,0.406591,0.447506,0.374648,0.656490,0.102079,0.780344,0.493379,0.372530,1.664521,1.494822,1.867049,1.880383,1.618509,1.899921,2.592523,0.000000,0.000000,0.000000
0.835049,0.524865,0.680499,0.233470,0.571737,0.580770,0.666979,0.634296,0.790343,0.178348,1.702222,2.362540,2.489939,2.091884,2.181982,2.350004,2.376400,0.000000,0.000000,0.000000
0.632966,0.313917,0.198609,0.150539,0.586055,0.056249,0.353380,0.507204,0.196617,0.404578,1.256207,1.339290,1.653304,1.635493,1.804484,1.125842,2.100566,0.000000,0.000000,0.000000
0.708418,0.373841,0.996726,0.212747,0.513122,0.505066,0.125588,0.517260,0.392598,0.387807,2.264534,1.534336,2.123885,1.542662,2.849024,1.711447,2.048239,0.000000,0.000000,0.000000
0.180895,0.347539,0.980699,0.369463,0.933484,0.021683,0.154322,0.191010,0.244682,0.210738,2.340593,1.369141,1.898994,1.265258,2.168514,1.123529,2.006453,0.000000,0.000000,0.000000
0.310912,0.706602,0.206875,0.104180,0.860369,0.499637,0.734670,0.334631,0.571101,0.014723,1.146980,2.466917,2.269927,1.875501,1.319983,2.178590,2.084325,0.000000,0.000000,0.000000
0.347080,0.154865,0.958325,0.816022,0.770283,0.028370,0.071128,0.819795,0.509896,0.782298,3.213167,1.534239,1.663517,2.368237,2.839182,1.292079,3.114412,0.000000,0.000000,0.000000
0.992777,0.357158,0.882997,0.690799,0.448457,0.824732,0.916198,0.512967,0.148935,0.881726,3.155972,2.045570,3.004332,2.682037,3.458675,1.892474,1.974729,0.000000,0.000000,0.000000
0.909911,0.770533,0.844036,0.128042,0.217980,0.295583,0.303486,0.313858,0.644642,0.511956,1.974622,2.266316,2.096449,1.408061,2.773299,2.168629,1.414994,0.000000,0.000000,0.000000
0.075984,0.280153,0.362610,0.123933,0.064050,0.622791,0.728654,0.790546,0.804660,0.589694,1.460479,2.270015,1.627332,2.323386,1.471402,2.292257,2.313977,0.000000,0.000000,0.000000
0.864015,0.706726,0.593832,0.244826,0.223270,0.098198,0.593939,0.554532,0.968050,0.072851,1.597849,2.677031,1.793053,1.921970,2.078729,2.388302,1.838281,0.000000,0.000000,0.000000
0.523763,0.866480,0.569711,0.710045,0.920312,0.222195,0.990728,0.517303,0.808227,0.184034,2.040848,3.531455,2.212852,2.856824,1.742543,2.525967,2.455517,0.000000,0.000000,0.000000
0.522434,0.319251,0.070803,0.823574,0.824171,0.383547,0.652673,0.011167,0.164553,0.755228,2.259346,1.544502,2.205397,1.995758,2.093158,1.443163,1.824421,0.000000,0.000000,0.000000
0.702457,0.528919,0.859009,0.006766,0.483781,0.988173,0.177002,0.228800,0.721733,0.498258,1.868360,2.007034,2.568842,1.260130,2.584577,2.657039,1.588480,0.000000,0.000000,0.000000
0.846773,0.108445,0.907189,0.534308,0.226568,0.036015,0.457065,0.427876,0.925822,0.293625,2.382614,2.033067,1.694504,1.789321,2.679597,1.894437,1.592723,0.000000,0.000000,0.000000
0.611426,0.649409,0.282932,0.693472,0.185105,0.495540,0.943105,0.361649,0.465894,0.475408,1.880971,2.726468,1.758380,2.584589,1.860088,1.986474,1.446685,0.000000,0.000000,0.000000
0.188303,0.557386,0.233128,0.471878,0.794048,0.169147,0.240624,0.939374,0.774974,0.162598,1.530526,2.099585,1.806335,2.102347,1.227411,1.942899,3.558895,0.000000,0.000000,0.000000
0.004674,0.422697,0.992171,0.965875,0.950780,0.734334,0.874850,0.363936,0.377210,0.412702,3.020572,2.225461,2.638316,3.030378,2.151694,1.952146,2.215678,0.000000,0.000000,0.000000
0.204100,0.023241,0.604054,0.464527,0.433707,0.381027,0.529915,0.036990,0.781851,0.962866,2.722092,1.931196,1.577631,1.418038,2.351619,1.992330,1.436444,0.000000,0.000000,0.000000
0.681549,0.207879,0.811361,0.695110,0.994000,0.520002,0.290272,0.482347,0.950491,0.301054,2.380702,2.018162,2.824622,1.902466,2.306307,2.432418,2.459317,0.000000,0.000000,0.000000
0.955196,0.241509,0.896281,0.109135,0.013133,0.020600,0.861559,0.257134,0.119063,0.381206,1.967850,1.816912,1.892291,2.000718,2.820513,1.048862,1.145368,0.000000,0.000000,0.000000
0.922213,0.918417,0.278479,0.842425,0.110187,0.135115,0.299834,0.590347,0.472917,0.017593,1.919982,2.343362,1.931577,2.278100,1.944119,2.133440,1.807205,0.000000,0.000000,0.000000
0.105148,0.363031,0.826518,0.297477,0.483934,0.094680,0.085965,0.805882,0.676528,0.692108,2.312139,1.808955,1.330035,1.839597,2.148782,1.600214,2.782825,0.000000,0.000000,0.000000
0.373991,0.515203,0.296420,0.125747,0.373761,0.685536,0.897265,0.452258,0.204907,0.539797,1.370899,2.192714,1.877543,2.259330,1.691417,1.864275,1.782835,0.000000,0.000000,0.000000
0.110115,0.809542,0.124186,0.722866,0.938594,0.344941,0.862732,0.128884,0.181239,0.058934,1.738493,2.478734,2.227235,2.250914,1.115504,1.908329,1.971816,0.000000,0.000000,0.000000
0.203515,0.725131,0.346888,0.049162,0.169240,0.402402,0.880595,0.379402,0.532684,0.469997,1.273315,2.741354,1.439473,2.154968,1.466153,2.067439,1.457132,0.000000,0.000000,0.000000
0.974116,0.832838,0.513369,0.746535,0.073800,0.190943,0.702896,0.421416,0.735517,0.942777,2.848049,2.776410,2.120729,2.331532,2.998241,2.309600,1.428982,0.000000,0.000000,0.000000
0.987110,0.879111,0.465308,0.261728,0.074784,0.648625,0.893146,0.070053,0.047069,0.228983,1.490246,2.532378,2.616045,1.885692,2.140288,2.330250,1.084599,0.000000,0.000000,0.000000
0.704589,0.693138,0.314326,0.878615,0.936737,0.396247,0.475641,0.250352,0.401768,0.612759,2.207491,1.989814,2.623514,2.154845,2.111119,1.890676,2.062090,0.000000,0.000000,0.000000
0.083929,0.334708,0.901372,0.072123,0.017392,0.387801,0.966476,0.055349,0.991159,0.022558,1.884605,3.005951,1.388694,1.989800,1.816775,2.407693,1.023519,0.000000,0.000000,0.000000
0.433524,0.671359,0.048316,0.317070,0.770629,0.206013,0.818105,0.651225,0.034987,0.609125,1.545410,2.033264,1.881361,2.352397,1.804670,1.509833,2.618817,0.000000,0.000000,0.000000
0.267675,0.003426,0.790463,0.968498,0.566050,0.576203,0.907847,0.952055,0.061148,0.919284,3.370200,1.809394,1.915794,3.684679,2.606664,1.579942,3.378866,0.000000,0.000000,0.000000
0.872500,0.899341,0.886709,0.006605,0.776625,0.360558,0.462550,0.802881,0.961159,0.407327,1.860440,2.868936,2.627900,2.016834,2.735593,3.011784,3.065861,0.000000,0.000000,0.000000
0.541161,0.081164,0.128255,0.482532,0.159693,0.205553,0.188045,0.942491,0.382054,0.318163,1.531188,1.395291,1.389537,2.090203,1.644499,1.352053,2.936272,0.000000,0.000000,0.000000
0.045373,0.807606,0.448106,0.941960,0.797565,0.947877,0.564521,0.415742,0.471871,0.157184,2.146643,2.304003,2.584081,2.570217,1.160059,2.697283,2.143247,0.000000,0.000000,0.000000
0.450074,0.905611,0.822967,0.971799,0.852185,0.372763,0.120057,0.764484,0.610275,0.958968,3.530960,2.432137,2.190151,2.696658,2.927069,2.487918,3.021056,0.000000,0.000000,0.000000
0.334565,0.862027,0.479201,0.654553,0.616465,0.444453,0.557358,0.245603,0.372986,0.922902,2.670267,2.289220,1.861931,1.836687,2.296354,2.224137,1.737107,0.000000,0.000000,0.000000
0.920028,0.082784,0.536159,0.325765,0.778613,0.236543,0.137449,0.226825,0.408655,0.706871,1.966430,1.418105,2.621541,1.280288,2.573822,1.404110,1.881512,0.000000,0.000000,0.000000
0.520394,0.100228,0.782643,0.916378,0.738305,0.171061,0.328792,0.813051,0.258324,0.473869,2.635316,1.303914,1.857084,2.690683,2.224338,1.238799,3.060409,0.000000,0.000000,0.000000
0.324847,0.285606,0.383229,0.521358,0.623423,0.916672,0.121207,0.365894,0.149342,0.887678,2.367689,1.232693,2.339608,1.522298,2.169102,1.962272,1.891179,0.000000,0.000000,0.000000
0.322139,0.246599,0.253692,0.317898,0.940730,0.183821,0.910706,0.009641,0.614690,0.503605,1.509981,2.430826,2.102223,1.871152,1.592085,1.576660,1.940916,0.000000,0.000000,0.000000
0.666203,0.289966,0.642286,0.190238,0.563174,0.178271,0.659919,0.312908,0.843277,0.283004,1.625435,2.214748,1.791114,1.755286,2.011257,1.913768,1.758997,0.000000,0.000000,0.000000
0.652829,0.506558,0.689661,0.185122,0.468429,0.988058,0.461711,0.052921,0.122498,0.882969,2.349148,1.477526,2.485710,1.272442,2.760488,2.133048,1.474030,0.000000,0.000000,0.000000
0.566492,0.537832,0.870824,0.853415,0.714516,0.437761,0.919411,0.351125,0.888892,0.171395,2.616784,2.955347,2.130088,2.817997,2.256243,2.383464,1.961093,0.000000,0.000000,0.000000
0.513158,0.635767,0.102824,0.524366,0.017394,0.063870,0.779177,0.480562,0.584672,0.518106,1.674016,2.461924,1.199303,2.231858,1.782679,1.662688,1.479273,0.000000,0.000000,0.000000
0.371823,0.435322,0.481585,0.400415,0.940397,0.198071,0.717978,0.453173,0.008558,0.583083,1.830579,1.568175,2.133823,2.032864,1.823500,1.280640,2.351129,0.000000,0.000000,0.000000
0.700454,0.428700,0.635776,0.290394,0.688290,0.229916,0.956122,0.506804,0.719933,0.938167,2.520338,2.777774,2.047326,2.445462,2.837598,1.827007,2.201991,0.000000,0.000000,0.000000
0.384451,0.679048,0.794362,0.745461,0.278016,0.110224,0.481520,0.609006,0.889099,0.574601,2.566186,2.461851,1.244340,2.255129,2.215868,2.213834,2.019792,0.000000,0.000000,0.000000
0.428002,0.702692,0.086553,0.035373,0.433559,0.712737,0.678647,0.120200,0.946741,0.836951,1.629138,2.753075,1.979114,1.580806,2.129137,2.956027,1.462455,0.000000,0.000000,0.000000
0.156101,0.343510,0.662134,0.056011,0.175702,0.550357,0.079994,0.138280,0.748777,0.618433,1.730958,1.867288,1.585032,1.144855,1.828854,2.151558,1.213945,0.000000,0.000000,0.000000
0.875402,0.564820,0.985535,0.519629,0.060431,0.957182,0.988565,0.442600,0.526844,0.604840,2.712179,2.811951,2.631680,2.560168,3.198464,2.414936,1.452220,0.000000,0.000000,0.000000
0.713426,0.243741,0.854796,0.883295,0.569368,0.844594,0.518583,0.758499,0.872009,0.222474,2.624983,2.070881,2.531891,2.716583,2.387501,2.619475,2.720009,0.000000,0.000000,0.000000
0.296090,0.887619,0.095882,0.725764,0.920981,0.010982,0.237014,0.889118,0.038951,0.000854,1.734957,1.840134,1.885146,2.327578,1.296972,1.711826,3.502043,0.000000,0.000000,0.000000
0.981123,0.478062,0.076826,0.142082,0.384545,0.317244,0.439034,0.286706,0.562124,0.124299,1.149904,1.875291,2.409549,1.482325,1.997027,1.742485,1.548945,0.000000,0.000000,0.000000
0.753445,0.073154,0.518043,0.534989,0.021590,0.274403,0.364514,0.150884,0.556424,0.053758,1.803513,1.610209,1.702584,1.436875,1.895361,1.584402,1.067122,0.000000,0.000000,0.000000
0.644662,0.542927,0.060080,0.543295,0.703309,0.207710,0.095504,0.855777,0.916296,0.597103,1.759791,2.211937,1.970267,2.025263,2.001410,2.207347,3.168018,0.000000,0.000000,0.000000
0.157019,0.472347,0.883125,0.268661,0.638219,0.676858,0.939810,0.468001,0.140730,0.061242,2.048800,2.193924,2.088052,2.370637,1.849527,1.802049,2.076270,0.000000,0.000000,0.000000
0.219369,0.917014,0.919737,0.523300,0.589414,0.599036,0.791578,0.572295,0.363340,0.617964,2.605203,2.700254,1.957001,2.342193,2.379267,2.502183,2.244458,0.000000,0.000000,0.000000
0.998995,0.497329,0.528194,0.340588,0.034242,0.608065,0.743365,0.048504,0.534456,0.273961,1.640139,2.192569,2.606226,1.640604,2.221410,2.016716,1.038948,0.000000,0.000000,0.000000
0.227534,0.350884,0.558146,0.544014,0.853571,0.791800,0.120568,0.960573,0.469187,0.881293,2.540022,1.594060,2.532163,2.136112,2.178089,2.055138,3.698972,0.000000,0.000000,0.000000
0.326469,0.742792,0.317862,0.372844,0.697026,0.837716,0.904332,0.342817,0.024404,0.374408,1.526365,2.315720,2.358357,2.212463,1.498766,2.248139,1.932074,0.000000,0.000000,0.000000
0.470948,0.552915,0.316495,0.331328,0.259009,0.285586,0.379535,0.073903,0.340457,0.430539,1.511303,1.700842,1.457124,1.254322,1.688015,1.570531,1.269932,0.000000,0.000000,0.000000
0.026558,0.242926,0.360071,0.684883,0.787291,0.939678,0.043725,0.143365,0.950364,0.524326,1.958680,2.009460,2.559523,1.466531,1.348159,2.857204,1.828398,0.000000,0.000000,0.000000
0.628027,0.968348,0.667614,0.494737,0.660879,0.411368,0.533263,0.770268,0.044722,0.218924,1.950938,2.134064,2.095834,2.175731,1.973515,2.321387,2.847504,0.000000,0.000000,0.000000
0.168757,0.641705,0.046805,0.662806,0.778211,0.780107,0.682306,0.274285,0.233260,0.976431,2.595942,1.962688,2.390525,2.031005,2.122276,2.098762,1.928675,0.000000,0.000000,0.000000
0.942686,0.838347,0.661319,0.164942,0.368205,0.712162,0.976299,0.433072,0.931723,0.844562,2.204699,3.565117,2.685460,2.390719,2.945195,3.169481,1.743307,0.000000,0.000000,0.000000
0.908182,0.535303,0.421792,0.748584,0.272862,0.193794,0.387074,0.379907,0.286614,0.291253,1.951199,1.631157,2.017312,1.949224,2.068051,1.429333,1.561520,0.000000,0.000000,0.000000
0.717988,0.107672,0.570855,0.068118,0.920320,0.684707,0.361695,0.345945,0.477774,0.847008,2.001657,1.536686,2.901824,1.477084,2.621439,1.914223,2.159676,0.000000,0.000000,0.000000
0.189980,0.409239,0.493820,0.913558,0.297470,0.423258,0.444380,0.200649,0.506933,0.856203,2.785086,1.762164,1.518603,2.160568,2.043486,1.748777,1.377990,0.000000,0.000000,0.000000
0.630395,0.176282,0.078712,0.936743,0.995282,0.160479,0.129823,0.393899,0.993083,0.983485,2.894205,2.026346,2.401582,2.232732,2.598124,2.152170,2.305595,0.000000,0.000000,0.000000
0.813571,0.352691,0.157719,0.976486,0.012555,0.038691,0.215907,0.094322,0.133308,0.128065,2.003461,1.267764,1.577349,2.072040,1.833895,1.100334,1.030348,0.000000,0.000000,0.000000
0.437164,0.534280,0.917089,0.217833,0.728559,0.248736,0.658058,0.493653,0.764475,0.283197,2.081597,2.334896,1.863083,1.937030,2.288684,1.985672,2.215947,0.000000,0.000000,0.000000
0.584082,0.682028,0.509268,0.435301,0.508584,0.315861,0.448659,0.466944,0.652167,0.052398,1.694799,2.207642,1.773778,1.750723,1.718908,2.058436,1.944658,0.000000,0.000000,0.000000
0.976823,0.154175,0.252546,0.848526,0.169205,0.665744,0.467172,0.078904,0.520082,0.558784,2.086780,1.645812,2.626443,1.908089,2.305170,1.939893,1.181657,0.000000,0.000000,0.000000
0.370792,0.281602,0.637183,0.722137,0.216340,0.546729,0.735818,0.166995,0.094627,0.143635,2.131103,1.572320,1.644512,2.085005,1.650122,1.578015,1.272115,0.000000,0.000000,0.000000
0.900155,0.119447,0.645556,0.783520,0.769012,0.150937,0.397231,0.188648,0.905961,0.561037,2.376855,1.982908,2.471693,1.827446,2.483947,1.973406,1.840188,0.000000,0.000000,0.000000
0.827770,0.324719,0.833221,0.955654,0.064717,0.723952,0.030404,0.875777,0.696584,0.635394,2.906437,1.802055,2.295330,2.749476,2.809967,2.243420,2.598688,0.000000,0.000000,0.000000
0.373175,0.422068,0.560173,0.085558,0.460428,0.472042,0.394143,0.974183,0.707906,0.149129,1.402668,1.947277,1.736004,2.130158,1.571193,2.048360,3.358492,0.000000,0.000000,0.000000
0.167382,0.242803,0.291633,0.230222,0.794797,0.100679,0.472371,0.682612,0.175550,0.694928,1.650869,1.339905,1.737071,1.917949,1.675109,1.145811,2.726715,0.000000,0.000000,0.000000
0.260060,0.329801,0.846069,0.549953,0.998268,0.779288,0.147463,0.397608,0.438089,0.274092,2.286378,1.550064,2.793415,1.585685,1.940832,2.007082,2.314451,0.000000,0.000000,0.000000
0.370761,0.566810,0.747217,0.578642,0.556399,0.589270,0.586881,0.986904,0.123712,0.142974,2.139898,1.647124,1.949816,2.525078,1.808399,1.786676,3.504357,0.000000,0.000000,0.000000
0.562785,0.193758,0.742568,0.588949,0.946812,0.182488,0.361831,0.805374,0.110759,0.810776,2.673326,1.195673,2.257190,2.140578,2.629600,1.202030,3.244065,0.000000,0.000000,0.000000
0.696371,0.470546,0.304590,0.906259,0.221876,0.695606,0.487396,0.715777,0.585912,0.713300,2.361959,1.923109,2.082528,2.697648,2.233426,2.143084,2.246549,0.000000,0.000000,0.000000
0.371948,0.207478,0.357835,0.712244,0.794930,0.538096,0.981297,0.848517,0.131459,0.959218,2.722866,2.119439,2.221467,3.172775,2.337868,1.564309,3.234893,0.000000,0.000000,0.000000
0.132206,0.096374,0.533972,0.490072,0.135348,0.166352,0.171186,0.846762,0.261736,0.973312,2.697253,1.276040,1.186982,1.993768,2.231793,1.235752,2.569361,0.000000,0.000000,0.000000
0.709162,0.239679,0.589637,0.529790,0.580829,0.631577,0.647682,0.119508,0.107133,0.559855,2.052941,1.436277,2.325585,1.687701,2.227600,1.656823,1.609394,0.000000,0.000000,0.000000
0.423261,0.672741,0.524702,0.151171,0.063723,0.294355,0.200425,0.607169,0.931099,0.033019,1.426519,2.391730,1.374243,1.650794,1.568808,2.465770,1.801032,0.000000,0.000000,0.000000
0.807016,0.322938,0.254264,0.153560,0.606291,0.032071,0.638193,0.465896,0.839108,0.222906,1.229286,2.203326,1.925250,1.876807,1.873142,1.769851,2.040409,0.000000,0.000000,0.000000
0.115778,0.343850,0.130882,0.218334,0.526608,0.448116,0.499232,0.844152,0.151883,0.237902,1.248929,1.394540,1.726984,2.103792,1.174618,1.511839,2.951793,0.000000,0.000000,0.000000
0.724580,0.841461,0.420799,0.920890,0.931163,0.406084,0.921110,0.421229,0.279169,0.647943,2.369987,2.768737,2.653564,3.050621,2.218921,2.079822,2.286030,0.000000,0.000000,0.000000
0.245747,0.463421,0.814997,0.619145,0.061360,0.351074,0.218217,0.949125,0.297660,0.003540,2.283365,1.522811,1.369680,2.234087,1.787096,1.539200,2.863038,0.000000,0.000000,0.000000
0.743496,0.060926,0.333720,0.646038,0.905192,0.367804,0.329116,0.281594,0.647096,0.072137,1.757783,1.686457,2.598170,1.659546,1.785865,1.786763,2.063783,0.000000,0.000000,0.000000
0.976658,0.070459,0.604962,0.131986,0.512321,0.094980,0.599778,0.901860,0.107227,0.559714,1.673311,1.327952,2.289049,2.263893,2.511340,1.106828,3.139023,0.000000,0.000000,0.000000
0.409859,0.397715,0.081521,0.981897,0.390886,0.231885,0.846419,0.581840,0.635229,0.534175,2.140966,2.399803,1.453527,3.244933,1.695743,1.698311,2.067960,0.000000,0.000000,0.000000
0.986013,0.596288,0.136821,0.956084,0.612224,0.256100,0.207125,0.276941,0.836114,0.620100,2.213247,2.200559,2.589541,2.193797,2.373098,2.167202,1.765617,0.000000,0.000000,0.000000
0.329899,0.453663,0.354956,0.960897,0.004630,0.153988,0.690579,0.647858,0.154511,0.231459,2.099290,1.689658,1.189914,3.011975,1.428194,1.271231,1.844069,0.000000,0.000000,0.000000
0.093719,0.904697,0.266496,0.273289,0.610854,0.149748,0.915973,0.977057,0.013493,0.078915,1.344800,2.600478,1.523714,2.836475,1.118873,1.890404,3.520135,0.000000,0.000000,0.000000
0.128377,0.532289,0.963360,0.569246,0.273447,0.495972,0.422031,0.597240,0.037885,0.088064,2.497991,1.396385,1.572861,1.959809,2.030190,1.648222,1.986837,0.000000,0.000000,0.000000
0.193404,0.568700,0.956845,0.911355,0.702255,0.592272,0.243027,0.658648,0.782353,0.539320,2.983778,2.120127,2.092669,2.474652,2.360313,2.388278,2.569888,0.000000,0.000000,0.000000
0.958451,0.118675,0.530619,0.300040,0.430856,0.992274,0.821506,0.018459,0.875602,0.102830,1.582684,2.444098,3.058373,1.720342,2.118425,2.760624,1.431538,0.000000,0.000000,0.000000
0.347402,0.819987,0.843639,0.489711,0.863815,0.890920,0.094344,0.704423,0.385303,0.379316,2.256014,2.058521,2.679024,1.830765,2.091724,2.590720,2.856239,0.000000,0.000000,0.000000
0.063843,0.284977,0.142125,0.136614,0.815048,0.911674,0.637446,0.575609,0.681365,0.175200,1.162191,2.021596,2.576237,1.984496,1.097409,2.399076,2.477699,0.000000,0.000000,0.000000
0.086250,0.332113,0.893781,0.452652,0.439866,0.774117,0.129621,0.803569,0.069427,0.506417,2.381371,1.181903,1.968241,1.913116,2.056701,1.815569,2.731312,0.000000,0.000000,0.000000
0.260341,0.920322,0.196596,0.622936,0.020334,0.811518,0.185912,0.469342,0.648176,0.375305,1.714450,2.501595,1.829576,1.745636,1.408794,3.011156,1.460898,0.000000,0.000000,0.000000
0.150472,0.716862,0.859822,0.185509,0.620812,0.393038,0.751582,0.393507,0.472755,0.098664,1.925764,2.411196,1.781852,1.964766,1.795868,1.984924,1.930507,0.000000,0.000000,0.000000
0.179766,0.364446,0.637877,0.105511,0.572264,0.856573,0.706418,0.361525,0.594528,0.766574,1.962864,2.079870,2.189869,1.861726,2.026946,2.258442,1.833665,0.000000,0.000000,0.000000
0.273810,0.118632,0.881924,0.258318,0.117381,0.742166,0.119599,0.201567,0.335244,0.663359,2.328017,1.351028,1.776472,1.233109,2.399807,1.856224,1.198640,0.000000,0.000000,0.000000
0.746268,0.287849,0.225985,0.300177,0.955783,0.096245,0.454657,0.392871,0.220435,0.520572,1.492318,1.397275,2.425374,1.626632,2.028804,1.168687,2.264478,0.000000,0.000000,0.000000
0.439754,0.884239,0.496435,0.422505,0.125825,0.276888,0.406702,0.729653,0.212382,0.654911,1.949850,2.061532,1.377761,1.970481,1.991007,2.013362,2.190611,0.000000,0.000000,0.000000
0.124581,0.528059,0.437801,0.223794,0.918277,0.425673,0.136201,0.690541,0.914892,0.663046,1.706959,2.196265,2.270840,1.720300,1.648125,2.409947,2.871971,0.000000,0.000000,0.000000
0.239114,0.733629,0.928993,0.929853,0.836913,0.045656,0.604456,0.446789,0.761280,0.091580,2.793648,2.520340,1.759751,2.616131,2.049246,2.020052,2.236154,0.000000,0.000000,0.000000
0.368144,0.922554,0.087684,0.968289,0.172324,0.322609,0.847313,0.968562,0.358191,0.054040,1.976136,2.817615,1.402199,3.594353,1.371738,2.236100,3.048547,0.000000,0.000000,0.000000
0.788279,0.984830,0.401690,0.804162,0.565023,0.196291,0.406783,0.073727,0.549917,0.081510,1.966059,2.587118,2.005365,1.759232,1.859737,2.453875,1.575894,0.000000,0.000000,0.000000
0.908074,0.855395,0.541737,0.701309,0.357707,0.059338,0.854523,0.833706,0.015826,0.683940,2.314717,2.371507,1.936088,2.908843,2.534836,1.685480,2.747837,0.000000,0.000000,0.000000
0.371395,0.083305,0.526111,0.723501,0.554843,0.394150,0.925080,0.476336,0.084521,0.005182,2.000294,1.883120,1.753229,2.710830,1.517046,1.401872,2.008636,0.000000,0.000000,0.000000
0.043618,0.908121,0.625713,0.732879,0.218154,0.950907,0.184067,0.543303,0.831431,0.304178,2.152540,2.662351,1.998581,1.970821,1.381120,3.391096,1.808510,0.000000,0.000000,0.000000
0.107353,0.004701,0.573809,0.677942,0.926322,0.336420,0.109170,0.666999,0.647924,0.756839,2.440720,1.649247,2.195729,1.990502,1.869090,1.756226,2.816096,0.000000,0.000000,0.000000
