0.553533,0.937812,0.776026,0.219611,0.007750,0.903243,0.834092,0.337246,0.984808,0.805536,2.474175,2.476694,2.434763,2.688297,2.268704,2.272931,3.665325,1.900353,0.000000,0.000000
0.765655,0.780966,0.535409,0.299267,0.156882,0.297589,0.181716,0.584358,0.111175,0.922551,2.172334,2.045566,1.919861,1.469819,2.358023,2.100645,1.255371,1.903686,0.000000,0.000000
0.787217,0.198269,0.797832,0.667211,0.979086,0.198228,0.752309,0.706824,0.195494,0.907388,2.390500,2.232888,2.623415,2.144732,2.194369,3.373846,1.956957,2.594455,0.000000,0.000000
0.783315,0.645904,0.673649,0.918034,0.450734,0.804741,0.371626,0.603772,0.500703,0.167400,2.652219,2.335103,2.174004,2.239334,2.815854,1.676266,2.139513,2.811896,0.000000,0.000000
0.929953,0.310740,0.970262,0.034838,0.493885,0.330759,0.787636,0.070417,0.557159,0.483440,1.444959,2.185079,2.465298,1.897386,1.935634,2.640774,2.734687,1.975262,0.000000,0.000000
0.602954,0.575115,0.286109,0.887822,0.472535,0.768390,0.123087,0.853276,0.478197,0.162727,2.560927,2.301154,1.744616,2.334764,2.437785,1.409437,1.971544,2.713996,0.000000,0.000000
0.350423,0.481595,0.073000,0.450926,0.249281,0.157250,0.377475,0.883342,0.873676,0.610051,1.587622,2.689683,1.366307,2.091468,1.725890,1.672580,2.889840,1.944981,0.000000,0.000000
0.517271,0.090757,0.733024,0.663093,0.080769,0.735872,0.621008,0.144882,0.018857,0.506074,2.305176,1.283643,1.618841,2.165556,1.809736,1.906469,1.423364,2.045572,0.000000,0.000000
0.020638,0.433509,0.399475,0.437948,0.146443,0.835676,0.700292,0.742435,0.696036,0.851558,2.644983,2.226910,1.387492,2.807884,1.625886,1.936752,2.882482,2.034681,0.000000,0.000000
0.487096,0.037519,0.901520,0.441669,0.637089,0.473658,0.357358,0.295374,0.672209,0.227326,1.680477,1.862808,2.449880,1.607479,1.558646,2.365908,2.472122,2.074923,0.000000,0.000000
0.584535,0.423919,0.081787,0.724209,0.477397,0.890863,0.741147,0.820039,0.593088,0.167765,2.420063,2.371517,1.560267,3.086230,2.103641,1.396220,2.735475,2.134082,0.000000,0.000000
0.278414,0.214689,0.585168,0.387569,0.192754,0.585268,0.974890,0.481544,0.864493,0.219781,1.746094,2.250474,1.545071,2.429091,1.455242,1.457310,3.679396,1.875270,0.000000,0.000000
0.866525,0.151464,0.318650,0.780498,0.539904,0.030871,0.072348,0.281309,0.265407,0.511263,1.773688,2.002395,1.644917,1.095562,2.454084,1.835114,1.536047,1.873247,0.000000,0.000000
0.585440,0.601216,0.587904,0.062088,0.693540,0.838118,0.288745,0.557884,0.605047,0.607408,2.066074,2.124619,2.256487,2.164821,1.624201,2.291604,2.293468,1.899378,0.000000,0.000000
0.828825,0.038304,0.163658,0.555172,0.372589,0.504647,0.709408,0.139156,0.531173,0.823496,2.371313,1.990663,1.399429,1.966772,2.126002,1.966701,2.565605,1.354135,0.000000,0.000000
0.560115,0.573612,0.536112,0.727429,0.563077,0.791353,0.417708,0.285214,0.595665,0.734232,2.716327,1.815755,2.039229,2.067149,2.232184,2.205374,2.365810,2.002379,0.000000,0.000000
0.931054,0.153772,0.047371,0.861303,0.329118,0.441503,0.094228,0.551679,0.097176,0.640841,2.446525,2.368216,1.334998,1.457057,2.692043,1.749266,1.203230,1.990673,0.000000,0.000000
0.281332,0.283894,0.108331,0.701462,0.765003,0.274672,0.538544,0.887661,0.850033,0.032501,1.766755,2.632484,1.799619,2.313414,1.804324,1.619002,2.990096,2.241426,0.000000,0.000000
0.504454,0.271610,0.363432,0.841850,0.025747,0.580904,0.112212,0.157601,0.822057,0.579137,2.483858,1.961749,1.177867,1.453576,2.043992,1.627804,2.656705,1.984899,0.000000,0.000000
0.301751,0.773354,0.317035,0.979166,0.754141,0.459439,0.597823,0.518060,0.617461,0.442651,2.504939,1.926793,2.317177,1.947948,2.604719,2.043245,2.592313,2.524214,0.000000,0.000000
0.227271,0.755821,0.521288,0.196823,0.277574,0.675774,0.290869,0.772697,0.739613,0.845410,2.318743,2.331464,1.981090,2.208886,1.779828,2.064113,2.563832,2.125973,0.000000,0.000000
0.690381,0.576517,0.410814,0.158406,0.024761,0.037826,0.437603,0.260218,0.247397,0.740311,1.468653,1.650477,1.385148,1.456655,1.819832,1.810256,1.686291,1.482502,0.000000,0.000000
0.616408,0.292866,0.226835,0.672596,0.991830,0.084738,0.781319,0.951406,0.662075,0.039712,1.537186,2.623959,2.068404,2.649686,1.992576,2.035111,2.934609,2.436281,0.000000,0.000000
0.431605,0.311338,0.292754,0.433733,0.374029,0.229821,0.027932,0.985083,0.462219,0.129504,1.420117,2.279130,1.489913,2.036662,1.611065,1.294493,1.925219,2.344738,0.000000,0.000000
0.061034,0.163314,0.452108,0.037270,0.239213,0.491987,0.299380,0.268767,0.119348,0.680690,1.808766,1.283238,1.447971,1.560846,1.064169,1.830324,1.328325,1.524395,0.000000,0.000000
0.106388,0.268744,0.893207,0.764673,0.143883,0.505711,0.892465,0.317879,0.103145,0.261680,2.108355,1.329722,1.961111,2.180329,1.838101,1.994999,2.002783,2.441377,0.000000,0.000000
0.685202,0.463089,0.829521,0.027111,0.493550,0.382495,0.466912,0.492443,0.583866,0.126480,1.385254,2.155047,2.280965,1.732632,1.563266,1.940869,2.385739,2.072041,0.000000,0.000000
0.425106,0.372911,0.818961,0.992720,0.364780,0.393189,0.171057,0.505787,0.158277,0.335246,2.416360,1.607661,2.087335,1.455045,2.208606,2.017585,1.345814,3.053099,0.000000,0.000000
0.424378,0.670834,0.769401,0.356245,0.647741,0.580282,0.392836,0.280813,0.416061,0.252937,1.723375,1.530349,2.541607,1.751707,1.882692,2.127975,1.986443,1.893469,0.000000,0.000000
0.723038,0.770077,0.056153,0.146351,0.157622,0.264976,0.450539,0.773394,0.335567,0.309076,1.315920,2.263993,1.617445,1.983349,2.117363,1.334098,1.874120,1.657427,0.000000,0.000000
0.773474,0.247038,0.106794,0.521091,0.736728,0.918000,0.086252,0.623835,0.393011,0.637244,2.448309,2.241033,1.763209,2.171753,2.044860,2.181231,1.793461,1.637459,0.000000,0.000000
0.343702,0.574403,0.373807,0.119118,0.761305,0.097237,0.818210,0.807778,0.224028,0.243013,1.125778,1.898569,2.090555,2.354745,1.489658,1.874831,2.117524,2.028003,0.000000,0.000000
0.590064,0.343355,0.703603,0.609515,0.867376,0.055948,0.889694,0.189691,0.564547,0.770685,1.885208,1.713850,2.402913,1.899650,1.932853,2.871351,2.920650,1.966026,0.000000,0.000000
0.896786,0.251824,0.141001,0.699519,0.836609,0.289537,0.640338,0.036314,0.290346,0.869767,2.436839,1.841833,1.872460,1.724217,2.484152,2.572486,1.990724,1.484612,0.000000,0.000000
0.438454,0.929843,0.637179,0.290223,0.857924,0.952650,0.861771,0.214226,0.236536,0.801593,2.551945,1.354464,3.067870,2.779145,2.239120,2.796319,2.215721,1.707517,0.000000,0.000000
0.698370,0.897908,0.056056,0.189595,0.923853,0.283380,0.478406,0.319362,0.941264,0.891025,2.026735,2.545949,2.650923,1.591283,2.336443,2.744706,3.111400,1.164863,0.000000,0.000000
0.402605,0.247635,0.064743,0.956676,0.394366,0.820062,0.880822,0.637388,0.004717,0.277817,2.756734,1.702669,1.413744,2.812270,2.083258,1.433614,1.785281,2.346586,0.000000,0.000000
0.154973,0.520971,0.587605,0.639324,0.345119,0.589433,0.969411,0.187669,0.196964,0.359719,2.044714,1.230186,1.831796,2.323452,1.914456,1.681714,2.333685,1.884138,0.000000,0.000000
0.124801,0.695656,0.123811,0.005904,0.381640,0.303852,0.375267,0.089556,0.058284,0.127685,1.305968,1.094897,1.733623,1.468312,1.491785,1.275233,1.257393,1.131832,0.000000,0.000000
0.932460,0.095160,0.946068,0.663259,0.516941,0.881978,0.645116,0.305330,0.565205,0.455899,2.416646,2.435544,2.412848,2.451466,2.483072,2.569901,2.546584,2.331071,0.000000,0.000000
0.620813,0.468341,0.186542,0.241326,0.058172,0.354672,0.084584,0.710641,0.456292,0.589513,1.617781,2.158110,1.195697,1.569258,1.699936,1.599388,1.919738,1.705608,0.000000,0.000000
0.450621,0.031638,0.471713,0.936414,0.537013,0.331428,0.446824,0.040413,0.524688,0.197998,2.216061,1.407213,1.759558,1.556734,2.028917,1.591343,2.249028,2.294459,0.000000,0.000000
0.334366,0.155604,0.995054,0.873414,0.775832,0.850381,0.485282,0.557956,0.253646,0.590681,2.819323,1.659675,2.769733,2.382129,1.935009,3.177832,1.742789,2.972655,0.000000,0.000000
0.202638,0.228558,0.543835,0.600562,0.730432,0.333115,0.442789,0.866881,0.743897,0.344189,1.734564,2.428585,2.038127,2.205200,1.661121,2.038562,2.683857,2.511925,0.000000,0.000000
0.013661,0.593637,0.428856,0.115329,0.347293,0.920217,0.578685,0.003159,0.587804,0.232553,1.946095,1.348675,1.740411,2.425484,1.467736,1.432040,2.510485,1.430400,0.000000,0.000000
0.381918,0.967894,0.611298,0.622959,0.209963,0.021873,0.348707,0.961222,0.872690,0.096635,1.410854,2.778518,2.490389,2.237305,2.615485,1.369152,2.866978,2.777003,0.000000,0.000000
0.388847,0.383227,0.773456,0.743159,0.019330,0.270950,0.687441,0.148474,0.572541,0.757484,2.257865,1.535072,1.673846,1.764129,1.948816,2.220565,2.617657,2.205936,0.000000,0.000000
0.144428,0.704260,0.989906,0.353659,0.753611,0.281282,0.118212,0.314494,0.945052,0.660935,1.695077,2.210629,3.082825,1.228437,1.852654,3.198888,2.904078,2.133046,0.000000,0.000000
0.446514,0.411481,0.851970,0.144750,0.812412,0.853206,0.587306,0.520761,0.222121,0.738410,2.276776,1.659122,2.607935,2.456492,1.403090,3.016828,1.789170,2.126195,0.000000,0.000000
0.833917,0.369461,0.080214,0.475074,0.779120,0.170402,0.186296,0.825104,0.869307,0.062671,1.396344,3.160719,1.835986,1.777060,2.191496,1.670215,2.773320,1.868233,0.000000,0.000000
0.063215,0.362819,0.100918,0.616553,0.998554,0.087028,0.675988,0.032592,0.961537,0.598264,1.681297,1.957399,2.056499,1.683597,1.748444,2.596401,3.380035,1.336355,0.000000,0.000000
0.627358,0.230596,0.174188,0.369136,0.932100,0.777166,0.534218,0.262371,0.442580,0.536583,2.067922,1.705162,1.974703,2.156267,1.669225,2.410679,2.170549,1.293326,0.000000,0.000000
0.454211,0.182223,0.220627,0.528820,0.545705,0.483840,0.926454,0.965563,0.261886,0.832356,2.340160,2.127854,1.600432,3.060761,1.655732,2.140889,2.382089,2.300824,0.000000,0.000000
0.588103,0.606546,0.788563,0.909332,0.223614,0.917650,0.625794,0.503973,0.696295,0.875095,3.414675,2.192204,2.068593,2.595879,2.480634,2.415452,2.784209,2.794465,0.000000,0.000000
0.388227,0.399022,0.106710,0.812205,0.982375,0.624184,0.764337,0.393969,0.678073,0.684462,2.604524,1.912266,2.057294,2.215091,2.029937,2.650738,2.940357,1.797715,0.000000,0.000000
0.188742,0.783231,0.608316,0.831065,0.887883,0.599613,0.096227,0.189648,0.446351,0.884103,2.981331,1.395601,2.738405,1.462584,2.451240,2.897545,1.901961,2.218274,0.000000,0.000000
0.679881,0.924570,0.806409,0.028751,0.741969,0.957726,0.159491,0.416447,0.867893,0.939255,2.787164,2.483953,3.182614,2.148955,2.197848,3.014177,2.761224,1.979860,0.000000,0.000000
0.486634,0.400994,0.391310,0.988080,0.452192,0.024419,0.571760,0.296714,0.345294,0.201582,2.008913,1.531183,1.669794,1.598479,2.264117,1.465979,2.017498,2.444014,0.000000,0.000000
0.824600,0.568746,0.304858,0.242846,0.559230,0.164942,0.486413,0.968379,0.350272,0.090855,1.224666,2.651769,1.836141,2.421723,2.127017,1.431925,1.937143,2.256937,0.000000,0.000000
0.243590,0.434711,0.501749,0.773903,0.605406,0.517108,0.296620,0.218368,0.022326,0.759039,2.553348,1.233321,1.939306,1.574434,1.977330,2.251871,1.132635,2.012945,0.000000,0.000000
0.572720,0.439195,0.547612,0.482258,0.287329,0.657958,0.275427,0.588148,0.152417,0.807692,2.417441,1.799236,1.671925,1.911787,1.863006,2.054467,1.380694,2.005690,0.000000,0.000000
0.439554,0.764925,0.045318,0.567954,0.741305,0.426588,0.361452,0.493898,0.093725,0.467841,1.851559,1.587607,2.190924,1.663909,2.237989,2.017468,1.318098,1.472459,0.000000,0.000000
0.371471,0.204790,0.192396,0.934991,0.941593,0.477559,0.625576,0.241354,0.620140,0.932671,3.163074,1.677186,1.987198,1.867698,2.028189,2.826390,2.631624,2.068024,0.000000,0.000000
0.694814,0.832251,0.108607,0.914849,0.742085,0.145121,0.465512,0.261791,0.253571,0.451871,2.074337,1.661522,2.330333,1.504514,2.942924,2.003842,1.723843,1.942823,0.000000,0.000000
0.061291,0.008934,0.718477,0.641723,0.366346,0.467734,0.780542,0.635398,0.887326,0.256557,1.896429,2.422976,1.882555,2.255846,1.642033,1.761650,3.383898,2.386474,0.000000,0.000000
0.090622,0.739202,0.124089,0.188510,0.252327,0.962880,0.559399,0.977130,0.335313,0.304623,2.026684,2.090309,1.671639,3.419485,1.735674,1.370203,1.983554,2.085571,0.000000,0.000000
0.608258,0.301692,0.206989,0.802982,0.596783,0.028686,0.834612,0.249506,0.437910,0.297109,1.699693,1.666312,1.667087,1.850968,2.119041,1.662127,2.572397,1.786988,0.000000,0.000000
0.050001,0.415528,0.017064,0.881884,0.986299,0.514470,0.399144,0.316695,0.569910,0.155877,2.295977,1.641617,2.058336,1.695586,2.054673,2.128667,2.299136,1.803218,0.000000,0.000000
0.117106,0.818717,0.547612,0.859612,0.718354,0.951052,0.906339,0.311651,0.361126,0.403573,2.755716,1.443669,2.567017,2.841108,2.531515,2.083823,2.543703,2.279935,0.000000,0.000000
0.283301,0.904617,0.969242,0.284166,0.165890,0.070441,0.734588,0.715675,0.541716,0.576030,1.342324,2.031869,2.845596,2.106112,2.125236,2.514084,2.623051,2.504379,0.000000,0.000000
0.174741,0.013877,0.760596,0.299959,0.369174,0.491881,0.515119,0.885181,0.911486,0.315735,1.613332,2.721323,1.947682,2.450646,1.305487,1.892033,3.088318,2.571130,0.000000,0.000000
0.809214,0.702026,0.720719,0.244573,0.126405,0.751337,0.600055,0.974858,0.359038,0.134446,1.813583,2.633662,1.991828,3.091016,2.267309,1.524791,2.078143,2.685696,0.000000,0.000000
0.986224,0.891165,0.892457,0.094118,0.108396,0.786248,0.346768,0.435553,0.777893,0.421504,1.869992,2.999910,2.612616,2.047581,2.847532,2.144078,2.676033,2.082997,0.000000,0.000000
0.778328,0.884745,0.110079,0.896264,0.034780,0.220060,0.477902,0.100001,0.501437,0.237359,2.036722,1.822946,1.739451,1.527328,3.150544,1.239902,2.231264,1.840038,0.000000,0.000000
0.573121,0.413516,0.382402,0.871203,0.610005,0.685028,0.638678,0.338909,0.281786,0.396643,2.506425,1.606564,1.826946,2.146868,2.230450,1.824669,1.971482,2.158499,0.000000,0.000000
0.958145,0.884501,0.444481,0.803765,0.586108,0.697311,0.716068,0.602097,0.000821,0.243908,2.357859,2.481714,2.475654,2.420583,3.465724,1.675243,1.514395,2.326264,0.000000,0.000000
0.112390,0.539853,0.885106,0.898418,0.425110,0.845722,0.228446,0.795277,0.650128,0.147945,2.656115,2.219362,2.365859,2.446675,2.191280,2.022067,2.352443,3.242734,0.000000,0.000000
0.346094,0.117923,0.288189,0.413372,0.923458,0.419906,0.370140,0.236338,0.773362,0.515407,1.727697,1.875883,2.008151,1.559661,1.468734,2.392117,2.683728,1.414680,0.000000,0.000000
0.704801,0.751215,0.281675,0.914837,0.289726,0.061947,0.913164,0.010217,0.474206,0.419779,1.972845,1.585194,1.792996,1.917002,2.829267,1.526069,2.782281,2.047432,0.000000,0.000000
0.955835,0.205809,0.939214,0.266273,0.638356,0.470425,0.052643,0.831247,0.141352,0.558554,1.715585,2.724499,2.529196,1.848311,2.181902,2.794553,1.285475,2.649065,0.000000,0.000000
0.188370,0.835549,0.500551,0.996285,0.869385,0.115334,0.275794,0.868776,0.966153,0.344732,2.148887,2.808913,2.703268,1.944824,2.701111,2.225976,3.008369,3.244220,0.000000,0.000000
0.116053,0.750391,0.484275,0.864897,0.820394,0.904653,0.392369,0.097980,0.577639,0.410660,2.721954,1.433210,2.477452,2.211707,2.429547,2.197280,2.309231,2.140858,0.000000,0.000000
0.145337,0.006575,0.974320,0.701388,0.164888,0.199474,0.526445,0.719791,0.849832,0.231864,1.703884,2.445076,2.114187,1.939158,1.704501,2.183973,2.976808,2.837464,0.000000,0.000000
0.220679,0.407595,0.837369,0.716143,0.126306,0.741850,0.300561,0.479292,0.017026,0.425351,2.331667,1.490329,1.895208,1.961007,1.893024,2.028456,1.124389,2.434372,0.000000,0.000000
0.940549,0.405442,0.013917,0.512156,0.737064,0.008385,0.076418,0.005335,0.232686,0.390801,1.330374,1.891518,1.803906,1.076489,2.508580,1.934067,1.471212,1.148286,0.000000,0.000000
0.394810,0.831410,0.824060,0.046108,0.438777,0.493216,0.963044,0.508198,0.954434,0.417592,1.568163,2.480683,2.692557,2.337557,1.798891,2.169714,3.836322,2.082423,0.000000,0.000000
0.512654,0.655098,0.509064,0.973973,0.812902,0.804786,0.970635,0.203121,0.914237,0.449863,2.844451,2.173684,2.353186,2.626695,2.537859,2.242595,3.770607,2.474256,0.000000,0.000000
0.756368,0.819601,0.308892,0.367916,0.933104,0.638584,0.672737,0.488678,0.329187,0.610151,2.001096,2.029755,2.579081,2.197226,2.472374,2.510306,2.110950,1.597499,0.000000,0.000000
0.274492,0.632300,0.463137,0.753293,0.548312,0.332368,0.824907,0.954512,0.168166,0.484669,2.013669,2.003473,2.015603,2.805024,2.173778,1.884656,2.016804,2.801686,0.000000,0.000000
0.843862,0.940682,0.650129,0.238833,0.441145,0.157907,0.209513,0.781027,0.878051,0.032021,1.214982,3.152918,2.696204,1.710877,2.724631,1.501417,2.799999,2.273756,0.000000,0.000000
0.042397,0.256731,0.224203,0.741745,0.027932,0.220063,0.592885,0.451473,0.561743,0.193799,1.777527,1.767104,1.095120,1.733336,1.807732,1.205849,2.474998,1.836128,0.000000,0.000000
0.814850,0.511979,0.088800,0.839918,0.117877,0.344643,0.830702,0.852802,0.822196,0.194849,2.057503,3.069853,1.259963,2.569700,2.643085,1.209444,3.334458,2.408602,0.000000,0.000000
0.742001,0.908043,0.459585,0.179799,0.655457,0.970402,0.840647,0.098324,0.838139,0.909421,2.754862,2.209323,2.615395,2.783278,2.412862,2.436117,3.382966,1.475065,0.000000,0.000000
0.651738,0.511727,0.382528,0.577957,0.083418,0.589468,0.410732,0.963635,0.151233,0.986344,2.883090,2.263340,1.363748,2.653029,2.116654,2.049277,1.471167,2.504178,0.000000,0.000000
0.000186,0.453192,0.571473,0.625076,0.163870,0.622453,0.919326,0.427103,0.635284,0.603333,2.232793,1.830689,1.583530,2.384684,1.830459,1.816820,3.115729,1.998120,0.000000,0.000000
0.904130,0.626171,0.365842,0.614652,0.811079,0.714730,0.618602,0.157694,0.828046,0.434053,2.174304,2.582434,2.190435,2.133363,2.745823,2.140867,3.038760,1.622923,0.000000,0.000000
0.940406,0.584452,0.567874,0.246596,0.308685,0.252935,0.570789,0.169924,0.541091,0.448404,1.403903,2.294365,1.830806,1.639672,2.419842,1.726818,2.407982,1.611743,0.000000,0.000000
0.768164,0.966032,0.738702,0.159668,0.007113,0.270295,0.724359,0.738401,0.085464,0.419985,1.369868,2.198981,2.454313,2.200022,2.546163,1.823130,1.695624,2.288009,0.000000,0.000000
0.112904,0.043152,0.836779,0.317395,0.620089,0.739001,0.385671,0.084226,0.231900,0.857872,2.471086,1.139443,2.320368,1.932390,1.320696,2.828294,1.612542,1.875847,0.000000,0.000000
0.669380,0.134512,0.722826,0.521241,0.962075,0.016834,0.507067,0.864616,0.947758,0.693477,1.622026,3.062790,2.486986,2.153703,1.839264,2.996725,3.152633,2.612004,0.000000,0.000000
0.791107,0.577759,0.798621,0.568739,0.443865,0.621656,0.553438,0.135020,0.666835,0.558696,2.119512,2.074803,2.274520,1.942355,2.397659,2.265069,2.639963,2.000818,0.000000,0.000000
0.312610,0.939452,0.211381,0.535579,0.334461,0.179187,0.049903,0.222706,0.709339,0.530350,1.615204,1.756418,2.208276,1.093057,2.448699,1.651659,2.421169,1.414607,0.000000,0.000000
0.024913,0.650883,0.910412,0.241694,0.069226,0.711278,0.790621,0.782367,0.790313,0.323449,1.803533,2.406976,2.173822,2.775422,1.665359,2.082837,3.205707,2.536629,0.000000,0.000000
0.495857,0.879837,0.468060,0.073956,0.755624,0.903489,0.241623,0.664989,0.337742,0.090663,1.909704,1.900977,2.655797,2.351980,1.969988,1.764172,1.733866,1.910674,0.000000,0.000000
0.834234,0.939949,0.849098,0.903743,0.724647,0.406284,0.757174,0.649183,0.412890,0.516769,2.361040,2.400243,3.276064,2.195831,3.367830,2.654055,2.399092,3.008671,0.000000,0.000000
0.851401,0.302558,0.993824,0.453063,0.837089,0.731512,0.109295,0.449678,0.666455,0.433023,2.017974,2.511008,2.852470,1.735334,2.161771,3.115325,2.344856,2.289032,0.000000,0.000000
0.336909,0.600963,0.908815,0.487156,0.411569,0.471609,0.214189,0.636876,0.719749,0.637995,1.968618,2.193156,2.454554,1.694928,1.886554,2.558014,2.485375,2.430038,0.000000,0.000000
0.990878,0.287972,0.249716,0.407988,0.519754,0.181454,0.724558,0.188064,0.246722,0.462674,1.446951,2.221818,1.605993,1.764135,2.463799,1.748389,2.018429,1.352995,0.000000,0.000000
0.330765,0.583784,0.904645,0.886674,0.443442,0.815328,0.767178,0.041699,0.033435,0.041491,2.601589,1.079005,2.460780,2.432011,2.263665,1.978476,1.655433,2.603477,0.000000,0.000000
0.221895,0.962183,0.320566,0.319752,0.208058,0.969233,0.396007,0.146489,0.492366,0.779959,2.545951,1.399839,2.201606,2.338563,2.256473,1.856189,2.141553,1.374717,0.000000,0.000000
0.488392,0.868397,0.560871,0.998208,0.483091,0.648144,0.519326,0.076280,0.356571,0.155084,2.648294,1.319917,2.452537,1.939860,2.868816,1.564898,1.982842,2.561325,0.000000,0.000000
0.427938,0.301402,0.853380,0.455255,0.666561,0.488927,0.096853,0.871122,0.433963,0.416652,1.768515,2.137815,2.422200,1.996958,1.624467,2.482438,1.877307,2.706590,0.000000,0.000000
0.662297,0.540311,0.937904,0.455610,0.335910,0.369514,0.014280,0.300293,0.717666,0.385425,1.634350,2.105847,2.373310,1.177900,2.038055,2.323302,2.435536,2.122656,0.000000,0.000000
0.989438,0.364831,0.998876,0.808147,0.916867,0.730771,0.365427,0.688004,0.713189,0.438907,2.468423,3.165290,2.963180,2.225121,2.909895,3.276183,2.559916,3.000029,0.000000,0.000000
0.156507,0.120564,0.956246,0.886608,0.197218,0.002631,0.724474,0.662988,0.111963,0.847289,2.396972,1.679357,2.113378,2.015899,1.904977,2.760582,1.748789,3.092739,0.000000,0.000000
0.383035,0.747404,0.142958,0.375888,0.410166,0.442871,0.251470,0.047742,0.546063,0.281314,1.606425,1.402124,1.848113,1.447714,1.990698,1.452472,2.155363,1.198347,0.000000,0.000000
0.566206,0.289819,0.765537,0.587040,0.833990,0.353545,0.111391,0.323499,0.316518,0.057465,1.698350,1.605203,2.444379,1.270239,1.852555,2.201643,1.645444,2.072492,0.000000,0.000000
0.669654,0.160681,0.495678,0.913802,0.518601,0.022124,0.758932,0.464034,0.603355,0.051441,1.857295,2.128368,1.768447,1.859341,2.239917,1.442175,2.782688,2.474061,0.000000,0.000000
0.756793,0.434983,0.632568,0.922016,0.445770,0.690742,0.607684,0.537023,0.688115,0.859463,3.175720,2.443967,1.928215,2.239683,2.544668,2.311291,2.745510,2.704781,0.000000,0.000000
0.692018,0.727284,0.533714,0.870525,0.037398,0.245007,0.438956,0.422561,0.894123,0.892768,2.714388,2.553417,1.706940,1.574435,2.730867,2.046196,2.980928,2.371966,0.000000,0.000000
0.798487,0.199134,0.835137,0.903089,0.589166,0.982744,0.216402,0.671415,0.084172,0.776856,3.267151,2.187600,2.294515,2.484860,2.451844,2.706441,1.215173,3.022467,0.000000,0.000000
0.797494,0.177019,0.411671,0.258455,0.740870,0.461559,0.500082,0.084558,0.302123,0.794948,2.030720,1.683041,1.915890,1.713724,1.796995,2.413603,1.854329,1.436086,0.000000,0.000000
0.923262,0.696465,0.189654,0.522176,0.524856,0.896554,0.580889,0.466232,0.914680,0.771617,2.628637,3.089874,1.898654,2.486045,2.794241,2.053912,3.166793,1.549407,0.000000,0.000000
0.041240,0.030633,0.418462,0.412014,0.682832,0.959225,0.036195,0.657236,0.797148,0.416150,2.201050,2.292751,1.857971,2.240207,1.413023,1.955687,2.595605,1.920362,0.000000,0.000000
0.009576,0.080555,0.927423,0.200548,0.527843,0.308976,0.110887,0.558259,0.227263,0.991705,2.324517,1.609908,2.388479,1.380336,1.207038,3.068012,1.466821,2.247141,0.000000,0.000000
0.766511,0.542594,0.863685,0.025509,0.004201,0.383491,0.831456,0.201959,0.713087,0.582262,1.581545,2.160806,1.909898,1.986759,1.770273,2.226547,3.117492,1.904489,0.000000,0.000000
0.003631,0.741330,0.046887,0.690620,0.561519,0.594707,0.443883,0.186742,0.099656,0.494540,2.192612,1.196673,1.971130,1.804071,2.240190,1.809946,1.396344,1.411155,0.000000,0.000000
0.515757,0.896661,0.511702,0.199112,0.530454,0.285938,0.448634,0.721994,0.548844,0.918522,2.100526,2.160418,2.513210,1.906753,2.140307,2.333887,2.298960,2.040872,0.000000,0.000000
0.302088,0.331139,0.924478,0.774135,0.943608,0.984110,0.316129,0.239430,0.501202,0.972802,3.504001,1.518201,2.834578,2.298326,1.911356,3.653312,2.102341,2.445732,0.000000,0.000000
0.037608,0.846398,0.051739,0.594403,0.945126,0.575461,0.415881,0.662986,0.095567,0.292411,1.953778,1.672172,2.554153,2.038453,2.310845,2.185812,1.364091,1.701300,0.000000,0.000000
0.112143,0.905276,0.573522,0.959146,0.041953,0.280246,0.868810,0.546508,0.522674,0.742545,2.609627,1.821106,2.112776,2.110574,2.780081,1.932952,2.800179,2.754571,0.000000,0.000000
0.103030,0.028383,0.736323,0.299589,0.483180,0.075911,0.239256,0.652456,0.868205,0.432609,1.246628,2.407330,2.025374,1.522769,1.301489,2.065284,2.793654,2.188911,0.000000,0.000000
0.913865,0.794697,0.898137,0.903583,0.053677,0.295910,0.484348,0.488949,0.201703,0.714924,2.477780,2.292846,2.362214,1.688805,3.298339,2.442288,1.637999,2.874950,0.000000,0.000000
0.504494,0.313165,0.744881,0.661299,0.131221,0.014224,0.910110,0.908179,0.466599,0.749344,1.872310,2.254295,1.716781,2.659369,1.887773,2.179857,2.761498,2.858867,0.000000,0.000000
0.121656,0.283432,0.728835,0.439104,0.336993,0.976739,0.579888,0.465731,0.479326,0.249691,2.185118,1.697284,1.890962,2.634927,1.521238,1.750412,2.294922,2.030404,0.000000,0.000000
0.328943,0.354981,0.336751,0.182057,0.953782,0.079973,0.150818,0.581051,0.743901,0.186235,1.119577,2.170033,2.111916,1.353389,1.343661,2.134124,2.510549,1.680406,0.000000,0.000000
0.278087,0.667416,0.466302,0.353259,0.773866,0.930151,0.178809,0.389832,0.618679,0.816259,2.598798,1.794101,2.288600,2.103232,1.820208,2.516519,2.269330,1.662355,0.000000,0.000000
0.319583,0.697569,0.743692,0.366252,0.444691,0.446962,0.344817,0.992660,0.557343,0.567480,1.763850,2.335931,2.337208,2.522733,1.885495,2.176549,2.233584,2.778196,0.000000,0.000000
0.515897,0.181740,0.665020,0.814515,0.884457,0.836007,0.911894,0.787102,0.650114,0.212087,2.508982,2.347057,2.332711,3.098435,1.984851,2.288456,3.131780,2.824928,0.000000,0.000000
0.364235,0.211805,0.698779,0.534346,0.053868,0.695387,0.556249,0.955107,0.847006,0.499180,2.105298,2.720848,1.551662,2.911087,1.627529,1.843290,3.003425,2.763576,0.000000,0.000000
0.306059,0.011908,0.751090,0.795950,0.077695,0.563036,0.552728,0.600173,0.443435,0.837359,2.783703,1.825477,1.641833,2.085925,1.824761,2.267113,2.192378,2.615560,0.000000,0.000000
0.919540,0.055077,0.213450,0.501306,0.628257,0.049914,0.200543,0.510502,0.664017,0.577968,1.494289,2.728941,1.673985,1.336078,2.281860,1.982399,2.368251,1.600044,0.000000,0.000000
0.272156,0.754729,0.494537,0.546266,0.435227,0.270646,0.252871,0.034722,0.115942,0.430529,1.648854,1.068322,2.109699,1.326162,2.136040,1.740899,1.295827,1.658752,0.000000,0.000000
0.164191,0.241070,0.716447,0.010753,0.355695,0.834793,0.334615,0.900640,0.998660,0.214467,1.844773,2.902388,1.883002,2.762049,1.073294,1.708736,3.109288,2.527600,0.000000,0.000000
0.448961,0.549457,0.128398,0.897902,0.894746,0.187888,0.046364,0.460778,0.990245,0.298811,2.020796,2.531858,2.077114,1.179497,2.290300,2.101498,2.982639,2.064627,0.000000,0.000000
0.473343,0.134277,0.879823,0.172764,0.188039,0.269359,0.953078,0.369543,0.004038,0.281810,1.321587,1.475613,1.964548,2.076097,1.296848,1.998229,1.916433,2.021541,0.000000,0.000000
0.901227,0.228685,0.935589,0.597001,0.416012,0.397617,0.257308,0.986643,0.161357,0.701535,2.099289,2.744665,2.303297,2.375869,2.381284,2.693546,1.388922,3.121830,0.000000,0.000000
0.220768,0.580820,0.871327,0.187646,0.393047,0.049959,0.824510,0.860118,0.392293,0.328054,1.120475,2.024772,2.348199,2.463325,1.535758,2.144061,2.464403,2.617738,0.000000,0.000000
0.296761,0.305102,0.146868,0.881330,0.869458,0.441123,0.890043,0.342460,0.873569,0.679937,2.532211,2.131718,1.919429,2.124796,2.000552,2.439063,3.539315,1.948713,0.000000,0.000000
0.485572,0.809584,0.578982,0.863258,0.315205,0.213203,0.129608,0.197173,0.552308,0.595690,2.169796,1.616705,2.181047,1.182729,2.633173,1.889130,2.121414,2.261171,0.000000,0.000000
0.235741,0.622554,0.058973,0.487041,0.847305,0.519662,0.212285,0.136310,0.555157,0.423382,1.832763,1.457610,2.092068,1.484867,1.887715,2.141513,2.155378,1.193084,0.000000,0.000000
0.004665,0.438066,0.841016,0.732887,0.014185,0.041574,0.325210,0.454808,0.159588,0.166104,1.583279,1.480277,1.805560,1.421016,1.924788,1.761164,1.424938,2.441517,0.000000,0.000000
0.781198,0.583247,0.709843,0.484730,0.745097,0.772726,0.714831,0.462985,0.880779,0.067322,2.007994,2.715498,2.447381,2.411180,2.301650,1.980165,3.272541,2.038092,0.000000,0.000000
0.297857,0.102859,0.660538,0.806165,0.301763,0.384879,0.953313,0.949575,0.501519,0.941956,2.870560,2.227521,1.739161,2.957669,1.843171,2.321216,2.911842,3.086159,0.000000,0.000000
0.983354,0.304935,0.909831,0.486847,0.455459,0.540916,0.986466,0.122214,0.543050,0.360677,1.824855,2.368007,2.311606,2.280881,2.530722,2.321270,3.059213,2.040159,0.000000,0.000000
0.283358,0.231751,0.471150,0.663123,0.721360,0.967201,0.981313,0.147584,0.116975,0.691396,2.737440,1.184019,1.955789,2.920005,1.739583,2.316342,2.196924,1.784528,0.000000,0.000000
0.754131,0.842901,0.526661,0.190992,0.725245,0.054773,0.380130,0.546828,0.336365,0.181826,1.097262,2.088855,2.601483,1.546643,2.330359,1.853887,1.817229,1.832649,0.000000,0.000000
0.557275,0.914566,0.754873,0.197978,0.283165,0.205306,0.343675,0.357475,0.581132,0.254286,1.260944,1.868254,2.617969,1.431507,2.207474,1.764620,2.280378,1.890421,0.000000,0.000000
0.744297,0.071946,0.335599,0.381860,0.493722,0.651468,0.859627,0.282830,0.613656,0.972319,2.716520,2.071729,1.606721,2.306662,1.799361,2.253878,2.966271,1.471274,0.000000,0.000000
0.881581,0.967575,0.675913,0.380237,0.807267,0.172248,0.242152,0.998582,0.940406,0.599418,1.532200,3.568096,3.169971,2.267572,3.001589,2.559895,2.939450,2.728053,0.000000,0.000000
0.817488,0.222380,0.754275,0.981004,0.150028,0.346751,0.469716,0.838277,0.999914,0.317693,2.341185,3.384422,1.729956,2.179017,2.576773,1.769331,3.220462,3.401071,0.000000,0.000000
0.766609,0.221376,0.600014,0.882252,0.933244,0.091291,0.391328,0.208441,0.569205,0.434560,1.951723,1.982963,2.304110,1.408718,2.381787,2.521519,2.291548,2.330179,0.000000,0.000000
0.343135,0.818014,0.891003,0.093183,0.621426,0.751208,0.906393,0.732586,0.728438,0.212641,1.769506,2.303609,2.962683,2.863874,1.802731,2.306164,3.278424,2.428494,0.000000,0.000000
0.958103,0.646909,0.962130,0.719578,0.475089,0.790684,0.823540,0.845447,0.829567,0.664506,2.601901,3.413130,2.671510,3.053031,3.017571,2.780854,3.337353,3.049503,0.000000,0.000000
0.512910,0.359189,0.247627,0.467685,0.017684,0.634259,0.146084,0.670737,0.906622,0.369559,1.903461,2.627636,1.125344,1.850125,1.731637,1.385056,2.834585,1.799812,0.000000,0.000000
0.165294,0.727616,0.459576,0.642147,0.342388,0.968355,0.553645,0.158853,0.346284,0.487855,2.496817,1.283282,1.938816,2.495364,2.176088,1.702151,1.999091,1.749600,0.000000,0.000000
0.551418,0.340764,0.339752,0.657622,0.910943,0.131685,0.183833,0.675428,0.646155,0.802967,2.081870,2.260609,2.065944,1.509307,1.941406,2.672002,2.326104,2.080354,0.000000,0.000000
0.921732,0.666220,0.402107,0.185861,0.968246,0.544390,0.729200,0.463641,0.159442,0.440691,1.664521,2.272156,2.425637,2.125227,2.412804,2.443208,1.850617,1.623490,0.000000,0.000000
0.377310,0.269378,0.584078,0.276244,0.689988,0.691171,0.806905,0.887347,0.697268,0.154333,1.771157,2.427245,2.050682,2.983306,1.402523,1.829673,3.045631,2.392544,0.000000,0.000000
0.137988,0.197208,0.003683,0.192005,0.067425,0.777554,0.662092,0.116716,0.852525,0.164335,1.818858,1.846142,1.075108,2.268273,1.233523,1.168881,3.143415,1.024384,0.000000,0.000000
0.494250,0.892244,0.020113,0.763437,0.892790,0.573682,0.176099,0.711742,0.353290,0.857063,2.786079,1.957293,2.603508,1.865762,2.680273,2.654144,1.737591,1.971649,0.000000,0.000000
0.816881,0.631914,0.451865,0.591462,0.964347,0.874545,0.898667,0.678471,0.305153,0.793900,2.724750,2.316690,2.420862,2.975812,2.535878,2.816129,2.417908,2.119097,0.000000,0.000000
0.865863,0.324328,0.033892,0.043053,0.752385,0.660706,0.784242,0.901300,0.298503,0.259410,1.680016,2.639557,1.787649,2.952937,1.797395,1.825531,2.212042,1.846313,0.000000,0.000000
0.774301,0.447645,0.112951,0.178680,0.078294,0.683550,0.637340,0.220697,0.720351,0.380550,1.770588,2.203827,1.180754,2.115331,1.843292,1.388121,2.846904,1.167363,0.000000,0.000000
0.599050,0.954084,0.318873,0.488383,0.363644,0.983504,0.139742,0.286368,0.805435,0.388533,2.280674,2.150069,2.333803,2.130507,2.613634,1.553192,2.630397,1.517368,0.000000,0.000000
0.466951,0.205543,0.115041,0.565546,0.265225,0.340859,0.174849,0.579149,0.581328,0.553144,1.829946,2.018907,1.287144,1.485288,1.709610,1.625011,2.193228,1.631340,0.000000,0.000000
0.473140,0.078833,0.643525,0.122163,0.700109,0.455075,0.948156,0.919014,0.097465,0.062646,1.470245,2.034431,2.114724,2.931437,1.234295,1.819298,2.093931,2.489935,0.000000,0.000000
0.028944,0.647265,0.367663,0.530841,0.438539,0.839530,0.658790,0.143086,0.767964,0.567444,2.304035,1.732879,1.844888,2.366530,1.949817,1.809459,2.969932,1.537723,0.000000,0.000000
0.223854,0.294057,0.538298,0.400434,0.761258,0.226548,0.952542,0.964979,0.935405,0.310145,1.416728,2.851179,2.076450,2.902439,1.498121,2.045639,3.778147,2.533691,0.000000,0.000000
0.974477,0.861454,0.891875,0.529375,0.649326,0.738728,0.440660,0.712694,0.910790,0.847844,2.628429,3.467602,3.084053,2.348380,3.196847,2.978902,3.015762,2.548158,0.000000,0.000000
0.402601,0.501211,0.164450,0.818248,0.363544,0.750751,0.124911,0.149011,0.796047,0.288068,2.444186,1.847958,1.516498,1.691847,2.134718,1.424679,2.607697,1.734496,0.000000,0.000000
0.030313,0.639708,0.462453,0.883710,0.940437,0.558861,0.898324,0.067415,0.518644,0.268670,2.359197,1.336434,2.416085,2.210956,2.292964,2.251992,2.844274,2.157125,0.000000,0.000000
0.846560,0.887932,0.538643,0.741595,0.774041,0.900758,0.090796,0.048698,0.170738,0.776610,2.919113,1.684549,2.764244,1.902276,3.136718,2.532030,1.349719,1.948865,0.000000,0.000000
0.707224,0.322016,0.028168,0.649442,0.084582,0.961807,0.023731,0.458422,0.041412,0.793905,2.883968,1.813866,1.118767,2.045142,2.106866,1.801081,1.083388,1.512237,0.000000,0.000000
0.922432,0.669678,0.405528,0.642469,0.788428,0.922259,0.687674,0.511065,0.037695,0.422955,2.410688,2.297365,2.253210,2.671719,2.875816,2.111264,1.548286,1.931904,0.000000,0.000000
0.261304,0.268938,0.176627,0.284413,0.123757,0.237489,0.920622,0.012521,0.283078,0.089402,1.319094,1.110496,1.174406,1.977025,1.374583,1.110228,2.413701,1.199790,0.000000,0.000000
0.791648,0.867976,0.058591,0.974274,0.491784,0.145111,0.551930,0.385862,0.348576,0.233958,2.107126,2.003499,2.149135,1.630438,3.223787,1.476011,2.001778,2.132269,0.000000,0.000000
0.951607,0.568344,0.508817,0.756391,0.426515,0.809901,0.190153,0.972428,0.455177,0.738243,2.784374,3.041348,1.868993,2.765634,2.941140,2.051888,1.946512,2.887185,0.000000,0.000000
0.087755,0.349225,0.808949,0.232791,0.908535,0.211798,0.083725,0.219443,0.783430,0.203677,1.274439,1.833880,2.605525,1.139151,1.355425,2.558488,2.573869,1.869720,0.000000,0.000000
0.708893,0.571969,0.382337,0.677736,0.373449,0.459125,0.120431,0.215902,0.450672,0.977375,2.852100,1.775246,1.706750,1.341291,2.361124,2.172730,1.915847,1.740253,0.000000,0.000000
0.027286,0.013973,0.487344,0.486876,0.386995,0.607494,0.142371,0.245519,0.307519,0.506470,1.974458,1.340108,1.624502,1.526219,1.487092,1.771981,1.635308,1.663036,0.000000,0.000000
0.601999,0.866500,0.830192,0.156689,0.598917,0.526581,0.314522,0.504036,0.246199,0.630934,1.802293,1.782816,2.938721,1.719860,2.125677,2.561818,1.591323,2.088090,0.000000,0.000000
0.802251,0.263355,0.192915,0.777996,0.487572,0.654951,0.248722,0.397861,0.800587,0.339015,2.299191,2.555135,1.543053,1.740661,2.363685,1.583921,2.663037,1.822112,0.000000,0.000000
0.628360,0.064023,0.110706,0.203218,0.502224,0.471345,0.518052,0.695500,0.368070,0.010568,1.512644,2.079073,1.514742,2.076645,1.455416,1.264153,2.004517,1.602818,0.000000,0.000000
0.078944,0.168048,0.366186,0.261508,0.989583,0.931787,0.957883,0.956792,0.086080,0.006023,2.000174,1.964694,2.128421,3.702007,1.290241,2.034400,2.089700,2.299521,0.000000,0.000000
0.272192,0.101549,0.944508,0.988456,0.145299,0.177669,0.813457,0.581069,0.943649,0.034072,2.154754,2.491709,2.038443,2.041216,2.018935,1.897776,3.549011,3.247916,0.000000,0.000000
0.337860,0.835231,0.147941,0.101913,0.064001,0.103999,0.726297,0.569951,0.886345,0.289991,1.138772,2.394124,1.668554,1.922257,1.838091,1.297325,3.300196,1.473843,0.000000,0.000000
0.664445,0.606545,0.324313,0.279405,0.287601,0.037050,0.523058,0.413656,0.024852,0.313837,1.146028,1.707618,1.615925,1.595212,1.940645,1.430662,1.323294,1.517236,0.000000,0.000000
0.861273,0.954025,0.867251,0.504639,0.260656,0.408186,0.802181,0.498489,0.950505,0.753941,2.091407,3.040834,2.881098,2.092668,3.053687,2.474162,3.544505,2.244254,0.000000,0.000000
0.505465,0.161355,0.106671,0.405151,0.346096,0.064282,0.707207,0.118876,0.616988,0.249299,1.243924,1.628693,1.361675,1.713019,1.560330,1.370295,2.734116,1.187307,0.000000,0.000000
0.835264,0.756553,0.710533,0.605207,0.377238,0.347592,0.515846,0.175554,0.220889,0.093291,1.714680,1.807081,2.315126,1.642077,2.760315,1.594317,1.707875,1.963025,0.000000,0.000000
0.929951,0.394920,0.043655,0.255642,0.795627,0.618758,0.695724,0.051569,0.440536,0.934191,2.499392,2.049871,1.859125,2.078722,2.215835,2.567297,2.365104,1.063022,0.000000,0.000000
0.849670,0.193612,0.529630,0.744875,0.808736,0.485949,0.815384,0.020954,0.717362,0.655826,2.322863,2.148973,2.096502,2.051539,2.395771,2.458445,3.099576,1.943354,0.000000,0.000000
0.779615,0.548899,0.673498,0.597336,0.293853,0.959573,0.265723,0.979526,0.820037,0.781331,2.793368,3.125835,1.912831,3.126331,2.372475,2.173180,2.710682,2.846106,0.000000,0.000000
0.559778,0.469397,0.077260,0.764090,0.695517,0.988802,0.903395,0.233011,0.949442,0.620739,2.811817,2.309857,1.804910,2.893776,2.159831,2.104943,3.715005,1.577656,0.000000,0.000000
0.991196,0.594682,0.603388,0.124947,0.222886,0.478668,0.773535,0.098880,0.147970,0.184164,1.500525,2.094596,1.797270,2.003624,2.452414,1.453522,1.894296,1.615116,0.000000,0.000000
0.343056,0.151243,0.180172,0.286053,0.503762,0.003266,0.221386,0.572970,0.486127,0.441175,1.170961,1.849663,1.539684,1.409499,1.349301,1.700801,2.021266,1.531873,0.000000,0.000000
0.465025,0.459940,0.907074,0.487365,0.028945,0.685491,0.308442,0.181778,0.346815,0.698626,2.263999,1.402619,1.949026,1.784346,1.799470,2.445789,1.788766,2.055878,0.000000,0.000000
0.176403,0.912149,0.123199,0.328240,0.781673,0.102545,0.944926,0.710652,0.241246,0.017139,1.210292,1.774341,2.555773,2.314340,2.165745,1.630021,2.375378,1.663590,0.000000,0.000000
0.420848,0.937719,0.562804,0.624437,0.049792,0.819869,0.173742,0.498326,0.924991,0.695512,2.546235,2.428471,2.191091,1.969677,2.578290,1.876258,2.880168,2.054614,0.000000,0.000000
0.168352,0.726696,0.068070,0.903855,0.841027,0.144318,0.247074,0.952594,0.455582,0.346772,2.002972,2.164921,2.229419,2.132321,2.436713,2.054415,1.972210,2.713915,0.000000,0.000000
0.289839,0.299724,0.230852,0.378838,0.556759,0.101806,0.567109,0.063878,0.945610,0.628395,1.493465,1.982406,1.636977,1.577734,1.493021,1.950678,3.212833,1.289303,0.000000,0.000000
0.705621,0.733345,0.302702,0.578427,0.478328,0.906306,0.837850,0.731577,0.525155,0.484643,2.354715,2.358694,1.964346,3.050783,2.467551,1.741177,2.752302,2.031435,0.000000,0.000000
0.360659,0.726202,0.053696,0.445135,0.248269,0.097632,0.224670,0.371923,0.374404,0.772981,1.757632,1.559014,1.634129,1.285648,2.019417,1.834773,1.799285,1.280224,0.000000,0.000000
0.068241,0.534728,0.633700,0.167257,0.421355,0.189502,0.200956,0.615054,0.322765,0.137545,1.220079,1.719549,1.975828,1.469536,1.453509,1.569564,1.685914,2.016670,0.000000,0.000000
0.170526,0.932290,0.498533,0.343600,0.970744,0.081327,0.306913,0.840656,0.133573,0.638936,1.460226,1.863457,3.029591,1.907621,2.217722,2.705182,1.361341,2.245802,0.000000,0.000000
0.572733,0.839715,0.433884,0.585468,0.630097,0.459240,0.941996,0.795409,0.685131,0.208771,1.811112,2.452683,2.410453,2.656132,2.478459,1.687474,3.257620,2.267242,0.000000,0.000000
0.858147,0.888780,0.657285,0.007716,0.086546,0.766586,0.644920,0.670106,0.713748,0.705506,2.117803,2.811495,2.220643,2.533481,2.429598,1.996959,2.843419,2.106328,0.000000,0.000000
0.885441,0.280683,0.708924,0.182231,0.015679,0.774196,0.024404,0.663404,0.489490,0.219569,1.817990,2.597194,1.540366,1.915751,1.955204,1.576101,1.979575,2.155081,0.000000,0.000000
0.726355,0.204294,0.981187,0.828028,0.611380,0.398477,0.316851,0.161945,0.553008,0.449377,2.174854,1.850982,2.582635,1.479882,2.252982,2.767780,2.206411,2.575134,0.000000,0.000000
0.623919,0.306154,0.157657,0.974193,0.414205,0.957313,0.090364,0.523247,0.839090,0.021457,2.906374,2.470196,1.467757,2.150071,2.310800,1.196942,2.686346,2.356003,0.000000,0.000000
0.800933,0.637597,0.176431,0.678446,0.996654,0.748301,0.748166,0.494611,0.858828,0.142100,2.211459,2.745990,2.286984,2.429122,2.598770,2.140911,3.277407,1.733352,0.000000,0.000000
0.689150,0.829041,0.912231,0.879583,0.495007,0.300672,0.437107,0.605740,0.171340,0.048866,2.074456,1.962394,2.896980,1.749770,2.894189,2.053025,1.533743,2.959657,0.000000,0.000000
0.968648,0.416423,0.658637,0.171783,0.665745,0.427251,0.763177,0.434759,0.788686,0.323774,1.490702,2.965648,2.171758,2.027897,2.254054,2.052708,3.159811,1.852722,0.000000,0.000000
0.614108,0.086323,0.754081,0.322586,0.954645,0.963751,0.666738,0.708448,0.947188,0.893303,2.780661,2.837211,2.523925,2.951123,1.561635,3.233448,3.338916,2.289548,0.000000,0.000000
0.061674,0.628119,0.218393,0.750572,0.487302,0.024898,0.691885,0.137878,0.871627,0.400783,1.652634,1.897846,1.782812,1.695126,2.145341,1.648663,3.221959,1.660245,0.000000,0.000000
0.095772,0.491103,0.630193,0.160914,0.522710,0.147299,0.079830,0.078107,0.975990,0.393863,1.234291,2.031542,2.038298,1.102003,1.402974,1.917366,2.958352,1.640460,0.000000,0.000000
0.187653,0.378775,0.720847,0.986830,0.330702,0.633110,0.860305,0.029515,0.835897,0.996916,3.597719,1.734847,1.904666,2.261159,2.136908,2.480847,3.411919,2.682725,0.000000,0.000000
0.239796,0.034779,0.334484,0.322407,0.117668,0.554563,0.493447,0.001542,0.235838,0.526269,1.804265,1.070951,1.229589,1.800987,1.337406,1.577537,1.715166,1.367999,0.000000,0.000000
0.360085,0.323363,0.344250,0.995069,0.609520,0.788642,0.316432,0.884602,0.528089,0.166107,2.783387,2.210168,1.761840,2.630607,2.146321,1.578418,2.156307,3.112050,0.000000,0.000000
0.107248,0.189276,0.651353,0.202967,0.135146,0.664679,0.614339,0.282147,0.971488,0.411667,1.775640,2.227170,1.566188,2.078599,1.240026,1.706275,3.320388,1.739322,0.000000,0.000000
0.945765,0.560089,0.012290,0.249547,0.275707,0.463769,0.123107,0.325421,0.626578,0.136325,1.528577,2.563982,1.451558,1.372651,2.409207,1.212341,2.268310,1.133730,0.000000,0.000000
0.504411,0.912572,0.359011,0.186757,0.448201,0.972751,0.619106,0.174341,0.302791,0.259615,2.025128,1.394361,2.337068,2.570650,2.147881,1.506772,1.988875,1.395920,0.000000,0.000000
0.585208,0.343321,0.057711,0.629660,0.617006,0.082410,0.702915,0.146261,0.633382,0.619358,1.716471,1.747850,1.660804,1.712835,1.947945,2.000247,2.760854,1.328746,0.000000,0.000000
0.020616,0.118332,0.670553,0.964958,0.432309,0.570713,0.575120,0.603844,0.031883,0.296351,2.527885,1.604869,1.883607,2.121013,1.978970,1.784750,1.394530,2.933696,0.000000,0.000000
0.192002,0.814547,0.518956,0.842063,0.345577,0.015384,0.654582,0.962987,0.305999,0.000429,1.724454,2.063701,2.155333,2.547840,2.512627,1.259615,2.040476,3.043382,0.000000,0.000000
0.798772,0.596555,0.067807,0.327041,0.865373,0.617094,0.268537,0.125431,0.860822,0.318078,1.756231,2.376091,2.082271,1.651316,2.192564,2.067260,2.793757,1.118519,0.000000,0.000000
0.844169,0.917282,0.229722,0.091886,0.318234,0.078624,0.423943,0.565691,0.878714,0.690302,1.416007,2.939402,2.142813,1.611150,2.534864,1.803697,2.937157,1.550504,0.000000,0.000000
0.754639,0.286193,0.170612,0.146892,0.539069,0.063588,0.075045,0.350343,0.714026,0.820614,1.637772,2.289928,1.591619,1.122090,1.658550,2.116175,2.433685,1.296522,0.000000,0.000000
0.281261,0.178692,0.700663,0.536954,0.137158,0.187785,0.302469,0.842435,0.350959,0.808389,2.004380,1.987858,1.633792,1.935606,1.591134,2.171176,1.793406,2.565174,0.000000,0.000000
0.575903,0.684889,0.266379,0.210472,0.128791,0.496631,0.495946,0.900976,0.555602,0.563712,1.720061,2.400676,1.521012,2.473963,1.870551,1.599201,2.357167,2.087460,0.000000,0.000000
0.448942,0.792176,0.443252,0.581787,0.490671,0.818972,0.767658,0.183682,0.702559,0.576219,2.348769,1.767755,2.184268,2.444571,2.299813,1.904064,2.994418,1.673912,0.000000,0.000000
0.894722,0.937272,0.395551,0.362202,0.594236,0.073202,0.738616,0.364046,0.676405,0.083690,1.204979,2.537817,2.574069,1.792221,2.956928,1.498694,2.898363,1.575598,0.000000,0.000000
0.353309,0.365763,0.736947,0.790900,0.525530,0.737402,0.839514,0.441628,0.977553,0.864548,3.009125,2.441341,2.117554,2.469408,1.968785,2.540959,3.659891,2.426709,0.000000,0.000000
0.652814,0.615281,0.690960,0.699613,0.844731,0.732674,0.181259,0.155411,0.368498,0.069197,2.222464,1.569409,2.555084,1.721823,2.356390,2.112649,1.769852,2.057544,0.000000,0.000000
0.950274,0.271813,0.372835,0.764192,0.141762,0.640670,0.477992,0.824120,0.325544,0.701378,2.569688,2.788217,1.300851,2.448171,2.696192,1.773301,1.879565,2.498290,0.000000,0.000000
0.959734,0.033436,0.481062,0.349467,0.294774,0.216337,0.389159,0.039358,0.939632,0.162146,1.342727,2.806267,1.526232,1.436022,2.234586,1.360365,3.030709,1.525290,0.000000,0.000000
0.019923,0.846455,0.197509,0.589824,0.258673,0.655783,0.857239,0.204536,0.201456,0.235552,2.016745,1.245128,1.904156,2.295848,2.306318,1.310169,2.137771,1.444539,0.000000,0.000000
0.224881,0.764688,0.582395,0.549857,0.967289,0.300895,0.984809,0.701204,0.122650,0.252228,1.619283,1.727620,2.753622,2.420119,2.145977,2.385414,2.215149,2.240327,0.000000,0.000000
0.405030,0.851315,0.368117,0.698523,0.111373,0.406551,0.529781,0.437863,0.772868,0.639760,2.156335,2.101632,1.863862,1.779013,2.489705,1.702048,2.826403,1.900674,0.000000,0.000000
0.733292,0.512133,0.572418,0.219545,0.793858,0.069803,0.527687,0.979436,0.533005,0.253632,1.134319,2.657834,2.255843,2.472127,1.876130,2.071402,2.344462,2.542296,0.000000,0.000000
0.165746,0.836151,0.380690,0.194815,0.350474,0.733444,0.273555,0.850816,0.111396,0.420943,1.845985,1.867778,2.079992,2.427390,1.898516,1.598947,1.297624,2.111971,0.000000,0.000000
0.093044,0.652076,0.461942,0.733164,0.877704,0.861719,0.170268,0.104129,0.791216,0.579740,2.594099,1.730958,2.368359,1.913957,2.159173,2.448679,2.611423,1.866881,0.000000,0.000000
0.319352,0.938869,0.118214,0.614265,0.872883,0.845687,0.620379,0.002745,0.582884,0.562482,2.400970,1.375069,2.714447,2.335566,2.528309,2.326060,2.550638,1.349997,0.000000,0.000000
0.180268,0.495518,0.388755,0.137973,0.409477,0.504335,0.498875,0.763942,0.973307,0.443366,1.610525,2.717127,1.682277,2.199071,1.389369,1.669791,3.195490,1.974990,0.000000,0.000000
0.279443,0.093559,0.230170,0.239480,0.423857,0.340777,0.354427,0.229216,0.645867,0.219774,1.408743,1.668181,1.477654,1.482599,1.270054,1.411623,2.417352,1.296444,0.000000,0.000000
0.518763,0.620030,0.854184,0.374156,0.036052,0.755064,0.907819,0.742355,0.244575,0.971508,2.811992,1.941779,2.004044,2.887045,1.898200,2.596046,2.313285,2.457654,0.000000,0.000000
0.103687,0.092146,0.521343,0.788113,0.142109,0.069528,0.091639,0.418622,0.555284,0.315312,1.721999,1.728077,1.414689,1.169834,1.797718,1.477207,2.118966,2.186102,0.000000,0.000000
0.190833,0.480164,0.122788,0.156168,0.181482,0.088172,0.849255,0.179111,0.643790,0.223562,1.123734,1.600526,1.307264,1.862775,1.393675,1.258349,3.008814,1.158678,0.000000,0.000000
0.311180,0.258792,0.788464,0.071804,0.802469,0.929937,0.229855,0.295805,0.192940,0.478143,2.044406,1.363163,2.441477,2.120520,1.168910,2.612268,1.438713,1.876334,0.000000,0.000000
0.642485,0.561068,0.227339,0.428806,0.076184,0.254182,0.245253,0.731672,0.300744,0.533434,1.589846,2.087328,1.304489,1.701557,2.008813,1.550988,1.661636,1.841529,0.000000,0.000000
0.422292,0.761908,0.636295,0.375267,0.296893,0.074263,0.087601,0.615947,0.637279,0.319834,1.247805,2.097379,2.144054,1.326801,2.031078,1.665596,2.282232,2.068533,0.000000,0.000000
0.936874,0.301010,0.013733,0.166605,0.750558,0.720933,0.990219,0.605608,0.281536,0.492873,1.868420,2.507196,1.778021,2.732077,2.079537,2.056213,2.543606,1.385118,0.000000,0.000000
0.395430,0.276954,0.136052,0.610407,0.754317,0.647505,0.625191,0.954288,0.530157,0.113614,2.021569,2.297186,1.794071,2.913492,1.748942,1.685127,2.451179,2.274154,0.000000,0.000000
0.058470,0.559646,0.535784,0.976515,0.661436,0.054798,0.556242,0.624820,0.339202,0.628547,2.256702,1.740078,2.123783,1.803175,2.289919,2.219849,1.987808,2.857372,0.000000,0.000000
0.210142,0.879659,0.866501,0.211142,0.706666,0.979439,0.822848,0.930164,0.678702,0.629330,2.273271,2.400080,3.138171,3.586932,1.994222,2.779297,3.034483,2.741119,0.000000,0.000000
0.337702,0.964036,0.577504,0.009280,0.673922,0.012648,0.484859,0.911076,0.479476,0.853190,1.633798,2.179486,2.903374,2.241267,1.977157,2.499964,2.194041,2.407565,0.000000,0.000000
0.821297,0.960169,0.552066,0.653043,0.210592,0.769092,0.468648,0.154282,0.384437,0.089572,2.196276,1.856062,2.400573,2.063822,3.128956,1.302178,1.988506,1.854369,0.000000,0.000000
0.769639,0.276854,0.197171,0.563680,0.702217,0.526562,0.469623,0.779126,0.349219,0.625497,2.089021,2.356970,1.762313,2.219848,2.096218,2.126271,1.918983,1.983308,0.000000,0.000000
0.012825,0.608429,0.086330,0.193069,0.268897,0.558345,0.301570,0.727744,0.408812,0.502183,1.722265,1.894873,1.501582,1.998741,1.563258,1.575132,1.908568,1.623138,0.000000,0.000000
0.116651,0.830509,0.642970,0.329431,0.924784,0.250736,0.196618,0.340355,0.540017,0.958568,2.240044,1.633560,2.911034,1.298914,2.020764,3.079604,2.118692,1.794562,0.000000,0.000000
0.840933,0.737964,0.090301,0.421050,0.393355,0.703092,0.085398,0.802432,0.000374,0.081512,1.880917,2.397114,1.803398,2.096419,2.560324,1.236976,1.008041,1.808843,0.000000,0.000000
0.454743,0.591821,0.799958,0.537535,0.097903,0.739008,0.392402,0.802688,0.329219,0.637681,2.287257,2.005110,1.945122,2.455714,1.981824,2.159186,1.812418,2.599584,0.000000,0.000000
0.118169,0.239920,0.143816,0.610962,0.247845,0.799499,0.103593,0.368316,0.979927,0.462890,2.271956,2.330223,1.282339,1.792757,1.670174,1.527292,2.970586,1.507529,0.000000,0.000000
0.212802,0.136659,0.916881,0.376904,0.210476,0.469369,0.261140,0.834086,0.639089,0.669360,1.911329,2.252157,2.053698,2.061722,1.405216,2.484455,2.346371,2.666123,0.000000,0.000000
0.311196,0.012455,0.663792,0.292820,0.365131,0.905538,0.944788,0.539781,0.819697,0.717035,2.359936,2.241820,1.805753,2.922058,1.323112,2.142835,3.532017,1.980262,0.000000,0.000000
0.560234,0.946911,0.116960,0.852786,0.353150,0.169224,0.261550,0.762251,0.602572,0.401714,1.961294,2.301180,2.215868,1.733074,2.925261,1.528030,2.273553,2.318169,0.000000,0.000000
0.285827,0.477848,0.294852,0.895908,0.487304,0.824350,0.992975,0.312240,0.277194,0.172109,2.632100,1.412428,1.683353,2.702970,2.147598,1.435208,2.540389,2.111449,0.000000,0.000000
0.915581,0.332099,0.587105,0.981914,0.177384,0.642605,0.498245,0.445299,0.133259,0.047848,2.606870,2.230577,1.558704,1.999485,2.859724,1.281684,1.514767,2.732114,0.000000,0.000000
0.452943,0.190194,0.585930,0.678366,0.654880,0.298833,0.019560,0.986450,0.051448,0.181633,1.765005,2.082021,2.005074,2.068759,1.807464,1.811659,1.103278,2.871184,0.000000,0.000000
0.832657,0.809618,0.772864,0.692106,0.459341,0.645722,0.934373,0.720446,0.862024,0.363335,2.172698,3.040827,2.587350,2.725273,2.924883,2.035976,3.597100,2.623434,0.000000,0.000000
0.878050,0.042581,0.070023,0.736195,0.814848,0.978671,0.581263,0.026320,0.373716,0.536965,2.675477,1.842935,1.819829,2.539077,2.414959,2.201286,2.085299,1.469721,0.000000,0.000000
0.768885,0.680765,0.264129,0.814658,0.777971,0.425813,0.131420,0.041845,0.263843,0.439953,2.174638,1.566011,2.163230,1.312810,2.732652,2.063620,1.544956,1.806542,0.000000,0.000000
0.805691,0.530447,0.839267,0.147381,0.445404,0.512129,0.543363,0.296897,0.766901,0.286739,1.557425,2.408039,2.299028,1.831810,1.951759,2.076279,2.829045,1.930617,0.000000,0.000000
0.081113,0.354628,0.912296,0.821136,0.020421,0.905565,0.437148,0.308661,0.351257,0.999182,3.577375,1.432576,1.897304,2.286603,1.947431,2.758888,1.893614,2.561229,0.000000,0.000000
0.139931,0.381322,0.257649,0.265095,0.322334,0.491337,0.399458,0.962918,0.904630,0.313393,1.592393,2.784014,1.444164,2.533698,1.413242,1.434395,2.968827,2.203489,0.000000,0.000000
0.411568,0.379728,0.285590,0.039852,0.608382,0.071149,0.508916,0.552360,0.691161,0.478918,1.182582,2.099779,1.744698,1.682505,1.253760,1.872340,2.641318,1.590755,0.000000,0.000000
0.098642,0.266396,0.177679,0.202492,0.941280,0.254476,0.701222,0.256613,0.210866,0.713359,1.658494,1.302038,1.991755,1.782878,1.274419,2.604976,1.913444,1.251832,0.000000,0.000000
0.016496,0.413956,0.519034,0.681046,0.353683,0.632610,0.762702,0.121614,0.587362,0.681697,2.413226,1.466612,1.694014,2.164697,1.852410,1.946614,2.756438,1.849709,0.000000,0.000000
0.905769,0.389363,0.186390,0.962339,0.340111,0.320148,0.059820,0.848042,0.845931,0.874504,2.915028,3.306749,1.433881,1.772205,2.857050,1.996655,2.695440,2.796784,0.000000,0.000000
0.465080,0.136427,0.236880,0.011369,0.265451,0.886771,0.238697,0.594181,0.962769,0.424601,1.963450,2.621703,1.324102,2.234836,1.130578,1.508357,2.982515,1.589932,0.000000,0.000000
0.431498,0.441852,0.315019,0.238646,0.764635,0.142822,0.943351,0.624799,0.904763,0.071066,1.200133,2.523736,1.950137,2.207655,1.514220,1.686994,3.699437,1.718985,0.000000,0.000000
0.589160,0.077568,0.275495,0.838965,0.376996,0.773674,0.733124,0.064212,0.138844,0.237356,2.490909,1.287992,1.453360,2.331960,2.049485,1.400391,1.815159,1.870135,0.000000,0.000000
0.879700,0.299988,0.373017,0.753549,0.628425,0.944844,0.860534,0.308936,0.949777,0.776169,2.980273,2.891787,1.794563,2.782750,2.524317,2.222988,3.640073,1.896351,0.000000,0.000000
0.465254,0.775453,0.020664,0.456050,0.901554,0.324526,0.989510,0.400766,0.650735,0.004711,1.532508,1.924932,2.368282,2.159196,2.158087,1.817520,3.280600,1.276128,0.000000,0.000000
0.565713,0.466839,0.911830,0.337356,0.603760,0.726826,0.580255,0.693644,0.526641,0.686882,2.164711,2.152040,2.536937,2.442272,1.736340,2.809536,2.389977,2.431367,0.000000,0.000000
0.136737,0.003740,0.726635,0.778704,0.465800,0.085304,0.883791,0.138707,0.775279,0.767799,2.144313,1.742322,1.993798,1.893737,1.781275,2.368430,3.331646,2.218065,0.000000,0.000000
0.688446,0.527064,0.207511,0.294812,0.883521,0.850144,0.941913,0.257140,0.118282,0.508441,2.068497,1.597425,2.072998,2.681661,1.898904,2.297986,2.123764,1.299255,0.000000,0.000000
0.851220,0.103792,0.675852,0.684307,0.338257,0.681264,0.574233,0.394433,0.716406,0.644117,2.416776,2.524443,1.796150,2.099718,2.311854,2.067247,2.762554,2.151874,0.000000,0.000000
0.385502,0.367290,0.640164,0.693178,0.185742,0.866073,0.609457,0.098729,0.050243,0.986445,3.306451,1.158544,1.645100,2.360502,1.885370,2.283291,1.471924,1.982980,0.000000,0.000000
0.372213,0.239390,0.854189,0.827215,0.261998,0.505582,0.072013,0.095731,0.521642,0.103302,2.190968,1.419409,2.005356,1.328504,1.936090,1.795195,2.048469,2.429403,0.000000,0.000000
0.361744,0.692508,0.917777,0.964827,0.164851,0.381918,0.515261,0.019706,0.723084,0.725708,2.695004,1.589895,2.339271,1.661130,2.491732,2.525941,2.711662,2.816313,0.000000,0.000000
0.212810,0.092851,0.542511,0.632978,0.386402,0.893418,0.826553,0.260044,0.282481,0.119000,2.295764,1.349477,1.681521,2.642333,1.651237,1.427977,2.248153,1.863744,0.000000,0.000000
0.902266,0.627707,0.756512,0.077554,0.728541,0.916873,0.764440,0.968855,0.368303,0.340439,1.962345,2.839021,2.548177,3.514543,2.206090,2.304170,2.320974,2.695659,0.000000,0.000000
0.528082,0.619616,0.935606,0.671127,0.467968,0.344629,0.153907,0.475257,0.271297,0.657627,2.079446,1.696126,2.581212,1.380023,2.202317,2.695612,1.566281,2.463759,0.000000,0.000000
0.226506,0.822172,0.281017,0.110691,0.123935,0.092554,0.324221,0.746157,0.612459,0.537254,1.259880,2.132883,1.758665,1.748209,1.798278,1.574805,2.330037,1.839122,0.000000,0.000000
0.200687,0.461361,0.764053,0.530521,0.379646,0.961916,0.287538,0.310867,0.875021,0.810808,2.776401,2.084612,2.061626,2.242863,1.751457,2.400976,2.832721,2.010009,0.000000,0.000000
0.010985,0.383787,0.968878,0.983315,0.756286,0.150753,0.366779,0.200695,0.108706,0.383967,2.174271,1.212513,2.751541,1.397589,2.130609,2.865447,1.351939,2.959933,0.000000,0.000000
0.415724,0.128618,0.473619,0.604989,0.698938,0.016641,0.867759,0.200922,0.298228,0.947616,2.233590,1.361710,1.925380,1.876148,1.693380,2.542370,2.349463,1.735422,0.000000,0.000000
0.943037,0.964314,0.513373,0.734759,0.672977,0.534830,0.070845,0.212779,0.097527,0.198824,2.082560,2.060951,2.833246,1.366522,3.503321,1.787022,1.200073,1.955323,0.000000,0.000000
0.216898,0.648098,0.729994,0.334397,0.889030,0.182289,0.540203,0.368421,0.716476,0.355789,1.339148,1.891963,2.694144,1.623439,1.764632,2.535172,2.724771,1.903121,0.000000,0.000000
0.464289,0.515978,0.429694,0.960236,0.311043,0.828529,0.155393,0.911050,0.423838,0.412067,2.820550,2.190773,1.633050,2.598035,2.326553,1.588152,1.871823,3.145094,0.000000,0.000000
0.830603,0.925330,0.845636,0.920507,0.526963,0.566306,0.583330,0.772020,0.867556,0.788185,2.903287,3.097707,3.034365,2.364168,3.349777,2.670589,3.075386,3.221626,0.000000,0.000000
0.807834,0.050007,0.913456,0.927415,0.439519,0.025398,0.262108,0.290882,0.435461,0.944483,2.728021,2.007698,2.274046,1.287365,2.457106,2.899850,1.939621,2.795737,0.000000,0.000000
0.444400,0.387017,0.678529,0.383196,0.645860,0.353906,0.056975,0.494907,0.025310,0.390986,1.560515,1.583313,2.164229,1.303444,1.620743,2.120516,1.053866,1.979730,0.000000,0.000000
0.300222,0.538528,0.884493,0.376894,0.381939,0.931464,0.943285,0.901280,0.419082,0.628990,2.322359,2.103970,2.320448,3.543025,1.693966,2.466832,2.727951,2.750337,0.000000,0.000000
0.983330,0.449714,0.917866,0.268697,0.215700,0.858143,0.299779,0.233168,0.037470,0.809137,2.460085,2.185390,2.149129,2.048866,2.421757,2.628944,1.164808,1.991632,0.000000,0.000000
0.843702,0.406759,0.894614,0.457040,0.124076,0.981340,0.341865,0.354249,0.875018,0.342112,2.230267,2.720482,1.991709,2.349348,2.223069,2.073496,2.866908,2.115575,0.000000,0.000000
0.114125,0.796904,0.465193,0.273152,0.097791,0.160220,0.097538,0.777521,0.918541,0.734799,1.631571,2.622726,1.820276,1.593251,1.909695,1.845032,2.846596,2.090113,0.000000,0.000000
0.257484,0.884385,0.341501,0.559874,0.593015,0.399386,0.083251,0.491972,0.733304,0.266526,1.731778,2.046777,2.401348,1.361836,2.359081,1.658020,2.473538,1.759035,0.000000,0.000000
0.966108,0.548198,0.336872,0.623278,0.694509,0.990746,0.466137,0.455750,0.935847,0.100319,2.380231,3.233291,1.972738,2.542376,2.825532,1.620892,3.088978,1.786708,0.000000,0.000000
0.362785,0.323357,0.033114,0.057968,0.516948,0.110662,0.040833,0.455933,0.938115,0.020985,1.114032,2.383740,1.551855,1.147856,1.210275,1.288257,2.877898,1.241184,0.000000,0.000000
0.796497,0.752144,0.425445,0.597542,0.522273,0.440234,0.350400,0.086689,0.104987,0.844609,2.399804,1.603015,2.128780,1.544858,2.668566,2.194385,1.332754,1.646316,0.000000,0.000000
0.401723,0.345762,0.000984,0.233631,0.325189,0.966223,0.878853,0.397630,0.861607,0.597624,2.234250,2.204826,1.366527,2.875308,1.418013,1.703372,3.495596,1.171846,0.000000,0.000000
0.013133,0.381128,0.213529,0.476136,0.138368,0.002531,0.618645,0.738815,0.921428,0.746528,1.645280,2.587846,1.239324,2.021931,1.621396,1.775410,3.225577,1.867318,0.000000,0.000000
0.668363,0.028902,0.642142,0.507022,0.000957,0.886056,0.985726,0.959426,0.212958,0.326107,2.177807,2.303340,1.413327,3.653969,1.806421,1.590893,2.397570,2.692980,0.000000,0.000000
0.908145,0.123670,0.597558,0.214764,0.988381,0.411314,0.761707,0.798105,0.849039,0.192798,1.464604,3.267944,2.347347,2.439257,1.979031,2.383067,3.278276,2.244435,0.000000,0.000000
0.938296,0.023542,0.396410,0.342179,0.603471,0.764609,0.560753,0.434639,0.308962,0.691694,2.212630,2.356173,1.760626,2.227488,2.168810,2.118164,1.932367,1.625386,0.000000,0.000000
0.936264,0.029091,0.212978,0.191992,0.764283,0.985936,0.115801,0.923574,0.946146,0.640761,2.285878,3.639488,1.809667,2.875671,2.013559,2.234550,2.905703,2.073045,0.000000,0.000000
0.052190,0.057050,0.212584,0.498300,0.531144,0.398533,0.449116,0.138926,0.681882,0.669864,1.947415,1.604031,1.576522,1.610626,1.501696,1.961585,2.565469,1.355613,0.000000,0.000000
0.591663,0.983744,0.329877,0.559092,0.406544,0.548465,0.897104,0.651993,0.980375,0.172563,1.866187,2.820248,2.467383,2.475078,2.733965,1.373738,3.765545,1.929735,0.000000,0.000000
0.584880,0.459696,0.655210,0.073037,0.753635,0.920722,0.657671,0.702756,0.742865,0.585973,2.127259,2.454683,2.280078,2.852467,1.484436,2.435220,2.918262,2.149466,0.000000,0.000000
0.677436,0.119627,0.945187,0.197926,0.289561,0.200561,0.600472,0.507214,0.275130,0.201780,1.247951,1.893799,2.184651,1.771186,1.523125,2.130036,1.910827,2.210207,0.000000,0.000000
0.634105,0.967210,0.734672,0.722392,0.346860,0.565462,0.485373,0.291002,0.679045,0.121812,2.089119,2.007071,2.791423,1.829763,2.912854,1.638659,2.593677,2.196335,0.000000,0.000000
0.049813,0.350716,0.790540,0.975154,0.922657,0.310187,0.047700,0.100998,0.853948,0.032783,2.261146,1.830349,2.590748,1.144946,2.098279,2.378128,2.710172,2.728038,0.000000,0.000000
0.838191,0.422776,0.423753,0.785355,0.466708,0.875387,0.187803,0.630036,0.065279,0.401493,2.556889,2.223180,1.721841,2.204196,2.552977,1.695401,1.165828,2.305091,0.000000,0.000000
0.923427,0.186064,0.896393,0.010943,0.228547,0.569695,0.670460,0.370244,0.013904,0.969568,2.481267,2.157860,2.038509,2.045765,1.832986,2.742071,1.477324,2.033475,0.000000,0.000000
0.833815,0.681145,0.556255,0.114663,0.621044,0.365688,0.398307,0.741557,0.354124,0.499213,1.503246,2.446669,2.246487,1.939822,2.158330,2.057025,1.866896,2.107670,0.000000,0.000000
0.661189,0.749806,0.664204,0.671427,0.664023,0.921036,0.563625,0.285047,0.836846,0.067558,2.372159,2.274410,2.526738,2.435093,2.522689,1.801509,2.991365,2.048144,0.000000,0.000000
0.584154,0.411357,0.071397,0.110640,0.125964,0.160998,0.710107,0.623876,0.577063,0.107574,1.174484,2.156212,1.200669,1.978852,1.479190,1.123805,2.658377,1.461973,0.000000,0.000000
0.803631,0.760086,0.408348,0.759675,0.372049,0.399497,0.227311,0.397252,0.140289,0.180154,1.982451,1.935936,1.977923,1.449599,2.856410,1.386665,1.332248,2.004571,0.000000,0.000000
0.520290,0.481877,0.028749,0.643507,0.157829,0.970409,0.504251,0.619149,0.904317,0.716885,2.752935,2.577782,1.270550,2.683292,2.016556,1.741819,3.062903,1.678572,0.000000,0.000000
0.604723,0.422814,0.695054,0.872980,0.418777,0.609238,0.418768,0.311453,0.249097,0.463102,2.470651,1.594643,1.977464,1.820151,2.272893,1.974256,1.673560,2.457349,0.000000,0.000000
0.908049,0.059460,0.955825,0.965472,0.653909,0.979976,0.587001,0.836044,0.643344,0.115159,2.913638,2.998670,2.567720,3.131722,2.717743,2.415999,2.631257,3.554744,0.000000,0.000000
0.754113,0.150179,0.675591,0.648961,0.346635,0.333550,0.301838,0.207451,0.152145,0.889349,2.458125,1.659454,1.806445,1.422022,2.100370,2.317860,1.395397,1.991937,0.000000,0.000000
0.167920,0.050981,0.892721,0.428626,0.985896,0.095866,0.127842,0.208032,0.155142,0.503643,1.407338,1.236836,2.782980,1.146036,1.435960,3.187090,1.326627,2.014746,0.000000,0.000000
0.547979,0.485060,0.469320,0.885252,0.941561,0.542622,0.686825,0.695774,0.071531,0.822746,2.883221,1.865439,2.275948,2.318090,2.285083,2.812656,1.614791,2.647169,0.000000,0.000000
0.073156,0.846072,0.019864,0.211264,0.576816,0.899883,0.023072,0.003974,0.050455,0.674478,2.251349,1.006911,2.182862,1.832860,1.927493,2.007203,1.101441,1.029309,0.000000,0.000000
0.281230,0.847063,0.388492,0.191709,0.554978,0.444067,0.184104,0.328223,0.012641,0.765766,1.929864,1.350626,2.313686,1.416659,1.931468,2.132401,1.059177,1.503269,0.000000,0.000000
0.515426,0.471125,0.802170,0.493779,0.381554,0.476733,0.445394,0.662973,0.144121,0.774041,2.184308,1.820674,2.129600,1.964067,1.852668,2.435801,1.486618,2.362095,0.000000,0.000000
0.054323,0.329874,0.771622,0.705859,0.309476,0.651480,0.776543,0.901199,0.605457,0.332668,2.186532,2.267937,1.940773,2.932886,1.814836,1.887868,2.813933,2.935466,0.000000,0.000000
0.389758,0.184570,0.174244,0.440934,0.056067,0.556441,0.912233,0.804465,0.272019,0.644280,2.018303,1.937669,1.092715,2.742481,1.534209,1.652714,2.376208,1.907136,0.000000,0.000000
0.813075,0.242340,0.113685,0.641342,0.848120,0.757814,0.309957,0.016531,0.962832,0.807579,2.695823,2.481094,1.875276,1.884242,2.237587,2.528355,3.021738,1.377755,0.000000,0.000000
0.558714,0.580992,0.132374,0.969249,0.236457,0.580715,0.103991,0.279607,0.690325,0.750570,2.942995,1.930564,1.450094,1.463081,2.481209,1.808801,2.391463,2.121108,0.000000,0.000000
0.807717,0.230490,0.502016,0.753581,0.979255,0.509042,0.373905,0.119013,0.296833,0.332035,2.113533,1.734082,2.243520,1.634715,2.333666,2.417494,1.733471,1.944128,0.000000,0.000000
0.453328,0.206093,0.237670,0.842073,0.366930,0.524121,0.324719,0.362779,0.874375,0.185042,2.239543,2.220472,1.432171,1.647167,1.977709,1.333105,2.854192,1.966381,0.000000,0.000000
0.030030,0.044826,0.280278,0.920677,0.616004,0.762909,0.848558,0.398648,0.909851,0.423124,2.686308,2.226503,1.694649,2.493941,1.922713,1.824602,3.539752,2.219605,0.000000,0.000000
0.449736,0.043990,0.237409,0.349945,0.929436,0.199632,0.974750,0.027211,0.328572,0.414447,1.393281,1.226135,1.985884,2.014623,1.442845,2.291679,2.607281,1.281004,0.000000,0.000000
0.266657,0.793581,0.865208,0.908123,0.224028,0.169918,0.062568,0.458992,0.859379,0.503495,2.122245,2.216485,2.472388,1.188138,2.556855,2.201365,2.722673,2.824800,0.000000,0.000000
0.039265,0.633160,0.161224,0.310941,0.377245,0.254883,0.017117,0.722014,0.738611,0.373853,1.403819,2.267621,1.657067,1.458471,1.711893,1.520358,2.477515,1.712592,0.000000,0.000000
0.459694,0.644192,0.477874,0.323556,0.525405,0.626614,0.883005,0.433628,0.902280,0.897220,2.453567,2.344879,2.021097,2.357187,1.835681,2.282398,3.584258,1.699780,0.000000,0.000000
0.516164,0.041746,0.606890,0.308331,0.096542,0.133336,0.239856,0.486894,0.677283,0.061372,1.228636,2.083126,1.464931,1.373060,1.447593,1.294220,2.412097,1.873269,0.000000,0.000000
0.422153,0.610457,0.356157,0.671174,0.882738,0.383115,0.119742,0.605324,0.543998,0.999135,2.830995,1.976490,2.237078,1.488320,2.119065,2.823539,2.102333,2.024921,0.000000,0.000000
0.816721,0.272215,0.685987,0.216801,0.653834,0.036289,0.743223,0.569054,0.081869,0.446546,1.172334,2.120538,2.144584,1.928812,1.835683,2.196856,1.716117,2.020001,0.000000,0.000000
0.474752,0.379989,0.967510,0.402383,0.976670,0.853863,0.675399,0.208632,0.289666,0.732790,2.409270,1.399543,2.967614,2.413562,1.653779,3.592338,2.035495,2.076189,0.000000,0.000000
0.587052,0.735762,0.152028,0.133725,0.280161,0.902677,0.997050,0.046035,0.887100,0.175034,1.925922,2.035297,1.701575,2.811973,1.877386,1.257038,3.768308,1.156539,0.000000,0.000000
0.850237,0.802701,0.419389,0.281567,0.024491,0.424747,0.146847,0.279763,0.488801,0.598370,1.718272,2.133328,1.717581,1.349153,2.540534,1.672735,1.999167,1.519979,0.000000,0.000000
0.631219,0.436877,0.993857,0.571856,0.734090,0.218911,0.237210,0.967021,0.563931,0.215986,1.556006,2.536540,2.805225,2.189421,2.014219,2.736559,2.184131,3.115994,0.000000,0.000000
0.819307,0.454560,0.723744,0.993468,0.531125,0.538608,0.827365,0.797712,0.787988,0.845297,3.129576,2.968608,2.148853,2.625084,2.750064,2.506491,3.260507,3.340621,0.000000,0.000000
0.718108,0.773205,0.682347,0.302003,0.914821,0.326100,0.775577,0.738289,0.742284,0.212293,1.426874,2.659589,2.842677,2.284338,2.270162,2.366891,3.086088,2.254962,0.000000,0.000000
0.415377,0.748351,0.264872,0.030243,0.607939,0.385904,0.234086,0.431008,0.156005,0.896409,2.107127,1.527014,2.097194,1.463076,1.661940,2.284581,1.366806,1.450668,0.000000,0.000000
0.768250,0.094723,0.685241,0.871577,0.984601,0.289607,0.406909,0.005411,0.817930,0.680554,2.364456,2.127848,2.455006,1.490781,2.333978,2.971752,2.801434,2.347361,0.000000,0.000000
0.018097,0.395110,0.994905,0.795575,0.486345,0.293696,0.255430,0.611674,0.593320,0.409627,1.995368,1.963708,2.537862,1.570542,1.951692,2.630951,2.251884,2.872600,0.000000,0.000000
0.978169,0.306796,0.572867,0.889068,0.673991,0.363934,0.710422,0.426185,0.164844,0.218623,2.164825,2.389284,2.031044,1.920280,2.919117,1.860889,1.834388,2.457257,0.000000,0.000000
0.654068,0.619818,0.175454,0.929929,0.709750,0.642220,0.612806,0.367432,0.994704,0.976499,3.438128,2.636682,1.978652,2.074858,2.593917,2.485645,3.364939,2.114634,0.000000,0.000000
0.632427,0.249299,0.102903,0.097490,0.782245,0.667887,0.510230,0.166853,0.213630,0.798711,2.186920,1.465439,1.808328,1.960949,1.412588,2.411707,1.687596,1.131670,0.000000,0.000000
0.787806,0.966982,0.028570,0.195139,0.442042,0.792799,0.226702,0.483325,0.552882,0.544282,1.992118,2.277947,2.347038,1.968138,2.619136,1.739707,2.157157,1.269604,0.000000,0.000000
0.813406,0.122851,0.731306,0.590950,0.061303,0.004761,0.805351,0.433151,0.514543,0.122180,1.355807,2.236079,1.597966,1.886641,2.144217,1.517048,2.677676,2.125299,0.000000,0.000000
0.962632,0.209653,0.633104,0.429231,0.188390,0.275377,0.330093,0.990611,0.880423,0.758377,1.895786,3.657787,1.598425,2.378021,2.365218,2.047628,2.869806,2.693495,0.000000,0.000000
0.917604,0.597504,0.408176,0.814517,0.991932,0.994030,0.875364,0.649964,0.596451,0.674346,2.964123,2.778339,2.371855,3.138039,2.944149,2.726280,2.959165,2.371012,0.000000,0.000000
0.837892,0.748300,0.331882,0.406172,0.687982,0.429550,0.096671,0.980816,0.008920,0.600365,1.810920,2.569148,2.217140,2.224730,2.554376,2.110239,1.027184,2.360891,0.000000,0.000000
0.785582,0.234502,0.491868,0.190058,0.881322,0.514438,0.762836,0.601104,0.563997,0.488446,1.667094,2.404010,2.136152,2.244676,1.729863,2.384174,2.709912,1.860059,0.000000,0.000000
0.883714,0.347616,0.792992,0.665227,0.293864,0.082095,0.653415,0.956945,0.503214,0.293598,1.549930,2.900306,1.964705,2.536472,2.476199,1.878616,2.433381,3.003116,0.000000,0.000000
0.412515,0.019461,0.406591,0.447506,0.374648,0.656490,0.102079,0.780344,0.493379,0.372530,1.908451,2.093965,1.539971,2.008240,1.518082,1.580107,1.997179,2.105146,0.000000,0.000000
0.835049,0.524865,0.680499,0.233470,0.571737,0.580770,0.666979,0.634296,0.790343,0.178348,1.640951,2.841224,2.179408,2.259470,2.091240,1.820356,3.025547,2.095557,0.000000,0.000000
0.632966,0.313917,0.198609,0.150539,0.586055,0.056249,0.353380,0.507204,0.196617,0.404578,1.145133,1.799457,1.656435,1.487025,1.502677,1.755873,1.518112,1.459276,0.000000,0.000000
0.708418,0.373841,0.996726,0.212747,0.513122,0.505066,0.125588,0.517260,0.392598,0.387807,1.608651,2.026918,2.558832,1.519078,1.708028,2.641312,1.800968,2.273914,0.000000,0.000000
0.180895,0.347539,0.980699,0.369463,0.933484,0.021683,0.154322,0.191010,0.244682,0.210738,1.167545,1.256799,2.937232,1.161761,1.496167,3.025338,1.513179,2.067617,0.000000,0.000000
0.310912,0.706602,0.206875,0.104180,0.860369,0.499637,0.734670,0.334631,0.571101,0.014723,1.510494,1.690842,2.255963,2.021778,1.633521,1.763812,2.681942,1.319983,0.000000,0.000000
0.347080,0.154865,0.958325,0.816022,0.770283,0.028370,0.071128,0.819795,0.509896,0.782298,2.173021,2.121600,2.692384,1.622888,1.881816,3.255747,2.024852,3.173772,0.000000,0.000000
0.992777,0.357158,0.882997,0.690799,0.448457,0.824732,0.916198,0.512967,0.148935,0.881726,2.987424,2.513635,2.273701,2.731361,2.796847,2.771298,2.137289,2.475785,0.000000,0.000000
0.909911,0.770533,0.844036,0.128042,0.217980,0.295583,0.303486,0.313858,0.644642,0.511956,1.446161,2.482772,2.387859,1.421772,2.475113,2.160760,2.381389,1.944642,0.000000,0.000000
0.075984,0.280153,0.362610,0.123933,0.064050,0.622791,0.728654,0.790546,0.804660,0.589694,1.843210,2.438463,1.217524,2.610585,1.202857,1.641475,3.140257,1.989477,0.000000,0.000000
0.864015,0.706726,0.593832,0.244826,0.223270,0.098198,0.593939,0.554532,0.968050,0.072851,1.158524,3.136658,1.928889,1.774103,2.389292,1.332107,3.288864,1.916012,0.000000,0.000000
0.523763,0.866480,0.569711,0.710045,0.920312,0.222195,0.990728,0.517303,0.808227,0.184034,1.732592,2.314216,2.895424,2.178530,2.604515,2.215919,3.597995,2.195292,0.000000,0.000000
0.522434,0.319251,0.070803,0.823574,0.824171,0.383547,0.652673,0.011167,0.164553,0.755228,2.492580,1.180837,1.861723,1.799783,2.068087,2.434841,1.755089,1.629536,0.000000,0.000000
0.702457,0.528919,0.859009,0.006766,0.483781,0.988173,0.177002,0.228800,0.721733,0.498258,2.111917,2.096323,2.369645,2.165466,1.633146,2.366161,2.474795,1.911358,0.000000,0.000000
0.846773,0.108445,0.907189,0.534308,0.226568,0.036015,0.457065,0.427876,0.925822,0.293625,1.346815,2.892179,2.050835,1.536697,2.153224,2.091566,3.060553,2.242803,0.000000,0.000000
0.611426,0.649409,0.282932,0.693472,0.185105,0.495540,0.943105,0.361649,0.465894,0.475408,2.083891,1.807283,1.539033,2.235964,2.343781,1.532321,2.821236,1.747215,0.000000,0.000000
0.188303,0.557386,0.233128,0.471878,0.794048,0.169147,0.240624,0.939374,0.774974,0.162598,1.396114,2.546635,2.021564,2.098161,1.789234,1.805780,2.607848,2.220624,0.000000,0.000000
0.004674,0.422697,0.992171,0.965875,0.950780,0.734334,0.874850,0.363936,0.377210,0.412702,2.737542,1.506224,3.010708,2.462299,2.144548,3.293381,2.519783,3.025700,0.000000,0.000000
0.204100,0.023241,0.604054,0.464527,0.433707,0.381027,0.529915,0.036990,0.781851,0.962866,2.489496,1.656783,1.798601,1.675147,1.473569,2.371376,2.844512,1.705661,0.000000,0.000000
0.681549,0.207879,0.811361,0.695110,0.994000,0.520002,0.290272,0.482347,0.950491,0.301054,2.030465,2.702366,2.661289,1.672897,2.054909,2.823214,2.985240,2.379881,0.000000,0.000000
0.955196,0.241509,0.896281,0.109135,0.013133,0.020600,0.861559,0.257134,0.119063,0.381206,1.087906,2.142829,1.830538,1.878985,2.038981,2.101377,1.980410,1.963698,0.000000,0.000000
0.922213,0.918417,0.278479,0.842425,0.110187,0.135115,0.299834,0.590347,0.472917,0.017593,1.844801,2.598317,1.962412,1.523831,3.470234,1.051331,2.035735,2.224841,0.000000,0.000000
0.105148,0.363031,0.826518,0.297477,0.483934,0.094680,0.085965,0.805882,0.676528,0.692108,1.514702,2.264735,2.214910,1.618306,1.430431,2.490921,2.360446,2.502288,0.000000,0.000000
0.373991,0.515203,0.296420,0.125747,0.373761,0.685536,0.897265,0.452258,0.204907,0.539797,1.858635,1.546555,1.598378,2.459727,1.443491,1.705539,2.214898,1.502946,0.000000,0.000000
0.110115,0.809542,0.124186,0.722866,0.938594,0.344941,0.862732,0.128884,0.181239,0.058934,1.867681,1.163067,2.484557,1.983857,2.379560,1.941808,2.106785,1.518521,0.000000,0.000000
0.203515,0.725131,0.346888,0.049162,0.169240,0.402402,0.880595,0.379402,0.532684,0.469997,1.508640,1.671584,1.670856,2.097136,1.583407,1.540381,2.840815,1.490953,0.000000,0.000000
0.974116,0.832838,0.513369,0.746535,0.073800,0.190943,0.702896,0.421416,0.735517,0.942777,2.586223,2.886740,1.915019,1.814195,3.364493,2.083520,2.965096,2.107014,0.000000,0.000000
0.987110,0.879111,0.465308,0.261728,0.074784,0.648625,0.893146,0.070053,0.047069,0.228983,1.729133,2.034095,1.970705,2.314205,2.996391,1.335320,1.891849,1.488145,0.000000,0.000000
0.704589,0.693138,0.314326,0.878615,0.936737,0.396247,0.475641,0.250352,0.401768,0.612759,2.398286,1.761560,2.368549,1.648344,2.708845,2.521292,2.029770,2.055261,0.000000,0.000000
0.083929,0.334708,0.901372,0.072123,0.017392,0.387801,0.966476,0.055349,0.991159,0.022558,1.393014,2.038336,1.867360,2.117035,1.184744,1.755198,3.916394,1.904810,0.000000,0.000000
0.433524,0.671359,0.048316,0.317070,0.770629,0.206013,0.818105,0.651225,0.034987,0.609125,1.532552,1.733927,2.075560,2.136727,1.849271,2.203107,1.739270,1.504286,0.000000,0.000000
0.267675,0.003426,0.790463,0.968498,0.566050,0.576203,0.907847,0.952055,0.061148,0.919284,3.291062,1.974973,2.190882,3.102807,1.987688,2.733603,1.946481,3.605310,0.000000,0.000000
0.872500,0.899341,0.886709,0.006605,0.776625,0.360558,0.462550,0.802881,0.961159,0.407327,1.428183,3.390904,3.290277,2.110103,2.479614,2.707652,3.136271,2.531328,0.000000,0.000000
0.541161,0.081164,0.128255,0.482532,0.159693,0.205553,0.188045,0.942491,0.382054,0.318163,1.470597,2.246939,1.176677,2.067502,1.647602,1.345775,1.799470,2.128896,0.000000,0.000000
0.045373,0.807606,0.448106,0.941960,0.797565,0.947877,0.564521,0.415742,0.471871,0.157184,2.839050,1.638497,2.525108,2.534850,2.594282,1.883273,2.262426,2.456739,0.000000,0.000000
0.450074,0.905611,0.822967,0.971799,0.852185,0.372763,0.120057,0.764484,0.610275,0.958968,3.199043,2.228089,3.272179,1.705800,2.883100,3.242561,2.234964,3.325163,0.000000,0.000000
0.334565,0.862027,0.479201,0.654553,0.616465,0.444453,0.557358,0.245603,0.372986,0.922902,2.658973,1.422171,2.486664,1.769711,2.435093,2.412973,2.056621,1.819958,0.000000,0.000000
0.920028,0.082784,0.536159,0.325765,0.778613,0.236543,0.137449,0.226825,0.408655,0.706871,1.695865,2.172583,2.066647,1.205072,2.111377,2.467237,1.836203,1.622179,0.000000,0.000000
0.520394,0.100228,0.782643,0.916378,0.738305,0.171061,0.328792,0.813051,0.258324,0.473869,2.117219,2.020710,2.351842,1.895523,2.067352,2.498356,1.624753,3.213223,0.000000,0.000000
0.324847,0.285606,0.383229,0.521358,0.623423,0.916672,0.121207,0.365894,0.149342,0.887678,2.887952,1.422476,1.793585,2.010480,1.637209,2.332617,1.313375,1.658820,0.000000,0.000000
0.322139,0.246599,0.253692,0.317898,0.940730,0.183821,0.910706,0.009641,0.614690,0.503605,1.412603,1.420914,2.020085,1.944497,1.412138,2.404906,3.058765,1.285911,0.000000,0.000000
0.666203,0.289966,0.642286,0.190238,0.563174,0.178271,0.659919,0.312908,0.843277,0.283004,1.237128,2.319703,2.000085,1.722337,1.569997,1.865132,3.122047,1.747082,0.000000,0.000000
0.652829,0.506558,0.689661,0.185122,0.468429,0.988058,0.461711,0.052921,0.122498,0.882969,2.710722,1.346153,2.074045,2.438119,1.719950,2.430420,1.458174,1.698806,0.000000,0.000000
0.566492,0.537832,0.870824,0.853415,0.714516,0.437761,0.919411,0.351125,0.888892,0.171395,2.171112,2.323047,2.628425,2.154335,2.324472,2.342304,3.623099,2.615668,0.000000,0.000000
0.513158,0.635767,0.102824,0.524366,0.017394,0.063870,0.779177,0.480562,0.584672,0.518106,1.477907,1.957534,1.284944,1.894237,2.063697,1.519496,2.776460,1.477943,0.000000,0.000000
0.371823,0.435322,0.481585,0.400415,0.940397,0.198071,0.717978,0.453173,0.008558,0.583083,1.556643,1.504651,2.254817,1.850276,1.641325,2.579122,1.532608,1.751150,0.000000,0.000000
0.700454,0.428700,0.635776,0.290394,0.688290,0.229916,0.956122,0.506804,0.719933,0.938167,2.139978,2.368775,2.171289,2.139157,1.817845,2.668897,3.354035,1.917115,0.000000,0.000000
0.384451,0.679048,0.794362,0.745461,0.278016,0.110224,0.481520,0.609006,0.889099,0.574601,1.855650,2.456326,2.222140,1.719542,2.263389,2.153145,3.010060,2.579512,0.000000,0.000000
0.428002,0.702692,0.086553,0.035373,0.433559,0.712737,0.678647,0.120200,0.946741,0.836951,2.300261,2.094922,1.788023,2.188378,1.607553,2.025573,3.354043,1.101045,0.000000,0.000000
0.156101,0.343510,0.662134,0.056011,0.175702,0.550357,0.079994,0.138280,0.748777,0.618433,1.790020,1.702750,1.654657,1.385532,1.177814,1.939598,2.503952,1.681431,0.000000,0.000000
0.875402,0.564820,0.985535,0.519629,0.060431,0.957182,0.988565,0.442600,0.526844,0.604840,2.448466,2.391011,2.211900,2.991465,2.509497,2.565723,3.030950,2.321737,0.000000,0.000000
0.713426,0.243741,0.854796,0.883295,0.569368,0.844594,0.518583,0.758499,0.872009,0.222474,2.635815,2.882017,2.314525,2.668302,2.305822,2.171234,3.012947,3.119272,0.000000,0.000000
0.296090,0.887619,0.095882,0.725764,0.920981,0.010982,0.237014,0.889118,0.038951,0.000854,1.537715,1.916593,2.629502,1.940010,2.539590,1.849942,1.134077,2.268697,0.000000,0.000000
0.981123,0.478062,0.076826,0.142082,0.384545,0.317244,0.439034,0.286706,0.562124,0.124299,1.339351,2.547121,1.499705,1.563244,2.315056,1.272627,2.316999,1.161895,0.000000,0.000000
0.753445,0.073154,0.518043,0.534989,0.021590,0.274403,0.364514,0.150884,0.556424,0.053758,1.560771,1.888206,1.290350,1.443246,1.968055,1.193251,2.245719,1.693930,0.000000,0.000000
0.644662,0.542927,0.060080,0.543295,0.703309,0.207710,0.095504,0.855777,0.916296,0.597103,1.715766,2.963290,1.866956,1.765380,2.105979,2.091963,2.841713,1.952798,0.000000,0.000000
0.157019,0.472347,0.883125,0.268661,0.638219,0.676858,0.939810,0.468001,0.140730,0.061242,1.749266,1.491678,2.523515,2.500451,1.495644,2.157323,2.164704,2.121542,0.000000,0.000000
0.219369,0.917014,0.919737,0.523300,0.589414,0.599036,0.791578,0.572295,0.363340,0.617964,2.108866,1.714868,3.206461,2.337861,2.374772,2.743392,2.353275,2.390561,0.000000,0.000000
0.998995,0.497329,0.528194,0.340588,0.034242,0.608065,0.743365,0.048504,0.534456,0.273961,1.744627,2.331136,1.436239,2.113222,2.584912,1.422495,2.621504,1.570055,0.000000,0.000000
0.227534,0.350884,0.558146,0.544014,0.853571,0.791800,0.120568,0.960573,0.469187,0.881293,2.772232,2.192490,2.208299,2.633836,1.678914,2.783754,1.952911,2.641849,0.000000,0.000000
0.326469,0.742792,0.317862,0.372844,0.697026,0.837716,0.904332,0.342817,0.024404,0.374408,2.029213,1.378209,2.207890,2.646389,1.959379,1.892369,1.866624,1.487216,0.000000,0.000000
0.470948,0.552915,0.316495,0.331328,0.259009,0.285586,0.379535,0.073903,0.340457,0.430539,1.475170,1.294267,1.528212,1.461497,1.741494,1.529328,1.824961,1.358329,0.000000,0.000000
0.026558,0.242926,0.360071,0.684883,0.787291,0.939678,0.043725,0.143365,0.950364,0.524326,2.552888,2.046575,1.931278,1.929665,1.743914,2.190836,2.902639,1.701879,0.000000,0.000000
0.628027,0.968348,0.667614,0.494737,0.660879,0.411368,0.533263,0.770268,0.044722,0.218924,1.666625,2.019972,3.014606,2.159496,2.680140,1.953246,1.373813,2.382020,0.000000,0.000000
0.168757,0.641705,0.046805,0.662806,0.778211,0.780107,0.682306,0.274285,0.233260,0.976431,3.150364,1.333501,2.044647,2.311508,2.079397,2.582146,1.932061,1.413216,0.000000,0.000000
0.942686,0.838347,0.661319,0.164942,0.368205,0.712162,0.976299,0.433072,0.931723,0.844562,2.341782,3.138902,2.394760,2.564696,2.705491,2.269361,3.816605,1.853358,0.000000,0.000000
0.908182,0.535303,0.421792,0.748584,0.272862,0.193794,0.387074,0.379907,0.286614,0.291253,1.778879,2.211119,1.604161,1.479462,2.784198,1.440747,1.723055,1.985611,0.000000,0.000000
0.717988,0.107672,0.570855,0.068118,0.920320,0.684707,0.361695,0.345945,0.477774,0.847008,2.297010,1.944341,2.247444,1.871921,1.449839,2.880025,2.086371,1.690849,0.000000,0.000000
0.189980,0.409239,0.493820,0.913558,0.297470,0.423258,0.444380,0.200649,0.506933,0.856203,2.885516,1.464488,1.609866,1.631606,2.087892,2.065114,2.211341,2.296525,0.000000,0.000000
0.630395,0.176282,0.078712,0.936743,0.995282,0.160479,0.129823,0.393899,0.993083,0.983485,2.989233,2.630630,2.006955,1.216693,2.218335,2.974558,3.003019,2.055847,0.000000,0.000000
0.813571,0.352691,0.157719,0.976486,0.012555,0.038691,0.215907,0.094322,0.133308,0.128065,1.994316,1.650593,1.081302,1.218243,2.639377,1.132146,1.313232,2.097718,0.000000,0.000000
0.437164,0.534280,0.917089,0.217833,0.728559,0.248736,0.658058,0.493653,0.764475,0.283197,1.318900,2.161624,2.722124,1.840228,1.586835,2.585316,2.961991,2.171119,0.000000,0.000000
0.584082,0.682028,0.509268,0.435301,0.508584,0.315861,0.448659,0.466944,0.652167,0.052398,1.505491,2.091526,2.085192,1.650238,2.099724,1.443136,2.505628,1.809789,0.000000,0.000000
0.976823,0.154175,0.252546,0.848526,0.169205,0.665744,0.467172,0.078904,0.520082,0.558784,2.560214,2.281458,1.236649,1.910878,2.804365,1.603521,2.258413,1.869708,0.000000,0.000000
0.370792,0.281602,0.637183,0.722137,0.216340,0.546729,0.735818,0.166995,0.094627,0.143635,2.071175,1.226928,1.644674,2.039389,1.852416,1.449136,1.730682,2.041652,0.000000,0.000000
0.900155,0.119447,0.645556,0.783520,0.769012,0.150937,0.397231,0.188648,0.905961,0.561037,1.941434,2.738789,2.187458,1.426726,2.527164,2.421447,2.969714,2.162149,0.000000,0.000000
0.827770,0.324719,0.833221,0.955654,0.064717,0.723952,0.030404,0.875777,0.696584,0.635394,2.893752,2.928196,1.793214,2.226219,2.628287,2.218053,2.394092,3.472981,0.000000,0.000000
0.373175,0.422068,0.560173,0.085558,0.460428,0.472042,0.394143,0.974183,0.707906,0.149129,1.482679,2.527282,1.849410,2.541498,1.315667,1.536902,2.571161,2.509831,0.000000,0.000000
0.167382,0.242803,0.291633,0.230222,0.794797,0.100679,0.472371,0.682612,0.175550,0.694928,1.489279,1.718119,1.894161,1.800576,1.293864,2.351434,1.574235,1.769794,0.000000,0.000000
0.260060,0.329801,0.846069,0.549953,0.998268,0.779288,0.147463,0.397608,0.438089,0.274092,2.102328,1.607118,2.749973,1.817612,1.676310,2.876275,1.897923,2.170493,0.000000,0.000000
0.370761,0.566810,0.747217,0.578642,0.556399,0.589270,0.586881,0.986904,0.123712,0.142974,1.927020,2.053174,2.296833,2.895344,1.950882,1.869750,1.591853,2.914941,0.000000,0.000000
0.562785,0.193758,0.742568,0.588949,0.946812,0.182488,0.361831,0.805374,0.110759,0.810776,2.062317,1.995890,2.505494,1.917520,1.804740,3.116687,1.352440,2.595478,0.000000,0.000000
0.696371,0.470546,0.304590,0.906259,0.221876,0.695606,0.487396,0.715777,0.585912,0.713300,2.879836,2.396763,1.418836,2.337983,2.465365,1.790787,2.409379,2.561242,0.000000,0.000000
0.371948,0.207478,0.357835,0.712244,0.794930,0.538096,0.981297,0.848517,0.131459,0.959218,2.927964,1.917256,1.931907,2.881761,1.806748,2.636951,2.225862,2.439132,0.000000,0.000000
0.132206,0.096374,0.533972,0.490072,0.135348,0.166352,0.171186,0.846762,0.261736,0.973312,2.328576,1.917579,1.421370,1.805993,1.501671,2.143881,1.552776,2.368680,0.000000,0.000000
0.709162,0.239679,0.589637,0.529790,0.580829,0.631577,0.647682,0.119508,0.107133,0.559855,2.087734,1.487631,1.942270,2.048279,1.943881,2.102218,1.633759,1.752619,0.000000,0.000000
0.423261,0.672741,0.524702,0.151171,0.063723,0.294355,0.200425,0.607169,0.931099,0.033019,1.317244,2.549942,1.643504,1.510906,1.679578,1.181537,2.902369,1.896811,0.000000,0.000000
0.807016,0.322938,0.254264,0.153560,0.606291,0.032071,0.638193,0.465896,0.839108,0.222906,1.066727,2.695587,1.704620,1.740349,1.783439,1.606934,3.085506,1.474944,0.000000,0.000000
0.115778,0.343850,0.130882,0.218334,0.526608,0.448116,0.499232,0.844152,0.151883,0.237902,1.509250,1.868772,1.584393,2.301576,1.338119,1.517461,1.552998,1.853883,0.000000,0.000000
0.724580,0.841461,0.420799,0.920890,0.931163,0.406084,0.921110,0.421229,0.279169,0.647943,2.526147,1.879580,2.704037,2.160754,3.009363,2.589519,2.406783,2.379181,0.000000,0.000000
0.245747,0.463421,0.814997,0.619145,0.061360,0.351074,0.218217,0.949125,0.297660,0.003540,1.734415,2.052568,1.825103,2.196479,1.848745,1.548642,1.642939,2.953179,0.000000,0.000000
0.743496,0.060926,0.333720,0.646038,0.905192,0.367804,0.329116,0.281594,0.647096,0.072137,1.785544,2.111322,2.016787,1.486724,2.060744,1.928676,2.402509,1.682649,0.000000,0.000000
0.976658,0.070459,0.604962,0.131986,0.512321,0.094980,0.599778,0.901860,0.107227,0.559714,1.287747,2.844953,1.878650,2.342328,2.068546,2.043590,1.574188,2.420612,0.000000,0.000000
0.409859,0.397715,0.081521,0.981897,0.390886,0.231885,0.846419,0.581840,0.635229,0.534175,2.348430,2.054205,1.460441,2.097165,2.208924,1.687508,2.986884,2.366726,0.000000,0.000000
0.986013,0.596288,0.136821,0.956084,0.612224,0.256100,0.207125,0.276941,0.836114,0.620100,2.408641,2.934651,1.842959,1.293952,3.270266,1.997479,2.715129,2.087472,0.000000,0.000000
0.329899,0.453663,0.354956,0.960897,0.004630,0.153988,0.690579,0.647858,0.154511,0.231459,2.089712,1.707635,1.223992,1.986210,2.202611,1.276203,1.785922,2.661893,0.000000,0.000000
0.093719,0.904697,0.266496,0.273289,0.610854,0.149748,0.915973,0.977057,0.013493,0.078915,1.224926,1.978062,2.422349,2.871136,2.092589,1.470985,1.865994,2.241548,0.000000,0.000000
0.128377,0.532289,0.963360,0.569246,0.273447,0.495972,0.422031,0.597240,0.037885,0.088064,1.820696,1.600791,2.352324,1.881052,1.854693,2.056895,1.253880,2.504514,0.000000,0.000000
0.193404,0.568700,0.956845,0.911355,0.702255,0.592272,0.243027,0.658648,0.782353,0.539320,2.579710,2.277959,2.801737,1.879546,2.242009,2.908525,2.623769,3.147604,0.000000,0.000000
0.958451,0.118675,0.530619,0.300040,0.430856,0.992274,0.821506,0.018459,0.875602,0.102830,2.083385,2.665599,1.714084,2.806120,2.194586,1.437867,3.426076,1.557971,0.000000,0.000000
0.347402,0.819987,0.843639,0.489711,0.863815,0.890920,0.094344,0.704423,0.385303,0.379316,2.185313,1.894810,3.126883,2.237627,2.204016,2.725933,1.779508,2.457293,0.000000,0.000000
0.063843,0.284977,0.142125,0.136614,0.815048,0.911674,0.637446,0.575609,0.681365,0.175200,1.935715,2.040128,1.858391,2.659310,1.218086,1.842374,2.769069,1.476000,0.000000,0.000000
0.086250,0.332113,0.893781,0.452652,0.439866,0.774117,0.129621,0.803569,0.069427,0.506417,2.108886,1.809030,2.275343,2.247761,1.563592,2.413892,1.155655,2.632250,0.000000,0.000000
0.260341,0.920322,0.196596,0.622936,0.020334,0.811518,0.185912,0.469342,0.648176,0.375305,2.252431,1.907120,1.838489,1.947861,2.487574,1.383317,2.330916,1.658608,0.000000,0.000000
0.150472,0.716862,0.859822,0.185509,0.620812,0.393038,0.751582,0.393507,0.472755,0.098664,1.428412,1.620411,2.728494,1.966994,1.702807,2.119733,2.510386,2.021054,0.000000,0.000000
0.179766,0.364446,0.637877,0.105511,0.572264,0.856573,0.706418,0.361525,0.594528,0.766574,2.318172,1.720798,2.027557,2.487387,1.244141,2.353605,2.688082,1.769752,0.000000,0.000000
0.273810,0.118632,0.881924,0.258318,0.117381,0.742166,0.119599,0.201567,0.335244,0.663359,2.100803,1.334484,1.896840,1.678599,1.292920,2.363089,1.684792,1.939791,0.000000,0.000000
0.746268,0.287849,0.225985,0.300177,0.955783,0.096245,0.454657,0.392871,0.220435,0.520572,1.327423,1.857071,2.030702,1.524559,1.798642,2.445634,1.647582,1.407380,0.000000,0.000000
0.439754,0.884239,0.496435,0.422505,0.125825,0.276888,0.406702,0.729653,0.212382,0.654911,1.736295,1.859800,2.063641,1.871831,2.289426,1.793088,1.590169,2.104250,0.000000,0.000000
0.124581,0.528059,0.437801,0.223794,0.918277,0.425673,0.136201,0.690541,0.914892,0.663046,1.767252,2.529501,2.257195,1.646681,1.504574,2.590193,2.848334,1.925856,0.000000,0.000000
0.239114,0.733629,0.928993,0.929853,0.836913,0.045656,0.604456,0.446789,0.761280,0.091580,1.911051,2.040008,3.094788,1.695729,2.481736,2.593749,2.887927,2.932588,0.000000,0.000000
0.368144,0.922554,0.087684,0.968289,0.172324,0.322609,0.847313,0.968562,0.358191,0.054040,2.260351,2.146757,1.965203,2.860007,2.869289,1.084410,2.434321,2.933648,0.000000,0.000000
0.788279,0.984830,0.401690,0.804162,0.565023,0.196291,0.406783,0.073727,0.549917,0.081510,1.843510,1.865958,2.681554,1.445714,3.263875,1.465576,2.265306,1.927159,0.000000,0.000000
0.908074,0.855395,0.541737,0.701309,0.357707,0.059338,0.854523,0.833706,0.015826,0.683940,1.871101,2.582753,2.277077,2.437524,3.181805,1.970882,1.761862,2.581730,0.000000,0.000000
0.371395,0.083305,0.526111,0.723501,0.554843,0.394150,0.925080,0.476336,0.084521,0.005182,1.917605,1.534709,1.832214,2.188514,1.781669,1.458656,2.024816,2.131728,0.000000,0.000000
0.043618,0.908121,0.625713,0.732879,0.218154,0.950907,0.184067,0.543303,0.831431,0.304178,2.516162,2.234663,2.358583,2.248662,2.557645,1.596747,2.696743,2.314529,0.000000,0.000000
0.107353,0.004701,0.573809,0.677942,0.926322,0.336420,0.109170,0.666999,0.647924,0.756839,2.229547,2.088042,2.255579,1.519088,1.679201,2.803842,2.307766,2.330282,0.000000,0.000000
