0.553533,0.937812,0.776026,0.219611,0.007750,0.903243,0.834092,0.337246,0.984808,0.805536,2.679388,2.463271,3.324493,1.620558,2.946015,1.836851,2.768554,3.167309,1.834190,0.000000
0.765655,0.780966,0.535409,0.299267,0.156882,0.297589,0.181716,0.584358,0.111175,0.922551,1.915175,2.586054,1.855588,1.470347,1.992869,2.528294,1.779458,1.403838,1.272243,0.000000
0.787217,0.198269,0.797832,0.667211,0.979086,0.198228,0.752309,0.706824,0.195494,0.907388,2.132306,2.974314,1.833983,2.912645,1.589615,3.345898,2.252044,2.257813,2.315403,0.000000
0.783315,0.645904,0.673649,0.918034,0.450734,0.804741,0.371626,0.603772,0.500703,0.167400,2.386550,1.921771,2.556451,2.678245,2.116707,2.069007,2.423475,2.005830,2.872050,0.000000
0.929953,0.310740,0.970262,0.034838,0.493885,0.330759,0.787636,0.070417,0.557159,0.483440,1.620023,2.204325,2.212311,2.435335,1.621515,2.471685,2.755365,2.987192,1.603329,0.000000
0.602954,0.575115,0.286109,0.887822,0.472535,0.768390,0.123087,0.853276,0.478197,0.162727,2.220444,1.933843,2.302727,2.254199,2.425041,1.840397,2.002746,1.561920,2.762764,0.000000
0.350423,0.481595,0.073000,0.450926,0.249281,0.157250,0.377475,0.883342,0.873676,0.610051,1.736645,2.134427,2.042037,1.346298,2.934170,1.599114,1.342769,1.932791,1.365697,0.000000
0.517271,0.090757,0.733024,0.663093,0.080769,0.735872,0.621008,0.144882,0.018857,0.506074,1.910822,1.992176,2.058785,1.909650,1.094154,1.477949,2.259928,1.795673,1.913834,0.000000
0.020638,0.433509,0.399475,0.437948,0.146443,0.835676,0.700292,0.742435,0.696036,0.851558,1.969307,2.533863,2.056199,1.390020,2.327213,1.764377,2.326094,2.199046,1.928795,0.000000
0.487096,0.037519,0.901520,0.441669,0.637089,0.473658,0.357358,0.295374,0.672209,0.227326,1.488713,1.978967,2.015194,2.535985,1.515153,1.886099,1.716931,2.530583,1.947598,0.000000
0.584535,0.423919,0.081787,0.724209,0.477397,0.890863,0.741147,0.820039,0.593088,0.167765,2.311027,1.661378,2.586794,1.863918,2.327119,1.823800,2.639887,2.006888,2.650866,0.000000
0.278414,0.214689,0.585168,0.387569,0.192754,0.585268,0.974890,0.481544,0.864493,0.219781,2.360205,1.745135,2.267030,1.593393,2.073701,1.280885,2.557259,3.133460,1.593509,0.000000
0.866525,0.151464,0.318650,0.780498,0.539904,0.030871,0.072348,0.281309,0.265407,0.511263,1.803818,1.602302,1.886174,2.116903,1.244166,2.424409,1.686750,1.367323,2.016318,0.000000
0.585440,0.601216,0.587904,0.062088,0.693540,0.838118,0.288745,0.557884,0.605047,0.607408,1.447622,2.130482,2.509379,2.039411,2.140930,2.260379,2.122146,1.974752,2.396222,0.000000
0.828825,0.038304,0.163658,0.555172,0.372589,0.504647,0.709408,0.139156,0.531173,0.823496,1.913656,1.844497,2.233362,1.570485,1.323143,2.617990,2.577270,1.914973,1.798371,0.000000
0.560115,0.573612,0.536112,0.727429,0.563077,0.791353,0.417708,0.285214,0.595665,0.734232,2.129341,2.098409,2.397708,2.235413,1.951630,2.272627,2.141558,1.955963,2.574238,0.000000
0.931054,0.153772,0.047371,0.861303,0.329118,0.441503,0.094228,0.551679,0.097176,0.640841,1.885786,1.625952,2.126896,1.970314,1.331118,2.459158,2.257476,1.100256,2.162994,0.000000
0.281332,0.283894,0.108331,0.701462,0.765003,0.274672,0.538544,0.887661,0.850033,0.032501,1.938251,1.808813,1.970974,2.121891,2.705876,1.844185,1.586969,2.017963,2.185600,0.000000
0.504454,0.271610,0.363432,0.841850,0.025747,0.580904,0.112212,0.157601,0.822057,0.579137,1.917035,1.702747,2.397430,1.754458,1.951302,1.474463,1.721866,1.955552,1.959825,0.000000
0.301751,0.773354,0.317035,0.979166,0.754141,0.459439,0.597823,0.518060,0.617461,0.442651,2.790901,1.652015,1.748248,2.793444,2.293652,1.931928,1.844307,1.931629,2.904018,0.000000
0.227271,0.755821,0.521288,0.196823,0.277574,0.675774,0.290869,0.772697,0.739613,0.845410,1.792698,2.697353,2.088531,1.556940,2.764196,1.933456,1.772118,2.035964,1.741869,0.000000
0.690381,0.576517,0.410814,0.158406,0.024761,0.037826,0.437603,0.260218,0.247397,0.740311,1.574578,1.976494,1.706954,1.197504,1.655343,1.907122,1.558377,1.499965,1.030167,0.000000
0.616408,0.292866,0.226835,0.672596,0.991830,0.084738,0.781319,0.951406,0.662075,0.039712,2.235329,2.089599,1.913805,2.347557,2.592397,2.371851,1.929406,2.190492,2.303283,0.000000
0.431605,0.311338,0.292754,0.433733,0.374029,0.229821,0.027932,0.985083,0.462219,0.129504,1.530686,2.265438,1.583174,1.541330,2.480898,1.562484,1.311001,1.547946,1.508442,0.000000
0.061034,0.163314,0.452108,0.037270,0.239213,0.491987,0.299380,0.268767,0.119348,0.680690,1.090775,1.934861,1.304785,1.443667,1.196972,1.558328,1.581843,1.350582,1.481317,0.000000
0.106388,0.268744,0.893207,0.764673,0.143883,0.505711,0.892465,0.317879,0.103145,0.261680,2.547739,1.993804,1.363229,2.388824,1.311504,1.173120,2.303408,2.611805,1.846750,0.000000
0.685202,0.463089,0.829521,0.027111,0.493550,0.382495,0.466912,0.492443,0.583866,0.126480,1.343352,1.964936,2.030544,2.181674,1.923407,1.965075,1.922205,2.373760,1.639873,0.000000
0.425106,0.372911,0.818961,0.992720,0.364780,0.393189,0.171057,0.505787,0.158277,0.335246,2.136788,2.060741,1.583669,3.013795,1.527353,1.583173,1.499273,1.833979,2.497696,0.000000
0.424378,0.670834,0.769401,0.356245,0.647741,0.580282,0.392836,0.280813,0.416061,0.252937,1.866885,1.855522,1.833129,2.284931,1.866085,1.844020,1.811031,2.068663,2.029680,0.000000
0.723038,0.770077,0.056153,0.146351,0.157622,0.264976,0.450539,0.773394,0.335567,0.309076,1.830823,1.614278,1.831037,1.163910,2.345279,1.709932,1.845955,1.430173,1.230969,0.000000
0.773474,0.247038,0.106794,0.521091,0.736728,0.918000,0.086252,0.623835,0.393011,0.637244,1.582761,1.755652,2.676902,1.889628,1.644273,2.593763,2.388180,1.405057,2.720947,0.000000
0.343702,0.574403,0.373807,0.119118,0.761305,0.097237,0.818210,0.807778,0.224028,0.243013,1.996821,1.959943,1.364400,1.902727,2.151672,1.893787,1.807306,1.911524,1.772451,0.000000
0.590064,0.343355,0.703603,0.609515,0.867376,0.055948,0.889694,0.189691,0.564547,0.770685,2.431650,2.304384,1.773123,2.588874,1.668894,2.673304,2.052949,2.763848,2.096946,0.000000
0.896786,0.251824,0.141001,0.699519,0.836609,0.289537,0.640338,0.036314,0.290346,0.869767,2.025493,1.897544,2.005094,2.198783,1.336173,3.298810,2.420787,1.572786,2.262734,0.000000
0.438454,0.929843,0.637179,0.290223,0.857924,0.952650,0.861771,0.214226,0.236536,0.801593,2.794824,2.289562,2.359231,2.288366,1.995623,2.565231,2.779589,2.282526,2.789912,0.000000
0.698370,0.897908,0.056056,0.189595,0.923853,0.283380,0.478406,0.319362,0.941264,0.891025,2.105327,1.882555,2.612613,1.933811,2.816457,3.118983,1.852863,2.053900,2.010972,0.000000
0.402605,0.247635,0.064743,0.956676,0.394366,0.820062,0.880822,0.637388,0.004717,0.277817,2.701382,1.400873,2.075107,2.274137,1.506605,1.577900,2.661167,1.692291,2.942446,0.000000
0.154973,0.520971,0.587605,0.639324,0.345119,0.589433,0.969411,0.187669,0.196964,0.359719,2.821746,1.723613,1.510045,1.951713,1.566375,1.415683,2.532912,2.453255,1.953864,0.000000
0.124801,0.695656,0.123811,0.005904,0.381640,0.303852,0.375267,0.089556,0.058284,0.127685,1.542689,1.140833,1.217325,1.396970,1.699771,1.399297,1.446621,1.126460,1.473967,0.000000
0.932460,0.095160,0.946068,0.663259,0.516941,0.881978,0.645116,0.305330,0.565205,0.455899,1.940795,2.182377,2.890903,2.703762,1.443081,2.481178,3.108910,2.728731,2.586602,0.000000
0.620813,0.468341,0.186542,0.241326,0.058172,0.354672,0.084584,0.710641,0.456292,0.589513,1.461275,1.892949,1.841606,1.107024,2.035425,1.648450,1.601093,1.491695,1.198019,0.000000
0.450621,0.031638,0.471713,0.936414,0.537013,0.331428,0.446824,0.040413,0.524688,0.197998,2.026623,1.510982,1.704911,2.580639,1.307002,1.747834,1.622582,1.836410,2.467971,0.000000
0.334366,0.155604,0.995054,0.873414,0.775832,0.850381,0.485282,0.557956,0.253646,0.590681,2.011909,2.517658,2.073832,3.432250,1.393640,2.093724,2.123262,2.358061,3.165265,0.000000
0.202638,0.228558,0.543835,0.600562,0.730432,0.333115,0.442789,0.866881,0.743897,0.344189,1.739614,2.313746,1.725264,2.242795,2.433387,1.812268,1.537497,2.126468,2.058004,0.000000
0.013661,0.593637,0.428856,0.115329,0.347293,0.920217,0.578685,0.003159,0.587804,0.232553,1.661520,1.482937,2.063556,1.532744,1.939151,1.360056,2.255096,1.965509,2.195627,0.000000
0.381918,0.967894,0.611298,0.622959,0.209963,0.021873,0.348707,0.961222,0.872690,0.096635,2.602180,2.508755,2.047028,1.825405,3.617602,1.356726,1.199177,2.288777,1.452198,0.000000
0.388847,0.383227,0.773456,0.743159,0.019330,0.270950,0.687441,0.148474,0.572541,0.757484,2.214890,2.350511,1.649942,2.028000,1.714303,1.605163,1.802321,2.495643,1.503179,0.000000
0.144428,0.704260,0.989906,0.353659,0.753611,0.281282,0.118212,0.314494,0.945052,0.660935,1.851293,2.457847,2.067596,2.777759,2.628488,2.063190,1.298269,2.926618,1.876965,0.000000
0.446514,0.411481,0.851970,0.144750,0.812412,0.853206,0.587306,0.520761,0.222121,0.738410,1.516644,2.538446,2.185433,2.541298,1.602044,2.414405,2.287158,2.150553,2.543405,0.000000
0.833917,0.369461,0.080214,0.475074,0.779120,0.170402,0.186296,0.825104,0.869307,0.062671,1.618042,1.645869,2.519884,1.892776,2.686884,2.474783,1.785028,1.882207,1.915379,0.000000
0.063215,0.362819,0.100918,0.616553,0.998554,0.087028,0.675988,0.032592,0.961537,0.598264,2.057090,1.458872,1.959782,2.243113,2.287408,2.216680,1.544241,2.280621,2.240503,0.000000
0.627358,0.230596,0.174188,0.369136,0.932100,0.777166,0.534218,0.262371,0.442580,0.536583,1.574771,1.480171,2.318037,2.012740,1.444534,2.480172,2.309469,1.625381,2.586386,0.000000
0.454211,0.182223,0.220627,0.528820,0.545705,0.483840,0.926454,0.965563,0.261886,0.832356,2.357216,2.813649,1.706273,1.742266,2.151013,2.328682,2.435863,2.105753,1.927691,0.000000
0.588103,0.606546,0.788563,0.909332,0.223614,0.917650,0.625794,0.503973,0.696295,0.875095,2.522302,2.682358,2.767767,2.597359,2.219377,2.239618,2.512672,2.563200,2.817608,0.000000
0.388227,0.399022,0.106710,0.812205,0.982375,0.624184,0.764337,0.393969,0.678073,0.684462,2.417957,1.636347,2.089599,2.529556,1.919953,2.453758,2.266908,2.135994,2.907774,0.000000
0.188742,0.783231,0.608316,0.831065,0.887883,0.599613,0.096227,0.189648,0.446351,0.884103,2.445407,2.396775,1.637204,2.831922,1.989281,2.614555,1.615596,1.817290,2.821410,0.000000
0.679881,0.924570,0.806409,0.028751,0.741969,0.957726,0.159491,0.416447,0.867893,0.939255,1.887638,2.760832,3.250852,2.392288,2.750032,3.032819,2.297431,2.522245,2.659233,0.000000
0.486634,0.400994,0.391310,0.988080,0.452192,0.024419,0.571760,0.296714,0.345294,0.201582,2.335790,1.458068,1.528399,2.569980,1.546344,1.697196,1.466570,1.685332,2.417453,0.000000
0.824600,0.568746,0.304858,0.242846,0.559230,0.164942,0.486413,0.968379,0.350272,0.090855,1.681401,2.221217,1.894781,1.666490,2.599540,2.239945,1.962240,1.558295,1.600757,0.000000
0.243590,0.434711,0.501749,0.773903,0.605406,0.517108,0.296620,0.218368,0.022326,0.759039,1.988974,2.088302,1.511002,2.320669,1.445622,2.102055,1.619545,1.300175,2.336318,0.000000
0.572720,0.439195,0.547612,0.482258,0.287329,0.657958,0.275427,0.588148,0.152417,0.807692,1.696044,2.403429,2.009169,1.699368,1.665876,2.142248,1.921675,1.473190,1.832397,0.000000
0.439554,0.764925,0.045318,0.567954,0.741305,0.426588,0.361452,0.493898,0.093725,0.467841,2.200286,1.384673,1.622355,1.926565,1.894188,2.036912,1.642161,1.143002,2.106489,0.000000
0.371471,0.204790,0.192396,0.934991,0.941593,0.477559,0.625576,0.241354,0.620140,0.932671,2.221746,2.076331,1.838023,2.795985,1.603422,2.890890,1.920164,1.901972,2.987031,0.000000
0.694814,0.832251,0.108607,0.914849,0.742085,0.145121,0.465512,0.261791,0.253571,0.451871,2.708368,1.330736,1.732178,2.519562,1.914491,2.317117,1.697255,1.366243,2.528827,0.000000
0.061291,0.008934,0.718477,0.641723,0.366346,0.467734,0.780542,0.635398,0.887326,0.256557,2.117344,2.040828,1.978701,2.146822,2.052811,1.386989,2.077209,2.879076,1.849387,0.000000
0.090622,0.739202,0.124089,0.188510,0.252327,0.962880,0.559399,0.977130,0.335313,0.304623,1.909981,2.149832,2.055460,1.274424,2.784584,1.288807,2.276552,1.525763,2.186163,0.000000
0.608258,0.301692,0.206989,0.802982,0.596783,0.028686,0.834612,0.249506,0.437910,0.297109,2.475372,1.310795,1.693056,2.157374,1.508989,1.992988,1.950305,2.062126,2.115353,0.000000
0.050001,0.415528,0.017064,0.881884,0.986299,0.514470,0.399144,0.316695,0.569910,0.155877,2.118138,1.073125,1.499786,2.672448,1.772089,1.992586,1.673911,1.633791,2.936836,0.000000
0.117106,0.818717,0.547612,0.859612,0.718354,0.951052,0.906339,0.311651,0.361126,0.403573,3.274422,1.740753,2.068701,2.653430,1.979398,1.797798,2.774108,2.405518,3.258051,0.000000
0.283301,0.904617,0.969242,0.284166,0.165890,0.070441,0.734588,0.715675,0.541716,0.576030,2.498896,2.667614,1.447233,2.128266,2.564635,1.437283,1.632798,2.877543,1.193799,0.000000
0.174741,0.013877,0.760596,0.299959,0.369174,0.491881,0.515119,0.885181,0.911486,0.315735,1.436837,2.553865,2.173955,1.974668,2.538264,1.431183,1.762564,2.626676,1.638110,0.000000
0.809214,0.702026,0.720719,0.244573,0.126405,0.751337,0.600055,0.974858,0.359038,0.134446,1.953474,2.665249,2.420004,1.660470,2.757389,1.783662,2.641298,2.094533,1.705541,0.000000
0.986224,0.891165,0.892457,0.094118,0.108396,0.786248,0.346768,0.435553,0.777893,0.421504,1.929990,2.152750,3.075126,1.905710,2.578908,2.155922,2.865736,2.616071,1.727415,0.000000
0.778328,0.884745,0.110079,0.896264,0.034780,0.220060,0.477902,0.100001,0.501437,0.237359,2.788185,1.167418,1.952835,1.766857,2.137184,1.653947,1.919956,1.622702,1.803166,0.000000
0.573121,0.413516,0.382402,0.871203,0.610005,0.685028,0.638678,0.338909,0.281786,0.396643,2.302721,1.578654,2.064759,2.417475,1.531846,2.000875,2.281189,1.688540,2.740508,0.000000
0.958145,0.884501,0.444481,0.803765,0.586108,0.697311,0.716068,0.602097,0.000821,0.243908,2.953274,1.722244,2.444387,2.302934,2.102774,2.518660,3.089681,1.565550,2.591613,0.000000
0.112390,0.539853,0.885106,0.898418,0.425110,0.845722,0.228446,0.795277,0.650128,0.147945,2.201782,2.409979,2.102422,2.933686,2.465504,1.440979,1.899329,2.445463,2.865518,0.000000
0.346094,0.117923,0.288189,0.413372,0.923458,0.419906,0.370140,0.236338,0.773362,0.515407,1.477989,1.567034,1.984955,2.077147,1.729213,2.180155,1.598365,1.907126,2.170415,0.000000
0.704801,0.751215,0.281675,0.914837,0.289726,0.061947,0.913164,0.010217,0.474206,0.419779,3.240620,1.457891,1.815273,2.134718,1.976088,1.860441,2.245920,2.315005,2.059215,0.000000
0.955835,0.205809,0.939214,0.266273,0.638356,0.470425,0.052643,0.831247,0.141352,0.558554,1.308776,2.825565,2.179959,2.539358,1.800158,2.726236,2.346468,2.023620,1.878535,0.000000
0.188370,0.835549,0.500551,0.996285,0.869385,0.115334,0.275794,0.868776,0.966153,0.344732,2.715404,2.275119,2.103531,3.108834,3.424729,1.945836,1.198081,2.237683,2.871584,0.000000
0.116053,0.750391,0.484275,0.864897,0.820394,0.904653,0.392369,0.097980,0.577639,0.410660,2.488390,1.653857,2.127189,2.701899,2.084999,1.903117,2.060169,1.872568,3.285774,0.000000
0.145337,0.006575,0.974320,0.701388,0.164888,0.199474,0.526445,0.719791,0.849832,0.231864,1.847332,2.401005,1.798887,2.459231,2.101713,1.198476,1.479688,2.945032,1.549722,0.000000
0.220679,0.407595,0.837369,0.716143,0.126306,0.741850,0.300561,0.479292,0.017026,0.425351,1.909429,2.128395,1.771026,2.194775,1.517989,1.251961,1.842934,1.745364,2.043930,0.000000
0.940549,0.405442,0.013917,0.512156,0.737064,0.008385,0.076418,0.005335,0.232686,0.390801,1.676985,1.166643,1.953218,1.871598,1.459585,2.681382,1.846265,1.233326,1.871475,0.000000
0.394810,0.831410,0.824060,0.046108,0.438777,0.493216,0.963044,0.508198,0.954434,0.417592,2.630530,2.129692,2.507508,2.117949,2.873604,1.667472,2.482212,3.526688,1.682137,0.000000
0.512654,0.655098,0.509064,0.973973,0.812902,0.804786,0.970635,0.203121,0.914237,0.449863,3.317593,1.719821,2.924481,2.995982,2.499308,2.166759,2.881651,3.087850,3.384516,0.000000
0.756368,0.819601,0.308892,0.367916,0.933104,0.638584,0.672737,0.488678,0.329187,0.610151,2.344125,1.797875,2.199830,2.078319,2.044664,2.732346,2.523872,1.729065,2.390695,0.000000
0.274492,0.632300,0.463137,0.753293,0.548312,0.332368,0.824907,0.954512,0.168166,0.484669,2.714422,2.567689,1.389716,2.190264,2.530228,1.737508,2.033521,1.943988,2.086236,0.000000
0.843862,0.940682,0.650129,0.238833,0.441145,0.157907,0.209513,0.781027,0.878051,0.032021,2.132912,2.127583,2.545752,1.877435,3.188085,2.153280,1.802720,2.309915,1.479703,0.000000
0.042397,0.256731,0.224203,0.741745,0.027932,0.220063,0.592885,0.451473,0.561743,0.193799,2.016062,1.353783,1.268086,1.486296,1.664308,1.037008,1.571652,1.820416,1.484457,0.000000
0.814850,0.511979,0.088800,0.839918,0.117877,0.344643,0.830702,0.852802,0.822196,0.194849,2.675280,1.746985,2.489438,1.718293,2.808203,1.789255,2.575755,2.403321,1.829186,0.000000
0.742001,0.908043,0.459585,0.179799,0.655457,0.970402,0.840647,0.098324,0.838139,0.909421,2.598416,2.287581,3.272456,1.872488,2.611472,2.958156,3.085610,2.643432,2.602949,0.000000
0.651738,0.511727,0.382528,0.577957,0.083418,0.589468,0.410732,0.963635,0.151233,0.986344,1.909112,3.250226,2.002669,1.422803,2.429422,2.467768,2.035002,1.366852,1.623947,0.000000
0.000186,0.453192,0.571473,0.625076,0.163870,0.622453,0.919326,0.427103,0.635284,0.603333,2.607437,2.013395,1.644025,1.734682,1.934689,1.383490,2.467613,2.738844,1.795547,0.000000
0.904130,0.626171,0.365842,0.614652,0.811079,0.714730,0.618602,0.157694,0.828046,0.434053,2.243462,1.558165,2.982726,2.177133,2.315752,2.710306,2.836480,2.198606,2.554132,0.000000
0.940406,0.584452,0.567874,0.246596,0.308685,0.252935,0.570789,0.169924,0.541091,0.448404,1.774143,1.773846,2.162803,1.646161,1.882138,2.283208,2.410397,2.049535,1.387656,0.000000
0.768164,0.966032,0.738702,0.159668,0.007113,0.270295,0.724359,0.738401,0.085464,0.419985,2.472956,2.317692,1.841848,1.556864,2.375940,1.671269,2.248267,2.011213,1.084243,0.000000
0.112904,0.043152,0.836779,0.317395,0.620089,0.739001,0.385671,0.084226,0.231900,0.857872,1.376623,2.573321,1.671498,2.352262,1.097527,2.264183,1.889182,1.989464,2.198186,0.000000
0.669380,0.134512,0.722826,0.521241,0.962075,0.016834,0.507067,0.864616,0.947758,0.693477,1.669710,2.850089,2.520983,2.626170,2.679110,2.743645,1.573880,2.600612,2.103975,0.000000
0.791107,0.577759,0.798621,0.568739,0.443865,0.621656,0.553438,0.135020,0.666835,0.558696,2.072059,2.113223,2.474084,2.265628,2.024889,2.244108,2.423064,2.474145,2.014288,0.000000
0.312610,0.939452,0.211381,0.535579,0.334461,0.179187,0.049903,0.222706,0.709339,0.530350,2.418274,1.503698,1.701631,1.532772,2.453660,1.581358,1.212227,1.754145,1.520198,0.000000
0.024913,0.650883,0.910412,0.241694,0.069226,0.711278,0.790621,0.782367,0.790313,0.323449,2.159546,2.493916,2.024454,1.912195,2.754362,1.103685,2.336376,3.113366,1.589261,0.000000
0.495857,0.879837,0.468060,0.073956,0.755624,0.903489,0.241623,0.664989,0.337742,0.090663,1.862176,1.770344,2.350676,1.975108,2.287972,2.002243,2.083789,1.570928,2.572321,0.000000
0.834234,0.939949,0.849098,0.903743,0.724647,0.406284,0.757174,0.649183,0.412890,0.516769,3.221344,2.389739,2.069689,3.183749,2.384018,2.558597,2.560178,2.567955,2.627848,0.000000
0.851401,0.302558,0.993824,0.453063,0.837089,0.731512,0.109295,0.449678,0.666455,0.433023,1.545910,2.272262,2.682526,2.917772,1.837651,2.643168,2.360624,2.655446,2.465197,0.000000
0.336909,0.600963,0.908815,0.487156,0.411569,0.471609,0.214189,0.636876,0.719749,0.637995,1.858139,2.574175,1.932182,2.353125,2.377325,1.784764,1.555728,2.555519,1.749597,0.000000
0.990878,0.287972,0.249716,0.407988,0.519754,0.181454,0.724558,0.188064,0.246722,0.462674,1.871298,1.470434,2.038822,1.650023,1.355495,2.600636,2.679321,1.689462,1.620590,0.000000
0.330765,0.583784,0.904645,0.886674,0.443442,0.815328,0.767178,0.041699,0.033435,0.041491,2.679010,1.906439,1.995562,2.958918,1.584975,1.552919,2.440078,2.303350,2.805295,0.000000
0.221895,0.962183,0.320566,0.319752,0.208058,0.969233,0.396007,0.146489,0.492366,0.779959,2.307650,1.932045,2.280669,1.343512,2.207750,1.731772,2.136980,1.657230,2.180162,0.000000
0.488392,0.868397,0.560871,0.998208,0.483091,0.648144,0.519326,0.076280,0.356571,0.155084,2.892384,1.585366,1.953818,2.792302,1.995984,1.725348,2.034338,1.811210,2.897816,0.000000
0.427938,0.301402,0.853380,0.455255,0.666561,0.488927,0.096853,0.871122,0.433963,0.416652,1.547007,2.688034,1.748714,2.489174,2.150781,1.922023,1.576677,2.163130,1.999966,0.000000
0.662297,0.540311,0.937904,0.455610,0.335910,0.369514,0.014280,0.300293,0.717666,0.385425,1.747549,2.113536,2.168468,2.310150,2.082435,1.831803,1.660226,2.597333,1.567025,0.000000
0.989438,0.364831,0.998876,0.808147,0.916867,0.730771,0.365427,0.688004,0.713189,0.438907,1.990047,2.517182,2.886220,3.442423,2.199137,2.980404,2.832955,2.759741,2.978695,0.000000
0.156507,0.120564,0.956246,0.886608,0.197218,0.002631,0.724474,0.662988,0.111963,0.847289,2.281393,2.965563,1.157918,2.808565,1.424518,1.829979,1.531327,2.406620,1.894164,0.000000
0.383035,0.747404,0.142958,0.375888,0.410166,0.442871,0.251470,0.047742,0.546063,0.281314,1.950403,1.222204,1.741997,1.483713,2.045698,1.579145,1.562305,1.582402,1.659410,0.000000
0.566206,0.289819,0.765537,0.587040,0.833990,0.353545,0.111391,0.323499,0.316518,0.057465,1.672417,1.802694,1.722910,2.622339,1.423857,2.154769,1.547472,1.903946,2.161287,0.000000
0.669654,0.160681,0.495678,0.913802,0.518601,0.022124,0.758932,0.464034,0.603355,0.051441,2.376749,1.598244,1.889787,2.527354,1.624637,1.967173,1.898399,2.286180,2.282147,0.000000
0.756793,0.434983,0.632568,0.922016,0.445770,0.690742,0.607684,0.537023,0.688115,0.859463,2.335632,2.526118,2.559741,2.629731,2.063360,2.653369,2.493464,2.312663,2.706713,0.000000
0.692018,0.727284,0.533714,0.870525,0.037398,0.245007,0.438956,0.422561,0.894123,0.892768,2.484046,2.406201,2.466858,1.981943,2.602191,2.227855,1.769089,2.263552,1.757121,0.000000
0.798487,0.199134,0.835137,0.903089,0.589166,0.982744,0.216402,0.671415,0.084172,0.776856,1.952877,2.741314,2.764869,3.023151,1.508891,2.695584,2.538674,1.791759,3.291484,0.000000
0.797494,0.177019,0.411671,0.258455,0.740870,0.461559,0.500082,0.084558,0.302123,0.794948,1.414853,2.044218,2.038109,1.927608,1.268902,2.879228,2.218845,1.596658,1.971172,0.000000
0.923262,0.696465,0.189654,0.522176,0.524856,0.896554,0.580889,0.466232,0.914680,0.771617,2.203250,1.886393,3.492330,1.703205,2.634451,2.836684,3.020988,2.146660,2.471045,0.000000
0.041240,0.030633,0.418462,0.412014,0.682832,0.959225,0.036195,0.657236,0.797148,0.416150,1.413000,1.875541,2.467896,1.927884,1.949977,1.756602,1.960605,1.972305,2.672887,0.000000
0.009576,0.080555,0.927423,0.200548,0.527843,0.308976,0.110887,0.558259,0.227263,0.991705,1.208401,3.084885,1.116780,2.396022,1.306187,2.503257,1.321273,2.088739,1.631375,0.000000
0.766511,0.542594,0.863685,0.025509,0.004201,0.383491,0.831456,0.201959,0.713087,0.582262,1.894719,2.210951,2.276176,1.750170,2.059324,1.789144,2.525165,3.033840,1.151283,0.000000
0.003631,0.741330,0.046887,0.690620,0.561519,0.594707,0.443883,0.186742,0.099656,0.494540,2.327649,1.297969,1.358297,1.893112,1.757773,1.682481,1.791739,1.189313,2.244590,0.000000
0.515757,0.896661,0.511702,0.199112,0.530454,0.285938,0.448634,0.721994,0.548844,0.918522,2.093411,2.731744,1.762846,1.800187,2.574250,2.571402,1.624404,1.900980,1.620109,0.000000
0.302088,0.331139,0.924478,0.774135,0.943608,0.984110,0.316129,0.239430,0.501202,0.972802,1.915381,2.884548,2.396463,3.262195,1.596068,2.955471,2.111615,2.387454,3.376007,0.000000
0.037608,0.846398,0.051739,0.594403,0.945126,0.575461,0.415881,0.662986,0.095567,0.292411,2.382721,1.428659,1.369636,2.157814,2.146947,1.971543,1.748472,1.170173,2.486293,0.000000
0.112143,0.905276,0.573522,0.959146,0.041953,0.280246,0.868810,0.546508,0.522674,0.742545,3.434476,2.288120,1.333469,2.253258,2.341690,1.463948,2.036488,2.507406,2.002869,0.000000
0.103030,0.028383,0.736323,0.299589,0.483180,0.075911,0.239256,0.652456,0.868205,0.432609,1.314091,2.201223,1.763228,2.052240,2.059913,1.574758,1.134249,2.424072,1.515832,0.000000
0.913865,0.794697,0.898137,0.903583,0.053677,0.295910,0.484348,0.488949,0.201703,0.714924,2.648752,2.526147,2.009633,2.598069,1.952275,2.254234,2.293716,2.121978,1.878981,0.000000
0.504494,0.313165,0.744881,0.661299,0.131221,0.014224,0.910110,0.908179,0.466599,0.749344,2.513215,3.055453,1.606282,1.975265,2.279936,1.806504,1.970925,2.775290,1.420620,0.000000
0.121656,0.283432,0.728835,0.439104,0.336993,0.976739,0.579888,0.465731,0.479326,0.249691,1.714437,1.892199,2.185802,1.952857,1.614204,1.367360,2.314810,2.205525,2.375677,0.000000
0.328943,0.354981,0.336751,0.182057,0.953782,0.079973,0.150818,0.581051,0.743901,0.186235,1.311499,1.567610,1.747006,2.073218,2.104546,2.068445,1.138312,1.860733,1.966212,0.000000
0.278087,0.667416,0.466302,0.353259,0.773866,0.930151,0.178809,0.389832,0.618679,0.816259,1.804420,2.191822,2.380075,2.035387,2.109422,2.395053,1.983629,1.841833,2.683131,0.000000
0.319583,0.697569,0.743692,0.366252,0.444691,0.446962,0.344817,0.992660,0.557343,0.567480,1.893853,3.043867,1.692486,2.046898,2.986342,1.729572,1.598500,2.151418,1.693595,0.000000
0.515897,0.181740,0.665020,0.814515,0.884457,0.836007,0.911894,0.787102,0.650114,0.212087,2.605832,2.197634,2.489574,2.867086,2.092023,2.160147,2.804864,2.850652,3.123742,0.000000
0.364235,0.211805,0.698779,0.534346,0.053868,0.695387,0.556249,0.955107,0.847006,0.499180,1.751317,2.819235,2.455456,1.694729,2.800499,1.310922,2.053122,2.507408,1.690000,0.000000
0.306059,0.011908,0.751090,0.795950,0.077695,0.563036,0.552728,0.600173,0.443435,0.837359,1.964955,2.668448,1.710263,2.146094,1.424729,1.758499,1.897214,2.176434,1.898967,0.000000
0.919540,0.055077,0.213450,0.501306,0.628257,0.049914,0.200543,0.510502,0.664017,0.577968,1.512404,1.680539,2.214809,1.799799,1.629039,2.666879,1.867653,1.717643,1.756730,0.000000
0.272156,0.754729,0.494537,0.546266,0.435227,0.270646,0.252871,0.034722,0.115942,0.430529,2.132051,1.679934,1.346963,1.842803,1.768213,1.589097,1.354748,1.376678,1.671486,0.000000
0.164191,0.241070,0.716447,0.010753,0.355695,0.834793,0.334615,0.900640,0.998660,0.214467,1.106334,2.492999,2.857056,1.868993,2.968948,1.392518,1.951186,2.549423,2.052575,0.000000
0.448961,0.549457,0.128398,0.897902,0.894746,0.187888,0.046364,0.460778,0.990245,0.298811,2.199904,1.315517,2.455282,2.635145,2.627872,2.122992,1.280534,2.006830,2.653961,0.000000
0.473343,0.134277,0.879823,0.172764,0.188039,0.269359,0.953078,0.369543,0.004038,0.281810,2.056529,2.009705,1.545897,1.967283,1.184759,1.434473,2.283770,2.643861,1.265750,0.000000
0.901227,0.228685,0.935589,0.597001,0.416012,0.397617,0.257308,0.986643,0.161357,0.701535,1.666334,3.388202,2.063527,2.504115,2.215183,2.573483,2.195810,2.053719,1.786889,0.000000
0.220768,0.580820,0.871327,0.187646,0.393047,0.049959,0.824510,0.860118,0.392293,0.328054,2.085515,2.615265,1.283635,2.158865,2.371033,1.477090,1.740536,2.712020,1.402150,0.000000
0.296761,0.305102,0.146868,0.881330,0.869458,0.441123,0.890043,0.342460,0.873569,0.679937,2.679487,1.649346,2.157992,2.575594,2.108389,2.271870,2.259434,2.600210,2.748614,0.000000
0.485572,0.809584,0.578982,0.863258,0.315205,0.213203,0.129608,0.197173,0.552308,0.595690,2.520861,1.941494,1.699506,2.293738,2.122293,1.762364,1.344490,1.889705,2.003973,0.000000
0.235741,0.622554,0.058973,0.487041,0.847305,0.519662,0.212285,0.136310,0.555157,0.423382,1.884181,1.240758,1.676889,1.966313,1.933285,1.978771,1.577828,1.568201,2.232884,0.000000
0.004665,0.438066,0.841016,0.732887,0.014185,0.041574,0.325210,0.454808,0.159588,0.166104,1.959183,1.962685,1.010458,2.115144,1.557612,1.018790,1.147335,1.901292,1.409564,0.000000
0.781198,0.583247,0.709843,0.484730,0.745097,0.772726,0.714831,0.462985,0.880779,0.067322,2.190174,1.813618,3.061587,2.362868,2.458261,2.355673,2.760453,2.749923,2.456096,0.000000
0.297857,0.102859,0.660538,0.806165,0.301763,0.384879,0.953313,0.949575,0.501519,0.941956,2.683121,3.404043,1.572131,2.262002,2.210604,2.226260,2.320109,2.804204,1.973824,0.000000
0.983354,0.304935,0.909831,0.486847,0.455459,0.540916,0.986466,0.122214,0.543050,0.360677,2.539776,2.041744,2.436091,2.398643,1.601664,2.469364,3.464919,3.330785,1.863441,0.000000
0.283358,0.231751,0.471150,0.663123,0.721360,0.967201,0.981313,0.147584,0.116975,0.691396,2.661811,1.952392,2.220437,2.234939,1.248649,2.132158,2.952927,2.283937,2.948434,0.000000
0.754131,0.842901,0.526661,0.190992,0.725245,0.054773,0.380130,0.546828,0.336365,0.181826,1.956402,1.723235,1.795188,2.009584,2.119556,2.299970,1.628157,1.668666,1.735212,0.000000
0.557275,0.914566,0.754873,0.197978,0.283165,0.205306,0.343675,0.357475,0.581132,0.254286,2.075002,1.865215,1.795683,1.860757,2.297962,1.610162,1.496484,2.191558,1.333075,0.000000
0.744297,0.071946,0.335599,0.381860,0.493722,0.651468,0.859627,0.282830,0.613656,0.972319,2.022265,2.303628,2.399794,1.662030,1.471145,2.966936,2.802751,2.361512,1.973814,0.000000
0.881581,0.967575,0.675913,0.380237,0.807267,0.172248,0.242152,0.998582,0.940406,0.599418,2.330637,3.030966,2.742911,2.319100,3.847690,2.799823,1.916036,2.411464,1.891911,0.000000
0.817488,0.222380,0.754275,0.981004,0.150028,0.346751,0.469716,0.838277,0.999914,0.317693,2.134092,2.444268,2.937468,2.663046,2.811274,1.850379,2.113700,2.672479,2.214352,0.000000
0.766609,0.221376,0.600014,0.882252,0.933244,0.091291,0.391328,0.208441,0.569205,0.434560,1.991186,1.797913,1.959362,2.979978,1.554427,2.602996,1.694957,1.989149,2.628294,0.000000
0.343135,0.818014,0.891003,0.093183,0.621426,0.751208,0.906393,0.732586,0.728438,0.212641,2.506975,2.329385,2.293974,2.416120,2.741802,1.748782,2.613158,3.266969,2.186549,0.000000
0.958103,0.646909,0.962130,0.719578,0.475089,0.790684,0.823540,0.845447,0.829567,0.664506,2.696610,3.008008,3.154176,2.773376,2.939400,2.686476,3.348404,3.313802,2.472862,0.000000
0.512910,0.359189,0.247627,0.467685,0.017684,0.634259,0.146084,0.670737,0.906622,0.369559,1.599819,1.685958,2.660407,1.181299,2.482910,1.331233,1.790535,1.971059,1.522265,0.000000
0.165294,0.727616,0.459576,0.642147,0.342388,0.968355,0.553645,0.158853,0.346284,0.487855,2.341276,1.701586,2.144529,1.818388,1.851537,1.485821,2.279394,1.727199,2.544889,0.000000
0.551418,0.340764,0.339752,0.657622,0.910943,0.131685,0.183833,0.675428,0.646155,0.802967,1.779954,2.292641,1.838539,2.310773,2.066412,2.732723,1.333144,1.767799,2.212683,0.000000
0.921732,0.666220,0.402107,0.185861,0.968246,0.544390,0.729200,0.463641,0.159442,0.440691,2.017450,1.695981,2.222146,2.136356,1.791307,2.903422,2.859217,1.708872,2.271027,0.000000
0.377310,0.269378,0.584078,0.276244,0.689988,0.691171,0.806905,0.887347,0.697268,0.154333,1.874180,2.306581,2.194026,2.052215,2.454245,1.836027,2.395981,2.563787,2.188785,0.000000
0.137988,0.197208,0.003683,0.192005,0.067425,0.777554,0.662092,0.116716,0.852525,0.164335,1.521134,1.032279,2.362192,1.074517,1.925596,1.090903,2.218548,2.142777,1.679093,0.000000
0.494250,0.892244,0.020113,0.763437,0.892790,0.573682,0.176099,0.711742,0.353290,0.857063,2.564996,2.115222,1.867457,2.338153,2.377609,2.766634,1.725430,1.359155,2.666859,0.000000
0.816881,0.631914,0.451865,0.591462,0.964347,0.874545,0.898667,0.678471,0.305153,0.793900,2.716543,2.394458,2.610126,2.375439,2.037348,3.132020,3.227248,2.235100,2.936086,0.000000
0.865863,0.324328,0.033892,0.043053,0.752385,0.660706,0.784242,0.901300,0.298503,0.259410,1.630578,1.833348,2.328993,1.753613,2.145595,2.519559,2.924894,1.781988,2.188997,0.000000
0.774301,0.447645,0.112951,0.178680,0.078294,0.683550,0.637340,0.220697,0.720351,0.380550,1.637956,1.268519,2.615335,1.096756,1.977300,1.732946,2.553978,1.991998,1.551240,0.000000
0.599050,0.954084,0.318873,0.488383,0.363644,0.983504,0.139742,0.286368,0.805435,0.388533,2.401387,1.493315,3.088837,1.581812,2.626293,1.781157,2.218008,1.909844,2.447412,0.000000
0.466951,0.205543,0.115041,0.565546,0.265225,0.340859,0.174849,0.579149,0.581328,0.553144,1.613139,1.615264,1.779592,1.459345,1.737740,1.652513,1.473247,1.599908,1.562296,0.000000
0.473140,0.078833,0.643525,0.122163,0.700109,0.455075,0.948156,0.919014,0.097465,0.062646,1.980771,2.423637,1.681159,2.116057,1.864519,1.924216,2.459993,2.363983,1.909025,0.000000
0.028944,0.647265,0.367663,0.530841,0.438539,0.839530,0.658790,0.143086,0.767964,0.567444,2.235710,1.692584,2.186676,1.723301,2.239963,1.622089,2.273558,2.189057,2.292937,0.000000
0.223854,0.294057,0.538298,0.400434,0.761258,0.226548,0.952542,0.964979,0.935405,0.310145,2.351180,2.533061,2.093642,2.115232,3.067613,1.841201,2.145102,3.089447,1.876791,0.000000
0.974477,0.861454,0.891875,0.529375,0.649326,0.738728,0.440660,0.712694,0.910790,0.847844,2.357045,2.972714,3.275732,2.593117,3.052992,3.208395,2.858280,2.791799,2.343396,0.000000
0.402601,0.501211,0.164450,0.818248,0.363544,0.750751,0.124911,0.149011,0.796047,0.288068,2.071410,1.250742,2.470676,1.938430,2.138211,1.549536,1.831610,1.825040,2.475013,0.000000
0.030313,0.639708,0.462453,0.883710,0.940437,0.558861,0.898324,0.067415,0.518644,0.268670,3.017872,1.534943,1.482149,2.844426,1.909006,1.960749,2.365875,2.457443,2.942889,0.000000
0.846560,0.887932,0.538643,0.741595,0.774041,0.900758,0.090796,0.048698,0.170738,0.776610,2.530767,2.141882,2.662902,2.472028,1.917199,2.959097,2.515701,1.461623,2.993256,0.000000
0.707224,0.322016,0.028168,0.649442,0.084582,0.961807,0.023731,0.458422,0.041412,0.793905,1.753150,1.754790,2.632368,1.359294,1.420069,2.085134,2.316100,1.042219,2.283574,0.000000
0.922432,0.669678,0.405528,0.642469,0.788428,0.922259,0.687674,0.511065,0.037695,0.422955,2.416135,1.717902,2.773047,2.218070,1.804582,2.714971,3.180034,1.527346,2.904178,0.000000
0.261304,0.268938,0.176627,0.284413,0.123757,0.237489,0.920622,0.012521,0.283078,0.089402,2.137009,1.184622,1.340389,1.177961,1.349074,1.192752,2.102875,2.094544,1.203165,0.000000
0.791648,0.867976,0.058591,0.974274,0.491784,0.145111,0.551930,0.385862,0.348576,0.233958,2.895788,1.170778,1.855059,2.420006,2.046932,2.131297,1.945869,1.520141,2.437630,0.000000
0.951607,0.568344,0.508817,0.756391,0.426515,0.809901,0.190153,0.972428,0.455177,0.738243,2.086281,2.973363,2.701853,2.118162,2.695072,2.734416,2.707793,1.720948,2.515206,0.000000
0.087755,0.349225,0.808949,0.232791,0.908535,0.211798,0.083725,0.219443,0.783430,0.203677,1.355336,1.861001,1.613453,2.575549,1.973555,1.924686,1.219483,2.438415,1.966009,0.000000
0.708893,0.571969,0.382337,0.677736,0.373449,0.459125,0.120431,0.215902,0.450672,0.977375,2.006632,2.347663,2.011222,1.830933,1.785138,2.809627,1.829868,1.598600,1.895547,0.000000
0.027286,0.013973,0.487344,0.486876,0.386995,0.607494,0.142371,0.245519,0.307519,0.506470,1.489957,1.758655,1.425416,1.739912,1.123341,1.517655,1.627783,1.547909,1.871457,0.000000
0.601999,0.866500,0.830192,0.156689,0.598917,0.526581,0.314522,0.504036,0.246199,0.630934,1.938624,2.356320,1.894210,2.291982,2.055165,2.212480,1.843671,1.966531,1.880051,0.000000
0.802251,0.263355,0.192915,0.777996,0.487572,0.654951,0.248722,0.397861,0.800587,0.339015,1.862738,1.370825,2.744339,1.995691,1.967274,2.170142,2.233147,1.853190,2.387435,0.000000
0.628360,0.064023,0.110706,0.203218,0.502224,0.471345,0.518052,0.695500,0.368070,0.010568,1.346351,1.447244,1.900390,1.522872,1.535925,1.897061,1.987822,1.519359,1.732782,0.000000
0.078944,0.168048,0.366186,0.261508,0.989583,0.931787,0.957883,0.956792,0.086080,0.006023,2.168646,2.242119,1.947809,2.141559,2.051355,1.995815,2.849820,2.099069,2.875693,0.000000
0.272192,0.101549,0.944508,0.988456,0.145299,0.177669,0.813457,0.581069,0.943649,0.034072,2.537043,2.141862,2.144053,3.003162,2.188215,1.219427,1.859548,3.374020,2.142632,0.000000
0.337860,0.835231,0.147941,0.101913,0.064001,0.103999,0.726297,0.569951,0.886345,0.289991,2.182651,1.417180,2.044995,1.086946,2.805983,1.202538,1.670073,2.291358,1.075875,0.000000
0.664445,0.606545,0.324313,0.279405,0.287601,0.037050,0.523058,0.413656,0.024852,0.313837,1.790404,1.493587,1.665833,1.414592,1.677943,1.759999,1.603984,1.273134,1.310786,0.000000
0.861273,0.954025,0.867251,0.504639,0.260656,0.408186,0.802181,0.498489,0.950505,0.753941,2.931002,2.559548,2.886632,2.141292,2.981355,2.431008,2.690566,3.218828,1.555784,0.000000
0.505465,0.161355,0.106671,0.405151,0.346096,0.064282,0.707207,0.118876,0.616988,0.249299,1.784890,1.170501,1.744468,1.423979,1.543709,1.617084,1.693567,1.982070,1.416733,0.000000
0.835264,0.756553,0.710533,0.605207,0.377238,0.347592,0.515846,0.175554,0.220889,0.093291,2.314845,1.724646,1.966862,2.103768,1.810756,2.075716,2.196424,1.863011,1.719732,0.000000
0.929951,0.394920,0.043655,0.255642,0.795627,0.618758,0.695724,0.051569,0.440536,0.934191,1.748358,1.916506,2.398308,1.814240,1.589130,3.475717,2.907020,1.779195,2.195195,0.000000
0.849670,0.193612,0.529630,0.744875,0.808736,0.485949,0.815384,0.020954,0.717362,0.655826,2.324470,1.959747,2.454977,2.502529,1.708229,2.812751,2.764210,2.539979,2.458168,0.000000
0.779615,0.548899,0.673498,0.597336,0.293853,0.959573,0.265723,0.979526,0.820037,0.781331,1.917388,3.223805,3.251836,1.960588,3.161187,2.378638,2.504030,2.292399,2.427768,0.000000
0.559778,0.469397,0.077260,0.764090,0.695517,0.988802,0.903395,0.233011,0.949442,0.620739,2.721704,1.475228,3.393372,2.147587,2.383487,2.248049,2.980332,2.692691,3.119348,0.000000
0.991196,0.594682,0.603388,0.124947,0.222886,0.478668,0.773535,0.098880,0.147970,0.184164,1.941442,1.638271,2.223559,1.588914,1.617544,2.211603,3.050844,1.974896,1.453959,0.000000
0.343056,0.151243,0.180172,0.286053,0.503762,0.003266,0.221386,0.572970,0.486127,0.441175,1.319778,1.562910,1.457948,1.559631,1.575665,1.707318,1.092651,1.529440,1.527180,0.000000
0.465025,0.459940,0.907074,0.487365,0.028945,0.685491,0.308442,0.181778,0.346815,0.698626,1.728253,2.401159,1.976638,1.967489,1.586227,1.586177,1.881188,2.198942,1.614604,0.000000
0.176403,0.912149,0.123199,0.328240,0.781673,0.102545,0.944926,0.710652,0.241246,0.017139,3.003966,1.482391,1.200959,1.832216,2.329247,1.812796,2.000920,2.100135,1.827554,0.000000
0.420848,0.937719,0.562804,0.624437,0.049792,0.819869,0.173742,0.498326,0.924991,0.695512,2.508997,2.170289,2.884462,1.610021,2.917075,1.563349,1.924593,2.246983,1.965459,0.000000
0.168352,0.726696,0.068070,0.903855,0.841027,0.144318,0.247074,0.952594,0.455582,0.346772,2.447025,2.052740,1.283738,2.584070,2.798669,1.911069,1.210135,1.475299,2.600264,0.000000
0.289839,0.299724,0.230852,0.378838,0.556759,0.101806,0.567109,0.063878,0.945610,0.628395,1.651062,1.625993,2.145748,1.664422,2.194164,1.888906,1.447767,2.181292,1.621494,0.000000
0.705621,0.733345,0.302702,0.578427,0.478328,0.906306,0.837850,0.731577,0.525155,0.484643,2.704386,1.929125,2.671842,1.763485,2.400676,2.090062,2.959627,2.204948,2.493247,0.000000
0.360659,0.726202,0.053696,0.445135,0.248269,0.097632,0.224670,0.371923,0.374404,0.772981,1.983844,1.702642,1.422675,1.339354,1.917827,1.840200,1.195021,1.388628,1.346003,0.000000
0.068241,0.534728,0.633700,0.167257,0.421355,0.189502,0.200956,0.615054,0.322765,0.137545,1.461306,1.885288,1.137777,1.827610,1.871575,1.428614,1.230203,1.732457,1.461945,0.000000
0.170526,0.932290,0.498533,0.343600,0.970744,0.081327,0.306913,0.840656,0.133573,0.638936,2.241673,2.500866,1.179523,2.259844,2.544225,2.260661,1.180482,1.411018,2.017923,0.000000
0.572733,0.839715,0.433884,0.585468,0.630097,0.459240,0.941996,0.795409,0.685131,0.208771,3.126477,1.980705,2.105238,2.019035,2.812354,1.967219,2.534467,2.709274,2.041681,0.000000
0.858147,0.888780,0.657285,0.007716,0.086546,0.766586,0.644920,0.670106,0.713748,0.705506,2.065882,2.455929,2.809411,1.518570,2.699122,2.174119,2.814461,2.414009,1.674201,0.000000
0.885441,0.280683,0.708924,0.182231,0.015679,0.774196,0.024404,0.663404,0.489490,0.219569,1.261028,2.049102,2.602102,1.524304,1.812251,1.810270,2.468981,1.992078,1.621110,0.000000
0.726355,0.204294,0.981187,0.828028,0.611380,0.398477,0.316851,0.161945,0.553008,0.449377,1.901574,2.187374,2.054259,3.141829,1.514360,2.229719,1.882090,2.547547,2.337885,0.000000
0.623919,0.306154,0.157657,0.974193,0.414205,0.957313,0.090364,0.523247,0.839090,0.021457,2.068661,1.301376,3.131148,2.363620,2.153485,1.803490,2.208355,1.864684,3.255212,0.000000
0.800933,0.637597,0.176431,0.678446,0.996654,0.748301,0.748166,0.494611,0.858828,0.142100,2.503763,1.317625,2.994346,2.340063,2.496184,2.641018,2.821847,2.308743,2.868890,0.000000
0.689150,0.829041,0.912231,0.879583,0.495007,0.300672,0.437107,0.605740,0.171340,0.048866,2.650407,2.136878,1.784584,3.007677,2.080657,1.970052,1.819031,2.087020,2.265916,0.000000
0.968648,0.416423,0.658637,0.171783,0.665745,0.427251,0.763177,0.434759,0.788686,0.323774,1.789695,1.845643,2.641775,2.104616,2.120625,2.637965,2.918553,2.666992,1.853358,0.000000
0.614108,0.086323,0.754081,0.322586,0.954645,0.963751,0.666738,0.708448,0.947188,0.893303,1.626429,2.907641,3.392709,2.556851,2.339058,3.044622,2.639889,2.812217,2.917029,0.000000
0.061674,0.628119,0.218393,0.750572,0.487302,0.024898,0.691885,0.137878,0.871627,0.400783,2.476315,1.381641,1.724499,1.957839,2.390474,1.555482,1.503838,2.250531,1.910764,0.000000
0.095772,0.491103,0.630193,0.160914,0.522710,0.147299,0.079830,0.078107,0.975990,0.393863,1.402604,1.785797,2.047154,1.924020,2.444135,1.592982,1.154550,2.373641,1.548574,0.000000
0.187653,0.378775,0.720847,0.986830,0.330702,0.633110,0.860305,0.029515,0.835897,0.996916,2.767034,2.714714,2.172542,2.811329,2.077525,2.356692,2.379843,2.992252,2.692537,0.000000
0.239796,0.034779,0.334484,0.322407,0.117668,0.554563,0.493447,0.001542,0.235838,0.526269,1.443766,1.611443,1.560454,1.263060,1.090399,1.320925,1.811842,1.467867,1.458721,0.000000
0.360085,0.323363,0.344250,0.995069,0.609520,0.788642,0.316432,0.884602,0.528089,0.166107,2.131316,2.064061,2.129313,2.713307,2.294460,1.743764,1.935460,1.678281,3.216755,0.000000
0.107248,0.189276,0.651353,0.202967,0.135146,0.664679,0.614339,0.282147,0.971488,0.411667,1.470651,1.843284,2.465927,1.567769,2.155526,1.216413,2.043325,2.627608,1.585306,0.000000
0.945765,0.560089,0.012290,0.249547,0.275707,0.463769,0.123107,0.325421,0.626578,0.136325,1.565112,1.065337,2.406841,1.291398,1.987150,2.172713,2.324885,1.628594,1.506329,0.000000
0.504411,0.912572,0.359011,0.186757,0.448201,0.972751,0.619106,0.174341,0.302791,0.259615,2.256842,1.431711,2.478416,1.583603,2.009553,1.720129,2.484381,1.668979,2.400959,0.000000
0.585208,0.343321,0.057711,0.629660,0.617006,0.082410,0.702915,0.146261,0.633382,0.619358,2.094832,1.444444,1.846096,1.869979,1.747623,2.197064,1.776915,1.984015,1.873440,0.000000
0.020616,0.118332,0.670553,0.964958,0.432309,0.570713,0.575120,0.603844,0.031883,0.296351,2.169190,1.978555,1.346362,2.780465,1.339527,1.458760,1.901486,1.671753,2.656538,0.000000
0.192002,0.814547,0.518956,0.842063,0.345577,0.015384,0.654582,0.962987,0.305999,0.000429,2.786023,2.411978,1.220891,2.211973,2.801203,1.382441,1.450940,1.855789,1.942895,0.000000
0.798772,0.596555,0.067807,0.327041,0.865373,0.617094,0.268537,0.125431,0.860822,0.318078,1.702283,1.170954,2.817459,1.904950,2.339543,2.535590,2.198852,1.884785,2.281158,0.000000
0.844169,0.917282,0.229722,0.091886,0.318234,0.078624,0.423943,0.565691,0.878714,0.690302,2.009487,1.887262,2.528840,1.371782,2.870445,2.359795,1.859924,2.007681,1.325191,0.000000
0.754639,0.286193,0.170612,0.146892,0.539069,0.063588,0.075045,0.350343,0.714026,0.820614,1.229221,1.887020,2.122717,1.571347,1.839028,2.661156,1.498972,1.743558,1.546282,0.000000
0.281261,0.178692,0.700663,0.536954,0.137158,0.187785,0.302469,0.842435,0.350959,0.808389,1.596557,2.952029,1.359752,1.782901,1.899738,1.744541,1.301522,1.869560,1.327235,0.000000
0.575903,0.684889,0.266379,0.210472,0.128791,0.496631,0.495946,0.900976,0.555602,0.563712,1.801528,2.315525,1.994056,1.209073,2.724957,1.639587,1.933600,1.748544,1.384757,0.000000
0.448942,0.792176,0.443252,0.581787,0.490671,0.818972,0.767658,0.183682,0.702559,0.576219,2.661710,1.781477,2.466433,1.884064,2.291963,1.883541,2.498755,2.351412,2.358307,0.000000
0.894722,0.937272,0.395551,0.362202,0.594236,0.073202,0.738616,0.364046,0.676405,0.083690,2.643635,1.450802,2.209551,1.798214,2.443041,2.395349,2.335004,2.235820,1.647112,0.000000
0.353309,0.365763,0.736947,0.790900,0.525530,0.737402,0.839514,0.441628,0.977553,0.864548,2.516359,2.570523,2.831230,2.563348,2.407506,2.296558,2.486288,3.112320,2.564018,0.000000
0.652814,0.615281,0.690960,0.699613,0.844731,0.732674,0.181259,0.155411,0.368498,0.069197,2.084138,1.699502,2.239664,2.664588,1.754825,2.271228,2.043736,1.851880,2.723973,0.000000
0.950274,0.271813,0.372835,0.764192,0.141762,0.640670,0.477992,0.824120,0.325544,0.701378,1.947284,2.424488,2.395233,1.727048,1.937513,2.389813,2.727264,1.573760,1.998499,0.000000
0.959734,0.033436,0.481062,0.349467,0.294774,0.216337,0.389159,0.039358,0.939632,0.162146,1.409521,1.507414,2.836144,1.568874,1.916405,2.220127,2.251783,2.229989,1.384255,0.000000
0.019923,0.846455,0.197509,0.589824,0.258673,0.655783,0.857239,0.204536,0.201456,0.235552,2.936261,1.261550,1.458150,1.502879,1.895596,1.272140,2.390651,1.870416,1.893920,0.000000
0.224881,0.764688,0.582395,0.549857,0.967289,0.300895,0.984809,0.701204,0.122650,0.252228,3.089720,1.990786,1.317263,2.472717,2.124504,2.033906,2.282116,2.416949,2.224071,0.000000
0.405030,0.851315,0.368117,0.698523,0.111373,0.406551,0.529781,0.437863,0.772868,0.639760,2.571952,1.861359,2.031967,1.587716,2.532588,1.537272,1.753664,2.057070,1.617490,0.000000
0.733292,0.512133,0.572418,0.219545,0.793858,0.069803,0.527687,0.979436,0.533005,0.253632,1.628761,2.576316,1.889588,2.132103,2.735795,2.347892,1.742561,2.007603,1.809313,0.000000
0.165746,0.836151,0.380690,0.194815,0.350474,0.733444,0.273555,0.850816,0.111396,0.420943,1.914434,2.173778,1.705069,1.502793,2.464454,1.452534,1.812830,1.276792,1.895808,0.000000
0.093044,0.652076,0.461942,0.733164,0.877704,0.861719,0.170268,0.104129,0.791216,0.579740,2.163304,1.799170,2.330924,2.485191,2.279228,2.081211,1.891516,2.009542,3.014361,0.000000
0.319352,0.938869,0.118214,0.614265,0.872883,0.845687,0.620379,0.002745,0.582884,0.562482,2.734505,1.434600,2.232576,2.118633,2.278623,2.152830,2.263126,1.835624,2.819845,0.000000
0.180268,0.495518,0.388755,0.137973,0.409477,0.504335,0.498875,0.763942,0.973307,0.443366,1.507669,2.031172,2.356661,1.563235,2.888687,1.529128,1.759069,2.248596,1.666457,0.000000
0.279443,0.093559,0.230170,0.239480,0.423857,0.340777,0.354427,0.229216,0.645867,0.219774,1.292756,1.290514,1.664991,1.490569,1.522746,1.512560,1.488217,1.743368,1.553720,0.000000
0.518763,0.620030,0.854184,0.374156,0.036052,0.755064,0.907819,0.742355,0.244575,0.971508,2.506758,3.207116,2.103515,1.818061,2.088951,2.222103,2.718806,2.722370,1.658553,0.000000
0.103687,0.092146,0.521343,0.788113,0.142109,0.069528,0.091639,0.418622,0.555284,0.315312,1.797373,1.694126,1.279737,1.903421,1.473847,1.184208,1.079041,1.827852,1.636457,0.000000
0.190833,0.480164,0.122788,0.156168,0.181482,0.088172,0.849255,0.179111,0.643790,0.223562,1.999237,1.178515,1.465436,1.200367,1.900376,1.229073,1.816356,2.271379,1.193065,0.000000
0.311180,0.258792,0.788464,0.071804,0.802469,0.929937,0.229855,0.295805,0.192940,0.478143,1.150922,2.042968,2.183145,2.424515,1.321901,2.008616,2.012902,1.826759,2.667622,0.000000
0.642485,0.561068,0.227339,0.428806,0.076184,0.254182,0.245253,0.731672,0.300744,0.533434,1.758355,1.903586,1.734295,1.206714,2.043210,1.640761,1.579541,1.367178,1.219639,0.000000
0.422292,0.761908,0.636295,0.375267,0.296893,0.074263,0.087601,0.615947,0.637279,0.319834,1.956443,1.972273,1.686621,1.754611,2.401717,1.507940,1.157244,2.042822,1.355255,0.000000
0.936874,0.301010,0.013733,0.166605,0.750558,0.720933,0.990219,0.605608,0.281536,0.492873,2.228155,1.478769,2.478933,1.755372,1.602386,2.748022,3.523791,2.252668,2.274927,0.000000
0.395430,0.276954,0.136052,0.610407,0.754317,0.647505,0.625191,0.954288,0.530157,0.113614,1.931475,2.017998,1.963703,2.000263,2.427058,1.912149,2.100201,1.793032,2.401016,0.000000
0.058470,0.559646,0.535784,0.976515,0.661436,0.054798,0.556242,0.624820,0.339202,0.628547,2.461823,2.174786,1.100500,2.879688,1.918634,1.913176,1.364403,1.798370,2.595626,0.000000
0.210142,0.879659,0.866501,0.211142,0.706666,0.979439,0.822848,0.930164,0.678702,0.629330,2.542076,3.067340,2.482078,2.466903,3.145078,2.000077,2.665798,2.986659,2.675380,0.000000
0.337702,0.964036,0.577504,0.009280,0.673922,0.012648,0.484859,0.911076,0.479476,0.853190,2.052629,3.061684,1.448092,2.007434,2.950182,2.409029,1.286248,1.926971,1.674083,0.000000
0.821297,0.960169,0.552066,0.653043,0.210592,0.769092,0.468648,0.154282,0.384437,0.089572,2.677898,1.563761,2.469615,1.793870,2.111634,1.885839,2.542710,1.792144,2.080595,0.000000
0.769639,0.276854,0.197171,0.563680,0.702217,0.526562,0.469623,0.779126,0.349219,0.625497,1.743900,2.061376,2.089495,1.920194,1.871765,2.539284,2.202998,1.491668,2.158585,0.000000
0.012825,0.608429,0.086330,0.193069,0.268897,0.558345,0.301570,0.727744,0.408812,0.502183,1.590682,1.723940,1.392897,1.283546,2.160978,1.395706,1.649292,1.443691,1.587843,0.000000
0.116651,0.830509,0.642970,0.329431,0.924784,0.250736,0.196618,0.340355,0.540017,0.958568,2.026778,2.601249,1.336998,2.373945,2.161554,2.819175,1.290982,1.961027,2.023404,0.000000
0.840933,0.737964,0.090301,0.421050,0.393355,0.703092,0.085398,0.802432,0.000374,0.081512,1.966264,1.613628,2.335272,1.476154,2.254647,2.101065,2.305067,1.009151,1.962338,0.000000
0.454743,0.591821,0.799958,0.537535,0.097903,0.739008,0.392402,0.802688,0.329219,0.637681,1.948209,2.723774,2.036559,1.893154,2.217384,1.563999,1.987025,2.029574,1.799354,0.000000
0.118169,0.239920,0.143816,0.610962,0.247845,0.799499,0.103593,0.368316,0.979927,0.462890,1.669635,1.408048,2.698351,1.496585,2.250142,1.360991,1.811881,2.001722,2.115101,0.000000
0.212802,0.136659,0.916881,0.376904,0.210476,0.469369,0.261140,0.834086,0.639089,0.669360,1.413388,2.945198,1.694135,2.104687,2.125368,1.555663,1.547200,2.497567,1.484325,0.000000
0.311196,0.012455,0.663792,0.292820,0.365131,0.905538,0.944788,0.539781,0.819697,0.717035,2.136315,2.335203,2.681951,1.830858,1.841630,1.830629,2.828298,3.103656,2.210237,0.000000
0.560234,0.946911,0.116960,0.852786,0.353150,0.169224,0.261550,0.762251,0.602572,0.401714,2.767318,1.721222,1.807660,1.987013,2.752891,1.731839,1.413468,1.634144,2.001970,0.000000
0.285827,0.477848,0.294852,0.895908,0.487304,0.824350,0.992975,0.312240,0.277194,0.172109,3.103320,1.354915,1.986679,2.293345,1.585126,1.574099,2.833701,2.343206,2.885960,0.000000
0.915581,0.332099,0.587105,0.981914,0.177384,0.642605,0.498245,0.445299,0.133259,0.047848,2.215892,1.677693,2.330888,2.468794,1.438156,2.015782,2.658373,1.601640,2.537043,0.000000
0.452943,0.190194,0.585930,0.678366,0.654880,0.298833,0.019560,0.986450,0.051448,0.181633,1.714547,2.578818,1.542380,2.310365,2.152738,1.866029,1.392140,1.394770,2.056352,0.000000
0.832657,0.809618,0.772864,0.692106,0.459341,0.645722,0.934373,0.720446,0.862024,0.363335,3.163343,2.278820,2.890171,2.388187,2.926646,2.200623,3.096070,3.275100,2.207825,0.000000
0.878050,0.042581,0.070023,0.736195,0.814848,0.978671,0.581263,0.026320,0.373716,0.536965,1.934397,1.358373,2.888040,2.218756,1.182263,2.740643,2.993488,1.575008,3.171649,0.000000
0.768885,0.680765,0.264129,0.814658,0.777971,0.425813,0.131420,0.041845,0.263843,0.439953,2.280368,1.457762,1.968569,2.388398,1.750451,2.454313,1.897638,1.335877,2.499950,0.000000
0.805691,0.530447,0.839267,0.147381,0.445404,0.512129,0.543363,0.296897,0.766901,0.286739,1.589179,1.947657,2.519009,2.152976,2.144754,2.118118,2.330377,2.631695,1.710882,0.000000
0.081113,0.354628,0.912296,0.821136,0.020421,0.905565,0.437148,0.308661,0.351257,0.999182,2.030435,2.940066,1.944499,2.406367,1.507417,2.024547,2.097197,2.267080,2.394131,0.000000
0.139931,0.381322,0.257649,0.265095,0.322334,0.491337,0.399458,0.962918,0.904630,0.313393,1.474242,2.248692,2.121653,1.407347,3.092505,1.372695,1.653644,2.034753,1.582376,0.000000
0.411568,0.379728,0.285590,0.039852,0.608382,0.071149,0.508916,0.552360,0.691161,0.478918,1.315852,1.683478,1.746801,1.690007,2.025958,1.887617,1.399859,1.904530,1.613508,0.000000
0.098642,0.266396,0.177679,0.202492,0.941280,0.254476,0.701222,0.256613,0.210866,0.713359,1.618258,1.703458,1.172777,1.981153,1.327758,2.314025,1.747148,1.587235,2.014341,0.000000
0.016496,0.413956,0.519034,0.681046,0.353683,0.632610,0.762702,0.121614,0.587362,0.681697,2.296080,1.985544,1.619328,1.938964,1.760748,1.670747,2.214329,2.300433,2.069763,0.000000
0.905769,0.389363,0.186390,0.962339,0.340111,0.320148,0.059820,0.848042,0.845931,0.874504,2.114156,2.561038,2.613611,2.266071,2.714852,2.829311,2.066834,1.880886,2.333824,0.000000
0.465080,0.136427,0.236880,0.011369,0.265451,0.886771,0.238697,0.594181,0.962769,0.424601,1.043582,1.626942,3.143857,1.321564,2.273129,1.558300,2.044344,2.032481,2.051815,0.000000
0.431498,0.441852,0.315019,0.238646,0.764635,0.142822,0.943351,0.624799,0.904763,0.071066,2.273377,1.563975,2.192532,1.877464,2.504354,1.951184,2.113074,2.843498,1.798625,0.000000
0.589160,0.077568,0.275495,0.838965,0.376996,0.773674,0.733124,0.064212,0.138844,0.237356,2.239014,1.332097,2.190408,2.043409,1.097111,1.737477,2.515648,1.608774,2.566084,0.000000
0.879700,0.299988,0.373017,0.753549,0.628425,0.944844,0.860534,0.308936,0.949777,0.776169,2.480784,2.004940,3.629201,2.195458,2.231550,2.869890,3.366138,2.726161,2.949047,0.000000
0.465254,0.775453,0.020664,0.456050,0.901554,0.324526,0.989510,0.400766,0.650735,0.004711,3.026236,1.085055,1.846129,1.996831,2.263278,2.118015,2.404365,2.620021,2.101721,0.000000
0.565713,0.466839,0.911830,0.337356,0.603760,0.726826,0.580255,0.693644,0.526641,0.686882,1.750664,2.717379,2.240053,2.473589,2.077931,2.247868,2.244568,2.553445,2.170431,0.000000
0.136737,0.003740,0.726635,0.778704,0.465800,0.085304,0.883791,0.138707,0.775279,0.767799,2.469036,2.318818,1.610001,2.465988,1.607466,1.937126,1.868948,2.993595,1.945267,0.000000
0.688446,0.527064,0.207511,0.294812,0.883521,0.850144,0.941913,0.257140,0.118282,0.508441,2.408274,1.483025,2.412847,1.952205,1.558057,2.488918,3.063639,1.997008,2.631890,0.000000
0.851220,0.103792,0.675852,0.684307,0.338257,0.681264,0.574233,0.394433,0.716406,0.644117,1.884430,2.152103,2.683026,2.115478,1.678394,2.330068,2.627780,2.362530,2.122823,0.000000
0.385502,0.367290,0.640164,0.693178,0.185742,0.866073,0.609457,0.098729,0.050243,0.986445,2.054455,2.614200,2.135712,1.928621,1.370776,2.294237,2.294801,1.686429,2.268893,0.000000
0.372213,0.239390,0.854189,0.827215,0.261998,0.505582,0.072013,0.095731,0.521642,0.103302,1.884896,1.865738,1.769771,2.557687,1.512377,1.401643,1.562335,2.251654,2.083661,0.000000
0.361744,0.692508,0.917777,0.964827,0.164851,0.381918,0.515261,0.019706,0.723084,0.725708,2.581193,2.444436,1.885671,2.905314,2.215367,1.677905,1.694749,2.702198,2.208860,0.000000
0.212810,0.092851,0.542511,0.632978,0.386402,0.893418,0.826553,0.260044,0.282481,0.119000,2.206293,1.574257,2.033546,1.934330,1.190232,1.433375,2.586246,2.141493,2.438207,0.000000
0.902266,0.627707,0.756512,0.077554,0.728541,0.916873,0.764440,0.968855,0.368303,0.340439,1.918285,2.781857,2.792881,2.301317,2.672800,2.582080,3.235761,2.387327,2.569664,0.000000
0.528082,0.619616,0.935606,0.671127,0.467968,0.344629,0.153907,0.475257,0.271297,0.657627,2.058696,2.475425,1.666820,2.645609,1.800564,2.031244,1.515584,2.150302,1.889020,0.000000
0.226506,0.822172,0.281017,0.110691,0.123935,0.092554,0.324221,0.746157,0.612459,0.537254,1.820738,1.985080,1.464810,1.204261,2.612700,1.330314,1.209294,1.725511,1.133857,0.000000
0.200687,0.461361,0.764053,0.530521,0.379646,0.961916,0.287538,0.310867,0.875021,0.810808,1.767148,2.451504,2.795940,2.112740,2.257065,1.952953,2.052677,2.482572,2.454246,0.000000
0.010985,0.383787,0.968878,0.983315,0.756286,0.150753,0.366779,0.200695,0.108706,0.383967,2.179949,2.124393,1.034996,3.645788,1.403688,1.813015,1.285281,2.096773,2.729789,0.000000
0.415724,0.128618,0.473619,0.604989,0.698938,0.016641,0.867759,0.200922,0.298228,0.947616,2.274960,2.379706,1.442525,2.144686,1.225669,2.722701,1.841495,2.175972,1.920648,0.000000
0.943037,0.964314,0.513373,0.734759,0.672977,0.534830,0.070845,0.212779,0.097527,0.198824,2.665016,1.562538,2.230007,2.333204,1.983459,2.570155,2.378509,1.361434,2.355694,0.000000
0.216898,0.648098,0.729994,0.334397,0.889030,0.182289,0.540203,0.368421,0.716476,0.355789,1.912070,1.906588,1.617921,2.459315,2.211443,1.981113,1.484312,2.407009,1.959652,0.000000
0.464289,0.515978,0.429694,0.960236,0.311043,0.828529,0.155393,0.911050,0.423838,0.412067,2.230221,2.355676,2.226887,2.381067,2.451799,1.596576,1.952760,1.612227,2.882890,0.000000
0.830603,0.925330,0.845636,0.920507,0.526963,0.566306,0.583330,0.772020,0.867556,0.788185,2.975235,2.927008,2.804274,3.022038,3.138120,2.706513,2.479613,2.781148,2.627640,0.000000
0.807834,0.050007,0.913456,0.927415,0.439519,0.025398,0.262108,0.290882,0.435461,0.944483,1.947923,2.830116,1.891054,3.071590,1.264245,2.934639,1.621289,2.287870,2.237833,0.000000
0.444400,0.387017,0.678529,0.383196,0.645860,0.353906,0.056975,0.494907,0.025310,0.390986,1.533163,1.952618,1.569666,2.162529,1.508876,1.903121,1.444918,1.485896,1.827377,0.000000
0.300222,0.538528,0.884493,0.376894,0.381939,0.931464,0.943285,0.901280,0.419082,0.628990,2.506229,3.012238,2.241450,2.217805,2.446274,1.720919,2.848311,3.040734,2.303101,0.000000
0.983330,0.449714,0.917866,0.268697,0.215700,0.858143,0.299779,0.233168,0.037470,0.809137,1.497880,2.585245,2.719792,2.077577,1.463795,2.712381,2.898829,1.906888,1.971509,0.000000
0.843702,0.406759,0.894614,0.457040,0.124076,0.981340,0.341865,0.354249,0.875018,0.342112,1.662448,2.056110,3.476694,2.019879,2.216872,1.875951,2.698787,2.715306,2.182573,0.000000
0.114125,0.796904,0.465193,0.273152,0.097791,0.160220,0.097538,0.777521,0.918541,0.734799,1.909136,2.475165,1.914784,1.334577,3.110665,1.507555,1.171220,2.135874,1.143842,0.000000
0.257484,0.884385,0.341501,0.559874,0.593015,0.399386,0.083251,0.491972,0.733304,0.266526,2.342587,1.531612,1.811315,1.885136,2.541194,1.678246,1.423388,1.850503,1.928022,0.000000
0.966108,0.548198,0.336872,0.623278,0.694509,0.990746,0.466137,0.455750,0.935847,0.100319,2.025084,1.441599,3.767309,2.050121,2.518671,2.628884,3.109761,2.150614,2.918215,0.000000
0.362785,0.323357,0.033114,0.057968,0.516948,0.110662,0.040833,0.455933,0.938115,0.020985,1.162596,1.128331,2.200629,1.518240,2.298194,1.648571,1.160077,1.939280,1.529389,0.000000
0.796497,0.752144,0.425445,0.597542,0.522273,0.440234,0.350400,0.086689,0.104987,0.844609,2.206285,2.139461,1.991460,1.916632,1.763818,2.759193,2.068318,1.329013,1.929435,0.000000
0.401723,0.345762,0.000984,0.233631,0.325189,0.966223,0.878853,0.397630,0.861607,0.597624,2.031993,1.421007,2.974937,1.337943,2.150998,1.700014,2.803436,2.540418,2.271528,0.000000
0.013133,0.381128,0.213529,0.476136,0.138368,0.002531,0.618645,0.738815,0.921428,0.746528,1.858163,2.174113,1.795459,1.291905,2.633437,1.554584,1.385254,2.203791,1.246317,0.000000
0.668363,0.028902,0.642142,0.507022,0.000957,0.886056,0.985726,0.959426,0.212958,0.326107,2.465642,2.631636,2.463115,1.543644,1.957402,1.482346,3.156274,2.583088,1.916392,0.000000
0.908145,0.123670,0.597558,0.214764,0.988381,0.411314,0.761707,0.798105,0.849039,0.192798,1.672000,2.143099,2.689368,2.355362,2.352907,2.820275,2.740484,2.648055,2.167466,0.000000
0.938296,0.023542,0.396410,0.342179,0.603471,0.764609,0.560753,0.434639,0.308962,0.691694,1.519059,1.956959,2.552416,1.800677,1.201107,2.814806,2.905129,1.642428,2.228163,0.000000
0.936264,0.029091,0.212978,0.191992,0.764283,0.985936,0.115801,0.923574,0.946146,0.640761,1.194391,2.411352,3.755319,1.816720,2.712083,2.903954,2.820067,1.993059,2.743431,0.000000
0.052190,0.057050,0.212584,0.498300,0.531144,0.398533,0.449116,0.138926,0.681882,0.669864,1.592143,1.663983,1.528068,1.700065,1.524694,1.834447,1.600381,1.817663,1.813702,0.000000
0.591663,0.983744,0.329877,0.559092,0.406544,0.548465,0.897104,0.651993,0.980375,0.172563,3.248830,1.636814,2.834750,1.690126,3.222037,1.761748,2.560382,2.811180,1.882121,0.000000
0.584880,0.459696,0.655210,0.073037,0.753635,0.920722,0.657671,0.702756,0.742865,0.585973,1.568821,2.345642,2.842558,2.183325,2.358612,2.296921,2.553331,2.456629,2.601753,0.000000
0.677436,0.119627,0.945187,0.197926,0.289561,0.200561,0.600472,0.507214,0.275130,0.201780,1.428747,2.116391,1.738487,2.190693,1.325813,1.756695,1.872016,2.385019,1.337539,0.000000
0.634105,0.967210,0.734672,0.722392,0.346860,0.565462,0.485373,0.291002,0.679045,0.121812,2.772235,1.774153,2.266961,2.263583,2.452955,1.750756,2.056016,2.333136,2.043587,0.000000
0.049813,0.350716,0.790540,0.975154,0.922657,0.310187,0.047700,0.100998,0.853948,0.032783,2.098264,1.792645,1.768751,3.474907,2.080974,1.925173,1.312585,2.479010,2.946170,0.000000
0.838191,0.422776,0.423753,0.785355,0.466708,0.875387,0.187803,0.630036,0.065279,0.401493,1.970718,1.835038,2.604772,2.130668,1.677126,2.233991,2.499540,1.251469,2.717404,0.000000
0.923427,0.186064,0.896393,0.010943,0.228547,0.569695,0.670460,0.370244,0.013904,0.969568,1.346946,2.887207,2.247982,2.032069,1.237011,2.992718,2.806634,2.118806,1.553101,0.000000
0.833815,0.681145,0.556255,0.114663,0.621044,0.365688,0.398307,0.741557,0.354124,0.499213,1.641813,2.213257,2.011951,1.931971,2.214337,2.440702,2.104044,1.726734,1.756279,0.000000
0.661189,0.749806,0.664204,0.671427,0.664023,0.921036,0.563625,0.285047,0.836846,0.067558,2.412685,1.691928,3.095549,2.407879,2.473278,2.101502,2.527761,2.457061,2.815020,0.000000
0.584154,0.411357,0.071397,0.110640,0.125964,0.160998,0.710107,0.623876,0.577063,0.107574,1.637928,1.325795,1.802237,1.132416,1.987184,1.468445,1.864583,1.940233,1.153238,0.000000
0.803631,0.760086,0.408348,0.759675,0.372049,0.399497,0.227311,0.397252,0.140289,0.180154,2.349152,1.503494,1.965990,1.977210,1.842458,2.023718,1.970170,1.318782,1.970060,0.000000
0.520290,0.481877,0.028749,0.643507,0.157829,0.970409,0.504251,0.619149,0.904317,0.716885,2.003928,1.780021,3.201524,1.425133,2.537014,1.796955,2.365521,2.033359,2.365999,0.000000
0.604723,0.422814,0.695054,0.872980,0.418777,0.609238,0.418768,0.311453,0.249097,0.463102,2.125190,1.939729,1.991350,2.567169,1.515075,1.883785,2.005746,1.805634,2.455240,0.000000
0.908049,0.059460,0.955825,0.965472,0.653909,0.979976,0.587001,0.836044,0.643344,0.115159,2.171270,2.553455,3.134676,3.467460,2.057719,2.479990,3.073281,2.759208,3.514211,0.000000
0.754113,0.150179,0.675591,0.648961,0.346635,0.333550,0.301838,0.207451,0.152145,0.889349,1.699015,2.475461,1.868891,2.076368,1.182255,2.618745,1.853511,1.636068,1.731201,0.000000
0.167920,0.050981,0.892721,0.428626,0.985896,0.095866,0.127842,0.208032,0.155142,0.503643,1.433314,2.155380,1.180845,2.861595,1.084053,2.141845,1.116944,1.954182,2.073834,0.000000
0.547979,0.485060,0.469320,0.885252,0.941561,0.542622,0.686825,0.695774,0.071531,0.822746,2.444531,2.483057,1.842784,2.855569,1.827002,2.798768,2.178899,1.615787,2.929747,0.000000
0.073156,0.846072,0.019864,0.211264,0.576816,0.899883,0.023072,0.003974,0.050455,0.674478,1.927114,1.474785,1.883073,1.586640,1.848618,1.889002,1.900806,1.050861,2.396034,0.000000
0.281230,0.847063,0.388492,0.191709,0.554978,0.444067,0.184104,0.328223,0.012641,0.765766,1.915465,2.010250,1.478428,1.712950,1.882583,2.083112,1.500204,1.169808,1.759220,0.000000
0.515426,0.471125,0.802170,0.493779,0.381554,0.476733,0.445394,0.662973,0.144121,0.774041,1.804093,2.692707,1.745694,2.145422,1.783294,2.110976,1.812039,1.875953,1.729220,0.000000
0.054323,0.329874,0.771622,0.705859,0.309476,0.651480,0.776543,0.901199,0.605457,0.332668,2.282947,2.614207,1.700696,2.256562,2.428369,1.349243,2.254659,2.669128,2.085587,0.000000
0.389758,0.184570,0.174244,0.440934,0.056067,0.556441,0.912233,0.804465,0.272019,0.644280,2.234132,2.109963,1.719513,1.172155,1.779186,1.475417,2.447819,2.061512,1.451421,0.000000
0.813075,0.242340,0.113685,0.641342,0.848120,0.757814,0.309957,0.016531,0.962832,0.807579,1.729849,1.765873,3.279947,2.124841,2.169391,3.035900,2.391403,2.005535,2.686198,0.000000
0.558714,0.580992,0.132374,0.969249,0.236457,0.580715,0.103991,0.279607,0.690325,0.750570,2.307925,1.717588,2.224917,2.164533,2.079400,1.971455,1.765938,1.708972,2.484241,0.000000
0.807717,0.230490,0.502016,0.753581,0.979255,0.509042,0.373905,0.119013,0.296833,0.332035,1.858981,1.613949,2.092994,2.659223,1.320286,2.668267,2.175806,1.601127,2.666326,0.000000
0.453328,0.206093,0.237670,0.842073,0.366930,0.524121,0.324719,0.362779,0.874375,0.185042,1.918786,1.319656,2.396517,2.020520,2.018369,1.578772,1.722725,1.965101,2.238735,0.000000
0.030030,0.044826,0.280278,0.920677,0.616004,0.762909,0.848558,0.398648,0.909851,0.423124,2.533690,1.522665,2.365261,2.474967,1.936008,1.692659,2.482986,2.599411,2.978441,0.000000
0.449736,0.043990,0.237409,0.349945,0.929436,0.199632,0.974750,0.027211,0.328572,0.414447,2.278027,1.409195,1.525062,2.028654,1.151969,2.202887,2.240735,2.311082,2.012144,0.000000
0.266657,0.793581,0.865208,0.908123,0.224028,0.169918,0.062568,0.458992,0.859379,0.503495,2.538139,2.215412,1.930208,2.721532,2.628811,1.422773,1.192793,2.608209,2.001819,0.000000
0.039265,0.633160,0.161224,0.310941,0.377245,0.254883,0.017117,0.722014,0.738611,0.373853,1.711838,1.677379,1.507176,1.433302,2.555095,1.431039,1.255236,1.764609,1.472274,0.000000
0.459694,0.644192,0.477874,0.323556,0.525405,0.626614,0.883005,0.433628,0.902280,0.897220,2.427017,2.364413,2.586893,1.787641,2.539837,2.458987,2.503454,2.819120,1.951923,0.000000
0.516164,0.041746,0.606890,0.308331,0.096542,0.133336,0.239856,0.486894,0.677283,0.061372,1.323873,1.726083,1.844621,1.494170,1.615884,1.363198,1.328386,2.059398,1.143633,0.000000
0.422153,0.610457,0.356157,0.671174,0.882738,0.383115,0.119742,0.605324,0.543998,0.999135,2.045549,2.576228,1.729917,2.311933,2.128192,3.058358,1.472686,1.672562,2.331862,0.000000
0.816721,0.272215,0.685987,0.216801,0.653834,0.036289,0.743223,0.569054,0.081869,0.446546,1.701443,2.069664,1.818587,2.134603,1.463190,2.409911,2.133449,1.962989,1.665341,0.000000
0.474752,0.379989,0.967510,0.402383,0.976670,0.853863,0.675399,0.208632,0.289666,0.732790,1.854867,2.513573,2.228138,2.977897,1.472977,2.595554,2.417030,2.533835,2.770903,0.000000
0.587052,0.735762,0.152028,0.133725,0.280161,0.902677,0.997050,0.046035,0.887100,0.175034,2.666247,1.182763,3.099978,1.305665,2.522805,1.630154,3.099102,2.901389,2.097378,0.000000
0.850237,0.802701,0.419389,0.281567,0.024491,0.424747,0.146847,0.279763,0.488801,0.598370,1.929062,1.799333,2.147435,1.222701,2.063524,1.961638,2.060949,1.667855,1.227224,0.000000
0.631219,0.436877,0.993857,0.571856,0.734090,0.218911,0.237210,0.967021,0.563931,0.215986,1.776065,2.944796,1.858482,2.908850,2.659185,2.142603,1.526681,2.565031,1.969021,0.000000
0.819307,0.454560,0.723744,0.993468,0.531125,0.538608,0.827365,0.797712,0.787988,0.845297,2.766451,2.945891,2.598687,3.035462,2.583105,2.806377,2.773112,2.878150,2.801756,0.000000
0.718108,0.773205,0.682347,0.302003,0.914821,0.326100,0.775577,0.738289,0.742284,0.212293,2.366373,2.129835,2.233438,2.407963,2.726611,2.440068,2.297933,2.674406,2.048707,0.000000
0.415377,0.748351,0.264872,0.030243,0.607939,0.385904,0.234086,0.431008,0.156005,0.896409,1.603099,2.148489,1.568096,1.678124,1.852756,2.500785,1.512369,1.238989,1.756888,0.000000
0.768250,0.094723,0.685241,0.871577,0.984601,0.289607,0.406909,0.005411,0.817930,0.680554,1.947923,2.148396,2.399325,3.116247,1.763732,2.890011,1.908610,2.354859,2.730564,0.000000
0.018097,0.395110,0.994905,0.795575,0.486345,0.293696,0.255430,0.611674,0.593320,0.409627,1.968352,2.391554,1.313219,2.979731,1.975992,1.555405,1.358947,2.599821,2.076153,0.000000
0.978169,0.306796,0.572867,0.889068,0.673991,0.363934,0.710422,0.426185,0.164844,0.218623,2.341742,1.698073,2.115096,2.704924,1.411379,2.641254,2.804559,1.851571,2.509195,0.000000
0.654068,0.619818,0.175454,0.929929,0.709750,0.642220,0.612806,0.367432,0.994704,0.976499,2.544231,2.178609,3.050711,2.544708,2.658860,3.068695,2.297564,2.255615,2.926370,0.000000
0.632427,0.249299,0.102903,0.097490,0.782245,0.667887,0.510230,0.166853,0.213630,0.798711,1.292471,1.745488,2.088249,1.793760,1.299582,2.691737,2.181170,1.357050,2.229244,0.000000
0.787806,0.966982,0.028570,0.195139,0.442042,0.792799,0.226702,0.483325,0.552882,0.544282,2.141844,1.437719,2.585340,1.450289,2.385566,2.223921,2.333136,1.565349,2.078003,0.000000
0.813406,0.122851,0.731306,0.590950,0.061303,0.004761,0.805351,0.433151,0.514543,0.122180,2.128386,1.827502,1.949656,1.802485,1.468873,1.724757,2.191525,2.571695,1.267699,0.000000
0.962632,0.209653,0.633104,0.429231,0.188390,0.275377,0.330093,0.990611,0.880423,0.758377,1.509153,3.180334,2.720919,1.668292,2.956892,2.551219,2.276371,2.317210,1.343304,0.000000
0.917604,0.597504,0.408176,0.814517,0.991932,0.994030,0.875364,0.649964,0.596451,0.674346,2.842287,2.137499,3.117890,2.698922,2.227838,3.140583,3.532913,2.433818,3.520410,0.000000
0.837892,0.748300,0.331882,0.406172,0.687982,0.429550,0.096671,0.980816,0.008920,0.600365,1.967028,2.635866,2.022405,1.865136,2.691925,2.606438,2.027147,1.119969,1.939503,0.000000
0.785582,0.234502,0.491868,0.190058,0.881322,0.514438,0.762836,0.601104,0.563997,0.488446,1.688957,1.947641,2.229632,2.130121,1.769789,2.614994,2.581170,2.249839,2.152834,0.000000
0.883714,0.347616,0.792992,0.665227,0.293864,0.082095,0.653415,0.956945,0.503214,0.293598,2.065040,2.755509,2.017880,2.217080,2.477158,2.100122,2.199183,2.411028,1.594984,0.000000
0.412515,0.019461,0.406591,0.447506,0.374648,0.656490,0.102079,0.780344,0.493379,0.372530,1.448949,2.020550,1.963595,1.629582,1.738065,1.596516,1.737108,1.659759,1.895246,0.000000
0.835049,0.524865,0.680499,0.233470,0.571737,0.580770,0.666979,0.634296,0.790343,0.178348,1.805667,1.967505,2.666024,2.047542,2.404705,2.274717,2.607917,2.550135,1.921757,0.000000
0.632966,0.313917,0.198609,0.150539,0.586055,0.056249,0.353380,0.507204,0.196617,0.404578,1.293212,1.492773,1.643731,1.628912,1.483056,2.052923,1.434721,1.280192,1.592630,0.000000
0.708418,0.373841,0.996726,0.212747,0.513122,0.505066,0.125588,0.517260,0.392598,0.387807,1.354485,2.285518,2.024023,2.516215,1.666372,2.073302,1.876363,2.388042,1.777843,0.000000
0.180895,0.347539,0.980699,0.369463,0.933484,0.021683,0.154322,0.191010,0.244682,0.210738,1.493922,2.032079,1.196014,2.945688,1.414378,1.975566,1.051418,2.210128,1.984387,0.000000
0.310912,0.706602,0.206875,0.104180,0.860369,0.499637,0.734670,0.334631,0.571101,0.014723,1.999996,1.244563,1.746818,1.904297,2.070229,1.957039,2.069431,2.010429,2.111137,0.000000
0.347080,0.154865,0.958325,0.816022,0.770283,0.028370,0.071128,0.819795,0.509896,0.782298,1.840365,3.121270,1.480455,3.232052,1.965814,2.369506,1.075240,2.428643,2.314471,0.000000
0.992777,0.357158,0.882997,0.690799,0.448457,0.824732,0.916198,0.512967,0.148935,0.881726,2.587434,2.795417,2.676263,2.557793,1.514320,3.119552,3.642636,2.697692,2.458292,0.000000
0.909911,0.770533,0.844036,0.128042,0.217980,0.295583,0.303486,0.313858,0.644642,0.511956,1.749715,2.137052,2.265171,1.932476,2.217014,2.180101,2.141037,2.384992,1.307449,0.000000
0.075984,0.280153,0.362610,0.123933,0.064050,0.622791,0.728654,0.790546,0.804660,0.589694,1.589287,2.204413,1.984852,1.197440,2.421694,1.274884,2.154166,2.323015,1.453822,0.000000
0.864015,0.706726,0.593832,0.244826,0.223270,0.098198,0.593939,0.554532,0.968050,0.072851,1.953807,1.769661,2.780838,1.590581,2.814368,1.970178,2.095967,2.530207,1.247588,0.000000
0.523763,0.866480,0.569711,0.710045,0.920312,0.222195,0.990728,0.517303,0.808227,0.184034,3.433274,1.742011,2.101092,2.602861,2.658142,2.200873,2.347420,3.105238,2.327661,0.000000
0.522434,0.319251,0.070803,0.823574,0.824171,0.383547,0.652673,0.011167,0.164553,0.755228,2.203523,1.641173,1.673998,2.387793,1.346331,2.527867,1.952121,1.447594,2.529888,0.000000
0.702457,0.528919,0.859009,0.006766,0.483781,0.988173,0.177002,0.228800,0.721733,0.498258,1.292067,2.119247,3.054892,2.221677,2.061795,2.100925,2.366128,2.465174,2.460267,0.000000
0.846773,0.108445,0.907189,0.534308,0.226568,0.036015,0.457065,0.427876,0.925822,0.293625,1.641553,2.071739,2.641636,2.202096,2.043927,1.968907,1.852080,2.844299,1.380401,0.000000
0.611426,0.649409,0.282932,0.693472,0.185105,0.495540,0.943105,0.361649,0.465894,0.475408,2.954046,1.556245,1.958112,1.598649,1.913766,1.666396,2.613564,2.384787,1.764158,0.000000
0.188303,0.557386,0.233128,0.471878,0.794048,0.169147,0.240624,0.939374,0.774974,0.162598,1.796489,2.088492,1.682351,1.953469,2.986896,1.833804,1.233724,1.843255,1.927731,0.000000
0.004674,0.422697,0.992171,0.965875,0.950780,0.734334,0.874850,0.363936,0.377210,0.412702,2.814126,2.210697,1.597592,3.836263,1.613188,2.021094,2.499696,3.031191,3.391106,0.000000
0.204100,0.023241,0.604054,0.464527,0.433707,0.381027,0.529915,0.036990,0.781851,0.962866,1.613873,2.531216,1.827220,1.898827,1.634582,2.368048,1.670339,2.295538,1.679127,0.000000
0.681549,0.207879,0.811361,0.695110,0.994000,0.520002,0.290272,0.482347,0.950491,0.301054,1.762781,2.014217,2.810656,2.988168,2.223535,2.485794,1.920845,2.633255,2.600263,0.000000
0.955196,0.241509,0.896281,0.109135,0.013133,0.020600,0.861559,0.257134,0.119063,0.381206,1.806984,2.058599,1.957308,1.817752,1.272686,1.980927,2.634404,2.561904,1.014857,0.000000
0.922213,0.918417,0.278479,0.842425,0.110187,0.135115,0.299834,0.590347,0.472917,0.017593,2.712870,1.484530,2.046237,1.785591,2.347809,1.960669,2.009336,1.577423,1.726296,0.000000
0.105148,0.363031,0.826518,0.297477,0.483934,0.094680,0.085965,0.805882,0.676528,0.692108,1.429904,2.828908,1.423752,2.193390,2.344097,1.826520,1.103233,2.360295,1.519223,0.000000
0.373991,0.515203,0.296420,0.125747,0.373761,0.685536,0.897265,0.452258,0.204907,0.539797,2.113554,1.680305,1.852554,1.463614,1.649693,1.670917,2.542930,2.015145,1.845708,0.000000
0.110115,0.809542,0.124186,0.722866,0.938594,0.344941,0.862732,0.128884,0.181239,0.058934,3.020361,1.129801,1.235053,2.331740,1.844531,1.950924,2.090583,1.838798,2.435302,0.000000
0.203515,0.725131,0.346888,0.049162,0.169240,0.402402,0.880595,0.379402,0.532684,0.469997,2.257832,1.622399,1.516592,1.289690,2.063497,1.314479,2.186278,2.335870,1.331286,0.000000
0.974116,0.832838,0.513369,0.746535,0.073800,0.190943,0.702896,0.421416,0.735517,0.942777,2.787428,2.477037,2.408478,1.753401,2.448663,2.860667,2.609345,2.346339,1.526313,0.000000
0.987110,0.879111,0.465308,0.261728,0.074784,0.648625,0.893146,0.070053,0.047069,0.228983,2.747037,1.518085,2.407929,1.309225,1.881671,2.061177,3.408163,1.976054,1.513427,0.000000
0.704589,0.693138,0.314326,0.878615,0.936737,0.396247,0.475641,0.250352,0.401768,0.612759,2.466661,1.705491,1.926453,2.713797,1.870246,2.663258,1.972272,1.608175,2.772008,0.000000
0.083929,0.334708,0.901372,0.072123,0.017392,0.387801,0.966476,0.055349,0.991159,0.022558,2.086915,1.902050,2.208028,1.830238,2.317273,1.024447,2.322468,3.706392,1.168156,0.000000
0.433524,0.671359,0.048316,0.317070,0.770629,0.206013,0.818105,0.651225,0.034987,0.609125,2.315347,1.695529,1.476008,1.804840,1.948763,2.184578,1.956787,1.584876,1.844947,0.000000
0.267675,0.003426,0.790463,0.968498,0.566050,0.576203,0.907847,0.952055,0.061148,0.919284,2.716744,3.498496,1.599914,3.099321,1.870115,2.414570,2.419568,2.434214,2.806499,0.000000
0.872500,0.899341,0.886709,0.006605,0.776625,0.360558,0.462550,0.802881,0.961159,0.407327,1.914382,2.570176,2.890447,2.562879,3.340719,2.605463,2.238706,2.846376,1.906627,0.000000
0.541161,0.081164,0.128255,0.482532,0.159693,0.205553,0.188045,0.942491,0.382054,0.318163,1.495769,2.066688,1.639180,1.288494,2.064335,1.484756,1.399396,1.405153,1.314296,0.000000
0.045373,0.807606,0.448106,0.941960,0.797565,0.947877,0.564521,0.415742,0.471871,0.157184,2.774092,1.544670,2.048912,2.834155,2.102126,1.803507,2.266655,1.852574,3.531828,0.000000
0.450074,0.905611,0.822967,0.971799,0.852185,0.372763,0.120057,0.764484,0.610275,0.958968,2.793661,3.189379,1.816314,3.447219,2.724838,2.936638,1.478346,2.289280,2.908897,0.000000
0.334565,0.862027,0.479201,0.654553,0.616465,0.444453,0.557358,0.245603,0.372986,0.922902,2.570786,2.345765,1.583992,2.126535,2.015961,2.514480,1.792550,1.775762,2.094440,0.000000
0.920028,0.082784,0.536159,0.325765,0.778613,0.236543,0.137449,0.226825,0.408655,0.706871,1.335215,2.047495,2.044226,2.100650,1.261453,2.978264,2.034195,1.698718,1.869137,0.000000
0.520394,0.100228,0.782643,0.916378,0.738305,0.171061,0.328792,0.813051,0.258324,0.473869,1.961968,2.544664,1.566894,3.120363,1.704428,2.115524,1.420093,1.906398,2.537096,0.000000
0.324847,0.285606,0.383229,0.521358,0.623423,0.916672,0.121207,0.365894,0.149342,0.887678,1.604710,2.220187,2.168465,1.912000,1.356894,2.428414,1.965643,1.297987,2.605423,0.000000
0.322139,0.246599,0.253692,0.317898,0.940730,0.183821,0.910706,0.009641,0.614690,0.503605,2.134034,1.507311,1.588186,2.037216,1.624443,2.172227,2.046635,2.434375,2.006647,0.000000
0.666203,0.289966,0.642286,0.190238,0.563174,0.178271,0.659919,0.312908,0.843277,0.283004,1.561708,1.753015,2.297652,1.982589,2.031720,2.029666,1.909442,2.543198,1.601839,0.000000
0.652829,0.506558,0.689661,0.185122,0.468429,0.988058,0.461711,0.052921,0.122498,0.882969,1.540150,2.469444,2.630926,1.950405,1.521712,2.583008,2.479462,1.696557,2.451032,0.000000
0.566492,0.537832,0.870824,0.853415,0.714516,0.437761,0.919411,0.351125,0.888892,0.171395,2.919870,1.943490,2.460464,3.094406,2.371250,2.040464,2.464871,3.424418,2.527707,0.000000
0.513158,0.635767,0.102824,0.524366,0.017394,0.063870,0.779177,0.480562,0.584672,0.518106,2.401618,1.482239,1.717103,1.172146,2.088589,1.419802,1.806118,2.068296,1.165653,0.000000
0.371823,0.435322,0.481585,0.400415,0.940397,0.198071,0.717978,0.453173,0.008558,0.583083,1.960031,1.914637,1.411055,2.236521,1.528461,2.276889,1.764968,1.610594,2.043829,0.000000
0.700454,0.428700,0.635776,0.290394,0.688290,0.229916,0.956122,0.506804,0.719933,0.938167,2.348235,2.646106,2.126459,2.116989,2.077176,3.004659,2.487753,2.998201,1.765639,0.000000
0.384451,0.679048,0.794362,0.745461,0.278016,0.110224,0.481520,0.609006,0.889099,0.574601,2.318213,2.350401,2.099430,2.323289,2.695418,1.615532,1.398908,2.631756,1.704427,0.000000
0.428002,0.702692,0.086553,0.035373,0.433559,0.712737,0.678647,0.120200,0.946741,0.836951,1.841708,1.788776,2.784576,1.441095,2.600746,2.203018,2.251703,2.266791,1.941597,0.000000
0.156101,0.343510,0.662134,0.056011,0.175702,0.550357,0.079994,0.138280,0.748777,0.618433,1.174522,2.047238,1.878808,1.614299,1.906821,1.436595,1.560560,2.187710,1.478771,0.000000
0.875402,0.564820,0.985535,0.519629,0.060431,0.957182,0.988565,0.442600,0.526844,0.604840,2.804736,2.438070,2.937833,2.172018,1.929087,2.048029,3.605289,3.464210,2.116935,0.000000
0.713426,0.243741,0.854796,0.883295,0.569368,0.844594,0.518583,0.758499,0.872009,0.222474,2.082167,2.340671,3.089841,2.989200,2.440522,2.089356,2.476640,2.742148,2.971861,0.000000
0.296090,0.887619,0.095882,0.725764,0.920981,0.010982,0.237014,0.889118,0.038951,0.000854,2.526947,1.798758,1.296269,2.312459,2.592012,2.008650,1.093115,1.061459,2.303386,0.000000
0.981123,0.478062,0.076826,0.142082,0.384545,0.317244,0.439034,0.286706,0.562124,0.124299,1.455249,1.115844,2.259388,1.393315,1.817613,2.349067,2.454425,1.652650,1.488056,0.000000
0.753445,0.073154,0.518043,0.534989,0.021590,0.274403,0.364514,0.150884,0.556424,0.053758,1.588773,1.524368,2.001015,1.443079,1.386197,1.589424,1.834988,1.873226,1.250008,0.000000
0.644662,0.542927,0.060080,0.543295,0.703309,0.207710,0.095504,0.855777,0.916296,0.597103,1.838936,2.043343,2.457126,1.867283,3.009257,2.331783,1.484745,1.920777,1.906817,0.000000
0.157019,0.472347,0.883125,0.268661,0.638219,0.676858,0.939810,0.468001,0.140730,0.061242,2.321854,1.989380,1.617942,2.437520,1.594657,1.663104,2.563972,2.750721,2.115747,0.000000
0.219369,0.917014,0.919737,0.523300,0.589414,0.599036,0.791578,0.572295,0.363340,0.617964,2.860214,2.489055,1.626179,2.578632,2.236470,1.873524,2.236187,2.705254,2.091560,0.000000
0.998995,0.497329,0.528194,0.340588,0.034242,0.608065,0.743365,0.048504,0.534456,0.273961,1.998701,1.603363,2.521402,1.352740,1.783086,2.052796,3.157644,2.224223,1.443494,0.000000
0.227534,0.350884,0.558146,0.544014,0.853571,0.791800,0.120568,0.960573,0.469187,0.881293,1.668887,3.221145,1.957767,2.326100,2.457342,2.589823,1.818117,1.782468,2.641520,0.000000
0.326469,0.742792,0.317862,0.372844,0.697026,0.837716,0.904332,0.342817,0.024404,0.374408,2.664160,1.498333,2.028251,1.849893,1.783676,1.856093,2.690327,1.865018,2.450624,0.000000
0.470948,0.552915,0.316495,0.331328,0.259009,0.285586,0.379535,0.073903,0.340457,0.430539,1.691713,1.502263,1.591970,1.395550,1.669229,1.560607,1.534085,1.495297,1.376940,0.000000
0.026558,0.242926,0.360071,0.684883,0.787291,0.939678,0.043725,0.143365,0.950364,0.524326,1.743979,1.637935,2.767912,2.238196,2.149063,1.932142,1.941608,2.080099,2.991539,0.000000
0.628027,0.968348,0.667614,0.494737,0.660879,0.411368,0.533263,0.770268,0.044722,0.218924,2.584079,2.172551,1.797340,2.227682,2.427358,2.065789,1.943442,1.642074,1.951197,0.000000
0.168757,0.641705,0.046805,0.662806,0.778211,0.780107,0.682306,0.274285,0.233260,0.976431,2.392234,2.020857,1.790015,2.071580,1.716750,2.737635,2.250455,1.553093,2.677956,0.000000
0.942686,0.838347,0.661319,0.164942,0.368205,0.712162,0.976299,0.433072,0.931723,0.844562,2.798336,2.455828,3.258695,1.810035,2.787677,2.859275,3.503045,3.299634,1.879867,0.000000
0.908182,0.535303,0.421792,0.748584,0.272862,0.193794,0.387074,0.379907,0.286614,0.291253,2.093127,1.561452,1.969283,1.870260,1.672282,2.122363,2.092685,1.522516,1.729908,0.000000
0.717988,0.107672,0.570855,0.068118,0.920320,0.684707,0.361695,0.345945,0.477774,0.847008,1.127029,2.329680,2.295872,2.246512,1.377342,3.043491,2.185659,1.850968,2.389460,0.000000
0.189980,0.409239,0.493820,0.913558,0.297470,0.423258,0.444380,0.200649,0.506933,0.856203,2.168789,2.234983,1.499399,2.303773,1.674299,1.961232,1.627589,1.838545,2.239062,0.000000
0.630395,0.176282,0.078712,0.936743,0.995282,0.160479,0.129823,0.393899,0.993083,0.983485,1.970006,2.107069,2.635540,2.823456,2.223611,3.343947,1.427851,2.001466,2.843014,0.000000
0.813571,0.352691,0.157719,0.976486,0.012555,0.038691,0.215907,0.094322,0.133308,0.128065,2.110941,1.174959,1.817437,1.968533,1.371301,1.676553,1.623808,1.168248,1.945155,0.000000
0.437164,0.534280,0.917089,0.217833,0.728559,0.248736,0.658058,0.493653,0.764475,0.283197,1.788253,2.117590,1.945811,2.579948,2.239003,1.942385,1.765324,2.890493,1.800766,0.000000
0.584082,0.682028,0.509268,0.435301,0.508584,0.315861,0.448659,0.466944,0.652167,0.052398,1.990776,1.613825,1.961230,1.850422,2.209161,1.849879,1.716415,2.001834,1.690836,0.000000
0.976823,0.154175,0.252546,0.848526,0.169205,0.665744,0.467172,0.078904,0.520082,0.558784,1.974256,1.565276,2.560712,1.843920,1.425151,2.297863,2.816063,1.685821,2.223355,0.000000
0.370792,0.281602,0.637183,0.722137,0.216340,0.546729,0.735818,0.166995,0.094627,0.143635,2.199831,1.662471,1.670553,1.998924,1.295214,1.356790,2.139137,1.899023,1.891835,0.000000
0.900155,0.119447,0.645556,0.783520,0.769012,0.150937,0.397231,0.188648,0.905961,0.561037,1.860467,1.967032,2.666517,2.666760,1.946925,2.755884,2.038105,2.385383,2.272800,0.000000
0.827770,0.324719,0.833221,0.955654,0.064717,0.723952,0.030404,0.875777,0.696584,0.635394,2.061125,2.908656,2.689879,2.631749,2.481657,2.006445,2.292066,2.390870,2.461598,0.000000
0.373175,0.422068,0.560173,0.085558,0.460428,0.472042,0.394143,0.974183,0.707906,0.149129,1.324929,2.506943,1.950752,1.774848,2.847729,1.603004,1.679359,2.082930,1.683878,0.000000
0.167382,0.242803,0.291633,0.230222,0.794797,0.100679,0.472371,0.682612,0.175550,0.694928,1.394577,2.092627,1.182928,1.892050,1.591689,2.158412,1.328503,1.366002,1.817136,0.000000
0.260060,0.329801,0.846069,0.549953,0.998268,0.779288,0.147463,0.397608,0.438089,0.274092,1.661928,1.984055,1.951429,2.880433,1.584582,2.086490,1.818622,2.157129,2.771890,0.000000
0.370761,0.566810,0.747217,0.578642,0.556399,0.589270,0.586881,0.986904,0.123712,0.142974,2.102055,2.728882,1.719894,2.308477,2.543338,1.696785,1.984666,1.884184,2.097383,0.000000
0.562785,0.193758,0.742568,0.588949,0.946812,0.182488,0.361831,0.805374,0.110759,0.810776,1.673862,2.922312,1.597446,2.702503,1.728412,2.796508,1.491659,1.709538,2.184397,0.000000
0.696371,0.470546,0.304590,0.906259,0.221876,0.695606,0.487396,0.715777,0.585912,0.713300,2.243456,2.180106,2.381378,2.058966,2.180558,2.069733,2.270854,1.794471,2.450058,0.000000
0.371948,0.207478,0.357835,0.712244,0.794930,0.538096,0.981297,0.848517,0.131459,0.959218,2.700224,2.888852,1.663768,2.284291,1.835676,2.815852,2.552497,2.204438,2.445792,0.000000
0.132206,0.096374,0.533972,0.490072,0.135348,0.166352,0.171186,0.846762,0.261736,0.973312,1.504376,3.088443,1.177810,1.538176,1.772014,2.074881,1.197967,1.551879,1.280722,0.000000
0.709162,0.239679,0.589637,0.529790,0.580829,0.631577,0.647682,0.119508,0.107133,0.559855,1.858933,1.904781,2.109281,2.077201,1.252863,2.259219,2.407715,1.726503,2.128419,0.000000
0.423261,0.672741,0.524702,0.151171,0.063723,0.294355,0.200425,0.607169,0.931099,0.033019,1.611802,1.749628,2.317119,1.342490,2.763522,1.242909,1.410353,2.214462,1.153823,0.000000
0.807016,0.322938,0.254264,0.153560,0.606291,0.032071,0.638193,0.465896,0.839108,0.222906,1.517779,1.405078,2.398862,1.674563,2.128166,2.268642,1.964951,2.163688,1.610941,0.000000
0.115778,0.343850,0.130882,0.218334,0.526608,0.448116,0.499232,0.844152,0.151883,0.237902,1.460992,1.789016,1.320090,1.554146,1.968455,1.553477,1.698900,1.293438,1.737824,0.000000
0.724580,0.841461,0.420799,0.920890,0.931163,0.406084,0.921110,0.421229,0.279169,0.647943,3.410457,1.915369,1.911241,2.889184,1.994137,2.728205,2.634943,2.237751,2.877016,0.000000
0.245747,0.463421,0.814997,0.619145,0.061360,0.351074,0.218217,0.949125,0.297660,0.003540,1.844295,2.670018,1.395373,1.962922,2.407032,1.121751,1.413534,1.972271,1.421956,0.000000
0.743496,0.060926,0.333720,0.646038,0.905192,0.367804,0.329116,0.281594,0.647096,0.072137,1.685399,1.361253,2.149736,2.286195,1.501989,2.458353,1.887115,1.794114,2.310106,0.000000
0.976658,0.070459,0.604962,0.131986,0.512321,0.094980,0.599778,0.901860,0.107227,0.559714,1.352711,2.651770,1.986912,1.880599,1.815485,2.641529,2.386309,1.688966,1.523642,0.000000
0.409859,0.397715,0.081521,0.981897,0.390886,0.231885,0.846419,0.581840,0.635229,0.534175,2.746471,1.563838,1.719954,2.344199,1.998205,1.711293,2.017161,2.248271,2.391324,0.000000
0.986013,0.596288,0.136821,0.956084,0.612224,0.256100,0.207125,0.276941,0.836114,0.620100,2.320529,1.542585,2.636116,2.504898,2.316615,2.822888,2.257624,1.863720,2.551765,0.000000
0.329899,0.453663,0.354956,0.960897,0.004630,0.153988,0.690579,0.647858,0.154511,0.231459,2.496044,1.680447,1.357300,2.017842,1.749456,1.125863,1.666791,1.609841,1.915561,0.000000
0.093719,0.904697,0.266496,0.273289,0.610854,0.149748,0.915973,0.977057,0.013493,0.078915,2.860273,2.205462,1.116146,1.702286,2.837617,1.620129,1.989578,1.853021,1.653690,0.000000
0.128377,0.532289,0.963360,0.569246,0.273447,0.495972,0.422031,0.597240,0.037885,0.088064,1.927746,2.184147,1.374420,2.385968,1.746757,1.290611,1.676198,2.041115,1.703895,0.000000
0.193404,0.568700,0.956845,0.911355,0.702255,0.592272,0.243027,0.658648,0.782353,0.539320,2.249129,2.533444,2.023051,3.374750,2.466509,1.896530,1.658569,2.712260,2.809984,0.000000
0.958451,0.118675,0.530619,0.300040,0.430856,0.992274,0.821506,0.018459,0.875602,0.102830,1.868536,1.541199,3.614364,1.739424,1.885360,2.350573,3.547608,2.711570,2.442475,0.000000
0.347402,0.819987,0.843639,0.489711,0.863815,0.890920,0.094344,0.704423,0.385303,0.379316,2.162929,2.337063,2.198343,2.692983,2.317989,2.039079,1.941748,2.097871,2.774994,0.000000
0.063843,0.284977,0.142125,0.136614,0.815048,0.911674,0.637446,0.575609,0.681365,0.175200,1.476845,1.363534,2.211323,1.837797,1.939950,1.824501,2.318272,1.960584,2.648747,0.000000
0.086250,0.332113,0.893781,0.452652,0.439866,0.774117,0.129621,0.803569,0.069427,0.506417,1.565129,2.669121,1.685843,2.331457,1.855815,1.577180,1.791560,1.870449,2.131869,0.000000
0.260341,0.920322,0.196596,0.622936,0.020334,0.811518,0.185912,0.469342,0.648176,0.375305,2.476355,1.440838,2.191222,1.300714,2.443842,1.140975,1.863726,1.693252,1.920625,0.000000
0.150472,0.716862,0.859822,0.185509,0.620812,0.393038,0.751582,0.393507,0.472755,0.098664,2.123951,1.930490,1.410610,2.366490,2.001293,1.644414,1.961320,2.636600,1.781674,0.000000
0.179766,0.364446,0.637877,0.105511,0.572264,0.856573,0.706418,0.361525,0.594528,0.766574,1.590853,2.272765,2.123627,1.980326,1.765160,2.055047,2.361409,2.353936,2.307156,0.000000
0.273810,0.118632,0.881924,0.258318,0.117381,0.742166,0.119599,0.201567,0.335244,0.663359,1.274103,2.330159,1.862298,1.912408,1.239210,1.484261,1.776998,2.114745,1.685429,0.000000
0.746268,0.287849,0.225985,0.300177,0.955783,0.096245,0.454657,0.392871,0.220435,0.520572,1.477017,1.557618,1.766242,2.033900,1.397079,2.653771,1.718566,1.365487,1.992094,0.000000
0.439754,0.884239,0.496435,0.422505,0.125825,0.276888,0.406702,0.729653,0.212382,0.654911,2.271656,2.313806,1.526000,1.447694,2.317807,1.600105,1.527335,1.526100,1.277913,0.000000
0.124581,0.528059,0.437801,0.223794,0.918277,0.425673,0.136201,0.690541,0.914892,0.663046,1.505167,2.206714,2.071567,2.121156,2.694368,2.225293,1.446158,2.109088,2.110683,0.000000
0.239114,0.733629,0.928993,0.929853,0.836913,0.045656,0.604456,0.446789,0.761280,0.091580,2.688913,2.026568,1.682396,3.503915,2.402365,1.894856,1.424695,2.845156,2.642973,0.000000
0.368144,0.922554,0.087684,0.968289,0.172324,0.322609,0.847313,0.968562,0.358191,0.054040,3.427713,1.999222,1.518177,2.087866,2.959473,1.308012,2.090442,1.974198,2.184254,0.000000
0.788279,0.984830,0.401690,0.804162,0.565023,0.196291,0.406783,0.073727,0.549917,0.081510,2.841363,1.408735,1.993108,2.246411,2.287639,2.186948,1.851586,1.778583,2.123586,0.000000
0.908074,0.855395,0.541737,0.701309,0.357707,0.059338,0.854523,0.833706,0.015826,0.683940,3.056990,2.588990,1.911599,1.996113,2.435125,2.502234,2.538344,1.933286,1.706156,0.000000
0.371395,0.083305,0.526111,0.723501,0.554843,0.394150,0.925080,0.476336,0.084521,0.005182,2.522101,1.634217,1.527353,2.210356,1.198527,1.692777,2.301152,2.152973,2.088917,0.000000
0.043618,0.908121,0.625713,0.732879,0.218154,0.950907,0.184067,0.543303,0.831431,0.304178,2.563798,1.878609,2.522591,2.003309,2.759769,1.248201,1.984870,2.229185,2.516015,0.000000
0.107353,0.004701,0.573809,0.677942,0.926322,0.336420,0.109170,0.666999,0.647924,0.756839,1.679265,2.443354,1.492534,2.567164,1.721246,2.371368,1.349575,1.978482,2.351086,0.000000
