0.553533,0.937812,0.776026,0.219611,0.007750,0.903243,0.834092,0.337246,0.984808,0.805536,3.344060,2.751940,2.870770,2.213944,3.336204,2.840954,2.554934,3.784076,2.627608,3.134051
0.765655,0.780966,0.535409,0.299267,0.156882,0.297589,0.181716,0.584358,0.111175,0.922551,2.845345,1.991773,1.793657,1.997170,1.725100,1.903839,2.520641,2.637870,1.477514,2.654745
0.787217,0.198269,0.797832,0.667211,0.979086,0.198228,0.752309,0.706824,0.195494,0.907388,3.172398,3.063679,1.898058,3.109957,2.683552,2.595915,3.849521,2.341234,3.135129,2.335872
0.783315,0.645904,0.673649,0.918034,0.450734,0.804741,0.371626,0.603772,0.500703,0.167400,2.661205,2.050193,2.745846,2.815463,2.308895,2.874749,2.038586,2.274043,2.489752,2.906217
0.929953,0.310740,0.970262,0.034838,0.493885,0.330759,0.787636,0.070417,0.557159,0.483440,2.996316,1.944043,1.588402,1.585907,3.788546,2.071627,2.717124,1.970566,2.288536,1.977204
0.602954,0.575115,0.286109,0.887822,0.472535,0.768390,0.123087,0.853276,0.478197,0.162727,2.037720,2.124956,2.986750,2.715139,1.577666,2.766287,1.828809,2.101713,2.186822,2.755652
0.350423,0.481595,0.073000,0.450926,0.249281,0.157250,0.377475,0.883342,0.873676,0.610051,1.583401,2.302535,2.797565,1.595008,2.183845,2.527624,1.604854,1.581474,2.096098,2.118448
0.517271,0.090757,0.733024,0.663093,0.080769,0.735872,0.621008,0.144882,0.018857,0.506074,2.477436,1.632328,1.459738,1.984535,2.048486,2.045572,1.828879,2.049193,2.063488,1.706429
0.020638,0.433509,0.399475,0.437948,0.146443,0.835676,0.700292,0.742435,0.696036,0.851558,2.285426,2.297919,2.273135,2.447684,2.210233,2.269390,1.911357,2.892880,1.757849,2.312030
0.487096,0.037519,0.901520,0.441669,0.637089,0.473658,0.357358,0.295374,0.672209,0.227326,2.361915,1.549276,1.874945,1.941097,2.585335,2.279105,1.941285,1.523372,2.784433,1.583023
0.584535,0.423919,0.081787,0.724209,0.477397,0.890863,0.741147,0.820039,0.593088,0.167765,2.225806,2.524242,2.645955,2.709690,2.292670,2.257813,2.220346,2.478473,2.076394,2.867762
0.278414,0.214689,0.585168,0.387569,0.192754,0.585268,0.974890,0.481544,0.864493,0.219781,1.748785,2.134024,2.078369,1.545774,2.861072,2.433800,2.244446,2.560237,2.183628,1.686286
0.866525,0.151464,0.318650,0.780498,0.539904,0.030871,0.072348,0.281309,0.265407,0.511263,2.101704,1.202520,1.884321,2.217435,1.803743,1.878208,2.226725,1.122516,2.109311,2.035651
0.585440,0.601216,0.587904,0.062088,0.693540,0.838118,0.288745,0.557884,0.605047,0.607408,2.648597,2.055197,1.923085,2.422245,1.974942,2.033394,2.226631,2.359773,1.880300,2.611365
0.828825,0.038304,0.163658,0.555172,0.372589,0.504647,0.709408,0.139156,0.531173,0.823496,2.478915,1.732842,1.839820,2.269204,2.561632,1.433740,2.784545,2.323012,1.777983,1.891019
0.560115,0.573612,0.536112,0.727429,0.563077,0.791353,0.417708,0.285214,0.595665,0.734232,2.635530,1.870464,2.320171,2.878431,2.030857,2.128275,2.240677,2.483891,2.324466,2.179856
0.931054,0.153772,0.047371,0.861303,0.329118,0.441503,0.094228,0.551679,0.097176,0.640841,2.234473,1.297511,1.935284,2.325677,1.910771,1.990762,2.208865,1.634642,1.969817,2.460172
0.281332,0.283894,0.108331,0.701462,0.765003,0.274672,0.538544,0.887661,0.850033,0.032501,1.298794,2.661058,2.985815,2.277775,2.283505,2.763514,2.022756,1.511463,2.810050,1.995381
0.504454,0.271610,0.363432,0.841850,0.025747,0.580904,0.112212,0.157601,0.822057,0.579137,1.944652,1.189899,2.551422,2.042977,1.933805,2.441573,1.619023,1.768582,2.347190,1.545985
0.301751,0.773354,0.317035,0.979166,0.754141,0.459439,0.597823,0.518060,0.617461,0.442651,1.533552,2.658392,3.110784,2.848281,2.016659,2.669571,2.122530,2.309567,2.725117,2.116197
0.227271,0.755821,0.521288,0.196823,0.277574,0.675774,0.290869,0.772697,0.739613,0.845410,2.311791,2.329418,2.566609,2.135741,1.923479,2.425213,1.839749,2.782471,1.714765,2.464672
0.690381,0.576517,0.410814,0.158406,0.024761,0.037826,0.437603,0.260218,0.247397,0.740311,2.264886,1.787596,1.468693,1.350277,1.856345,1.486248,2.075163,1.754368,1.232098,1.928465
0.616408,0.292866,0.226835,0.672596,0.991830,0.084738,0.781319,0.951406,0.662075,0.039712,1.667976,3.695995,2.958918,2.444827,2.456519,2.628426,3.077100,1.647474,2.860140,2.356535
0.431605,0.311338,0.292754,0.433733,0.374029,0.229821,0.027932,0.985083,0.462219,0.129504,1.522272,2.100347,2.622175,1.574573,1.329324,2.390383,1.571806,1.327055,1.644366,2.204334
0.061034,0.163314,0.452108,0.037270,0.239213,0.491987,0.299380,0.268767,0.119348,0.680690,1.639414,1.348741,1.130311,1.574371,1.355632,1.524598,1.359773,1.760174,1.187108,1.335436
0.106388,0.268744,0.893207,0.764673,0.143883,0.505711,0.892465,0.317879,0.103145,0.261680,1.987530,1.997238,1.717490,1.862629,2.540822,2.441491,1.842621,2.293466,2.498105,1.414012
0.685202,0.463089,0.829521,0.027111,0.493550,0.382495,0.466912,0.492443,0.583866,0.126480,2.396734,1.860118,1.742718,1.550501,2.603003,2.188254,2.030839,1.698993,1.957712,2.082660
0.425106,0.372911,0.818961,0.992720,0.364780,0.393189,0.171057,0.505787,0.158277,0.335246,2.157382,1.457216,2.261072,2.423691,1.722766,3.053727,1.575807,1.549889,2.675687,1.762260
0.424378,0.670834,0.769401,0.356245,0.647741,0.580282,0.392836,0.280813,0.416061,0.252937,2.145924,2.041036,1.851077,1.974142,1.992811,1.923435,1.908663,2.095016,2.261249,1.876183
0.723038,0.770077,0.056153,0.146351,0.157622,0.264976,0.450539,0.773394,0.335567,0.309076,1.760647,2.506772,2.171426,1.206771,1.941147,1.670107,1.848462,1.958573,1.184053,2.757778
0.773474,0.247038,0.106794,0.521091,0.736728,0.918000,0.086252,0.623835,0.393011,0.637244,2.753835,1.684655,1.831076,2.946786,1.703580,1.661316,2.481786,2.144571,2.088935,2.947357
0.343702,0.574403,0.373807,0.119118,0.761305,0.097237,0.818210,0.807778,0.224028,0.243013,1.497874,3.011148,1.853499,1.779901,1.928525,2.030522,2.474539,1.978428,1.753456,2.115516
0.590064,0.343355,0.703603,0.609515,0.867376,0.055948,0.889694,0.189691,0.564547,0.770685,2.542884,2.580430,1.977829,2.591843,2.658936,2.067604,3.399431,2.230866,2.811759,1.578355
0.896786,0.251824,0.141001,0.699519,0.836609,0.289537,0.640338,0.036314,0.290346,0.869767,2.581670,2.193682,1.795643,2.922493,2.446252,1.491719,3.431546,2.187797,2.409343,1.863537
0.438454,0.929843,0.637179,0.290223,0.857924,0.952650,0.861771,0.214226,0.236536,0.801593,3.183150,3.277955,2.126820,3.219597,2.166843,1.710647,3.227354,3.870124,2.288079,3.034051
0.698370,0.897908,0.056056,0.189595,0.923853,0.283380,0.478406,0.319362,0.941264,0.891025,2.415370,3.045687,2.711540,2.612875,2.705004,1.949819,3.291688,2.829431,2.828231,2.537459
0.402605,0.247635,0.064743,0.956676,0.394366,0.820062,0.880822,0.637388,0.004717,0.277817,1.880497,2.225280,2.100183,2.867046,1.946120,2.346586,2.247470,2.570725,2.112473,2.266923
0.154973,0.520971,0.587605,0.639324,0.345119,0.589433,0.969411,0.187669,0.196964,0.359719,1.667508,2.261618,1.748336,1.975385,2.131146,1.885644,2.201836,2.788599,1.962824,1.473791
0.124801,0.695656,0.123811,0.005904,0.381640,0.303852,0.375267,0.089556,0.058284,0.127685,1.150736,1.881137,1.395036,1.409994,1.380843,1.131843,1.323563,1.840902,1.153463,1.450309
0.932460,0.095160,0.946068,0.663259,0.516941,0.881978,0.645116,0.305330,0.565205,0.455899,3.527367,1.754047,2.014670,2.686130,3.576436,2.433123,2.511368,2.202714,2.879313,2.780779
0.620813,0.468341,0.186542,0.241326,0.058172,0.354672,0.084584,0.710641,0.456292,0.589513,1.876305,1.662820,1.872294,1.281799,1.533263,1.748956,1.745575,1.695394,1.294550,2.214601
0.450621,0.031638,0.471713,0.936414,0.537013,0.331428,0.446824,0.040413,0.524688,0.197998,1.692962,1.531055,2.401593,2.451826,1.863136,2.370248,1.829750,1.423175,2.405548,1.255569
0.334366,0.155604,0.995054,0.873414,0.775832,0.850381,0.485282,0.557956,0.253646,0.590681,3.053532,2.045497,2.117182,3.275368,2.567363,2.976794,2.172299,2.110610,3.464704,2.196467
0.202638,0.228558,0.543835,0.600562,0.730432,0.333115,0.442789,0.866881,0.743897,0.344189,1.551482,2.431127,2.681237,2.142104,2.091965,2.818158,1.837016,1.486201,2.601168,1.932196
0.013661,0.593637,0.428856,0.115329,0.347293,0.920217,0.578685,0.003159,0.587804,0.232553,1.927226,1.945636,1.810305,2.142758,1.958027,1.549780,1.330986,2.469334,1.434195,1.929616
0.381918,0.967894,0.611298,0.622959,0.209963,0.021873,0.348707,0.961222,0.872690,0.096635,1.756506,3.175588,4.021190,1.598139,2.305644,3.357020,1.468491,2.001181,2.475494,3.013825
0.388847,0.383227,0.773456,0.743159,0.019330,0.270950,0.687441,0.148474,0.572541,0.757484,2.427101,1.837578,2.181593,1.920732,2.431923,2.313390,2.043314,2.071907,2.313695,1.361348
0.144428,0.704260,0.989906,0.353659,0.753611,0.281282,0.118212,0.314494,0.945052,0.660935,2.419323,1.967843,2.429209,2.091766,2.974579,2.930715,1.904835,1.969742,3.689280,1.690913
0.446514,0.411481,0.851970,0.144750,0.812412,0.853206,0.587306,0.520761,0.222121,0.738410,3.104912,2.333465,1.386288,2.751761,2.252531,2.128629,2.606403,2.522398,2.425602,2.319732
0.833917,0.369461,0.080214,0.475074,0.779120,0.170402,0.186296,0.825104,0.869307,0.062671,1.841440,2.253008,2.608919,2.009779,2.521952,2.439307,2.447425,1.313384,2.653693,2.571796
0.063215,0.362819,0.100918,0.616553,0.998554,0.087028,0.675988,0.032592,0.961537,0.598264,1.287587,2.801887,2.389437,2.507457,2.600898,2.191156,2.497330,1.655672,3.469491,1.084407
0.627358,0.230596,0.174188,0.369136,0.932100,0.777166,0.534218,0.262371,0.442580,0.536583,2.176994,2.360285,1.595842,2.620659,1.977930,1.331693,2.731527,2.065699,2.281599,2.033011
0.454211,0.182223,0.220627,0.528820,0.545705,0.483840,0.926454,0.965563,0.261886,0.832356,2.134360,2.948546,2.416793,2.418617,2.091114,2.305528,3.027189,2.792230,1.842057,2.232725
0.588103,0.606546,0.788563,0.909332,0.223614,0.917650,0.625794,0.503973,0.696295,0.875095,3.589177,2.124196,2.810838,3.409671,2.700700,3.029522,2.469614,3.117057,2.684747,2.782087
0.388227,0.399022,0.106710,0.812205,0.982375,0.624184,0.764337,0.393969,0.678073,0.684462,1.872069,2.916047,2.425373,3.104719,2.282763,2.009116,3.019303,2.449417,2.989882,1.760014
0.188742,0.783231,0.608316,0.831065,0.887883,0.599613,0.096227,0.189648,0.446351,0.884103,2.379105,2.337973,2.618787,3.405093,1.439116,2.257966,2.588928,2.824914,2.884200,1.835012
0.679881,0.924570,0.806409,0.028751,0.741969,0.957726,0.159491,0.416447,0.867893,0.939255,4.000116,2.389615,2.689147,3.399538,2.649881,2.547229,3.012734,3.594890,2.671041,3.510365
0.486634,0.400994,0.391310,0.988080,0.452192,0.024419,0.571760,0.296714,0.345294,0.201582,1.647949,1.800490,2.393825,2.430160,1.829676,2.458229,1.879677,1.373781,2.266692,1.598005
0.824600,0.568746,0.304858,0.242846,0.559230,0.164942,0.486413,0.968379,0.350272,0.090855,1.919029,2.815794,2.472608,1.622759,2.178442,2.271990,2.252491,1.603566,1.598969,2.833058
0.243590,0.434711,0.501749,0.773903,0.605406,0.517108,0.296620,0.218368,0.022326,0.759039,2.004158,1.630340,1.705675,2.674545,1.374951,2.012945,1.968141,2.064117,2.266736,1.431356
0.572720,0.439195,0.547612,0.482258,0.287329,0.657958,0.275427,0.588148,0.152417,0.807692,2.586920,1.678586,1.589366,2.230318,1.576443,2.006230,2.101753,2.297325,1.729573,2.188283
0.439554,0.764925,0.045318,0.567954,0.741305,0.426588,0.361452,0.493898,0.093725,0.467841,1.577122,2.369028,1.923366,2.189413,1.455166,1.472536,2.084217,2.106827,2.117658,2.167786
0.371471,0.204790,0.192396,0.934991,0.941593,0.477559,0.625576,0.241354,0.620140,0.932671,2.271807,2.467628,2.506329,3.681396,2.062779,2.215920,3.259566,2.520997,2.976606,1.439946
0.694814,0.832251,0.108607,0.914849,0.742085,0.145121,0.465512,0.261791,0.253571,0.451871,1.799319,2.479355,2.671669,2.623782,1.865382,1.946958,2.388073,1.980333,2.470954,2.321453
0.061291,0.008934,0.718477,0.641723,0.366346,0.467734,0.780542,0.635398,0.887326,0.256557,1.642250,2.055163,2.462134,1.884815,2.834592,3.006391,1.675374,1.947687,2.766733,1.687018
0.090622,0.739202,0.124089,0.188510,0.252327,0.962880,0.559399,0.977130,0.335313,0.304623,1.993872,3.042820,2.686374,2.189196,1.672816,2.098213,1.337953,2.692962,1.266731,3.248841
0.608258,0.301692,0.206989,0.802982,0.596783,0.028686,0.834612,0.249506,0.437910,0.297109,1.677329,2.068006,2.114025,2.249379,2.253254,1.823762,2.553572,1.708868,2.204774,1.646943
0.050001,0.415528,0.017064,0.881884,0.986299,0.514470,0.399144,0.316695,0.569910,0.155877,1.124135,2.549881,2.429436,2.900778,1.724067,1.908712,2.086966,1.751314,2.960167,1.460997
0.117106,0.818717,0.547612,0.859612,0.718354,0.951052,0.906339,0.311651,0.361126,0.403573,2.300836,2.873195,2.658277,3.344041,2.128285,2.296942,2.404178,3.392388,2.556870,2.692268
0.283301,0.904617,0.969242,0.284166,0.165890,0.070441,0.734588,0.715675,0.541716,0.576030,2.413888,2.920239,2.625082,1.357089,2.933309,2.590495,1.817318,2.395269,2.308336,2.536236
0.174741,0.013877,0.760596,0.299959,0.369174,0.491881,0.515119,0.885181,0.911486,0.315735,1.843260,2.227466,2.615408,1.588096,2.685929,3.261369,1.457653,1.638697,2.566496,1.974257
0.809214,0.702026,0.720719,0.244573,0.126405,0.751337,0.600055,0.974858,0.359038,0.134446,2.649747,3.019606,2.668003,1.610682,2.528672,2.702314,2.041579,2.460564,1.651536,3.294340
0.986224,0.891165,0.892457,0.094118,0.108396,0.786248,0.346768,0.435553,0.777893,0.421504,3.239744,2.223708,2.530479,1.634866,3.545506,2.449164,2.071237,2.653685,2.182859,3.498084
0.778328,0.884745,0.110079,0.896264,0.034780,0.220060,0.477902,0.100001,0.501437,0.237359,1.806163,2.261676,2.997380,1.851900,2.200994,1.903260,1.891859,2.115155,1.962029,2.400694
0.573121,0.413516,0.382402,0.871203,0.610005,0.685028,0.638678,0.338909,0.281786,0.396643,2.001962,1.987063,2.124683,2.715210,1.927716,2.164804,2.230501,2.141298,2.305533,1.958294
0.958145,0.884501,0.444481,0.803765,0.586108,0.697311,0.716068,0.602097,0.000821,0.243908,2.406650,2.834691,2.470263,2.574747,2.634716,2.326264,2.672373,2.850359,2.235100,3.448553
0.112390,0.539853,0.885106,0.898418,0.425110,0.845722,0.228446,0.795277,0.650128,0.147945,2.410616,2.055531,3.014631,2.837642,2.266267,3.421381,1.305509,2.149564,2.951187,2.476819
0.346094,0.117923,0.288189,0.413372,0.923458,0.419906,0.370140,0.236338,0.773362,0.515407,1.597151,2.124472,1.948999,2.238940,2.016583,1.772391,2.320147,1.555089,2.647794,1.388848
0.704801,0.751215,0.281675,0.914837,0.289726,0.061947,0.913164,0.010217,0.474206,0.419779,1.858128,2.484535,2.735062,2.157942,2.494436,2.097999,2.581251,2.418781,2.071694,1.930905
0.955835,0.205809,0.939214,0.266273,0.638356,0.470425,0.052643,0.831247,0.141352,0.558554,3.061190,1.835424,1.698414,1.910695,2.724035,2.649464,2.460813,1.610261,2.502672,2.802560
0.188370,0.835549,0.500551,0.996285,0.869385,0.115334,0.275794,0.868776,0.966153,0.344732,1.480067,3.200942,4.111750,2.877626,2.278707,4.115554,1.979301,1.848577,3.748863,2.487768
0.116053,0.750391,0.484275,0.864897,0.820394,0.904653,0.392369,0.097980,0.577639,0.410660,2.089604,2.409388,2.748313,3.337246,1.782600,2.252192,1.877946,2.556586,2.762850,2.203758
0.145337,0.006575,0.974320,0.701388,0.164888,0.199474,0.526445,0.719791,0.849832,0.231864,2.108684,1.900151,2.610205,1.667660,3.152897,3.359057,1.321316,1.348308,3.175090,1.742498
0.220679,0.407595,0.837369,0.716143,0.126306,0.741850,0.300561,0.479292,0.017026,0.425351,2.301698,1.577053,1.650374,2.080172,1.803261,2.434372,1.296518,1.967869,2.319248,1.898584
0.940549,0.405442,0.013917,0.512156,0.737064,0.008385,0.076418,0.005335,0.232686,0.390801,2.000428,1.535937,1.561638,2.022694,1.962602,1.151217,2.507584,1.196540,2.058354,1.956615
0.394810,0.831410,0.824060,0.046108,0.438777,0.493216,0.963044,0.508198,0.954434,0.417592,2.205881,2.822603,2.597967,1.591293,3.396671,2.912242,2.510924,3.108048,2.628049,2.297955
0.512654,0.655098,0.509064,0.973973,0.812902,0.804786,0.970635,0.203121,0.914237,0.449863,2.282332,2.844839,3.145700,3.323726,3.008354,3.172867,3.128888,3.189362,3.465316,2.166563
0.756368,0.819601,0.308892,0.367916,0.933104,0.638584,0.672737,0.488678,0.329187,0.610151,2.245225,3.219269,2.072141,2.467469,2.222918,1.609242,3.070110,2.753390,2.279813,2.777626
0.274492,0.632300,0.463137,0.753293,0.548312,0.332368,0.824907,0.954512,0.168166,0.484669,1.615042,3.184746,2.818501,2.207658,1.919877,2.802485,2.191643,2.348677,2.154079,2.294856
0.843862,0.940682,0.650129,0.238833,0.441145,0.157907,0.209513,0.781027,0.878051,0.032021,2.267184,2.608697,3.139589,1.502125,2.760052,2.868157,2.047668,2.051987,2.302632,3.326144
0.042397,0.256731,0.224203,0.741745,0.027932,0.220063,0.592885,0.451473,0.561743,0.193799,1.102288,1.750819,2.170395,1.590185,1.911043,1.935703,1.252995,1.495791,1.853370,1.472537
0.814850,0.511979,0.088800,0.839918,0.117877,0.344643,0.830702,0.852802,0.822196,0.194849,1.844242,2.713236,3.190782,1.865717,3.047815,2.865586,2.403426,2.181447,2.311497,2.665092
0.742001,0.908043,0.459585,0.179799,0.655457,0.970402,0.840647,0.098324,0.838139,0.909421,3.592114,2.850716,2.619281,3.285598,2.996259,1.968540,3.449705,4.073024,2.199970,3.284372
0.651738,0.511727,0.382528,0.577957,0.083418,0.589468,0.410732,0.963635,0.151233,0.986344,2.878391,2.567469,2.481553,2.568759,1.731849,2.504701,2.674471,2.867107,1.641413,2.643137
0.000186,0.453192,0.571473,0.625076,0.163870,0.622453,0.919326,0.427103,0.635284,0.603333,1.696503,2.203341,2.152358,1.928262,2.429568,2.161002,1.936522,2.737318,2.001444,1.670296
0.904130,0.626171,0.365842,0.614652,0.811079,0.714730,0.618602,0.157694,0.828046,0.434053,2.380703,2.447380,2.451977,2.589484,3.061256,2.093052,2.834194,2.379035,2.791595,2.481616
0.940406,0.584452,0.567874,0.246596,0.308685,0.252935,0.570789,0.169924,0.541091,0.448404,2.357139,1.926360,1.802374,1.426104,2.799224,1.697463,2.262084,1.820910,1.610730,2.258021
0.768164,0.966032,0.738702,0.159668,0.007113,0.270295,0.724359,0.738401,0.085464,0.419985,2.393262,3.060181,2.309760,1.083467,2.482706,2.288062,2.179396,2.614694,1.562867,3.235335
0.112904,0.043152,0.836779,0.317395,0.620089,0.739001,0.385671,0.084226,0.231900,0.857872,2.742699,1.535979,1.332770,2.666028,1.931166,1.878739,2.096395,2.339842,2.290709,1.395303
0.669380,0.134512,0.722826,0.521241,0.962075,0.016834,0.507067,0.864616,0.947758,0.693477,2.525358,3.028225,2.780731,2.465046,2.978225,3.418849,2.956618,1.396578,3.631334,2.315120
0.791107,0.577759,0.798621,0.568739,0.443865,0.621656,0.553438,0.135020,0.666835,0.558696,2.752643,1.928520,2.183490,2.105004,2.900005,2.198548,2.255070,2.222407,2.472843,2.103077
0.312610,0.939452,0.211381,0.535579,0.334461,0.179187,0.049903,0.222706,0.709339,0.530350,1.507495,1.956032,2.827777,1.706173,1.585611,1.667780,1.503712,2.140995,1.910061,2.150594
0.024913,0.650883,0.910412,0.241694,0.069226,0.711278,0.790621,0.782367,0.790313,0.323449,2.143554,2.693177,2.499138,1.498435,3.102224,2.926746,1.534853,2.640075,2.391200,2.314685
0.495857,0.879837,0.468060,0.073956,0.755624,0.903489,0.241623,0.664989,0.337742,0.090663,2.382016,2.635804,2.219855,2.498672,1.525607,1.923686,2.080998,2.691776,1.760478,3.258291
0.834234,0.939949,0.849098,0.903743,0.724647,0.406284,0.757174,0.649183,0.412890,0.516769,2.720452,3.190012,3.237701,2.679779,3.028029,3.037733,2.864760,2.795201,3.070092,3.202825
0.851401,0.302558,0.993824,0.453063,0.837089,0.731512,0.109295,0.449678,0.666455,0.433023,3.206625,1.782770,1.940307,2.468954,3.146146,2.486313,2.588584,1.859519,3.332645,2.488602
0.336909,0.600963,0.908815,0.487156,0.411569,0.471609,0.214189,0.636876,0.719749,0.637995,2.472009,1.862362,2.338631,1.919463,2.452653,2.698402,1.681804,2.008271,2.675539,2.016893
0.990878,0.287972,0.249716,0.407988,0.519754,0.181454,0.724558,0.188064,0.246722,0.462674,2.153363,1.887115,1.438308,1.738007,2.762201,1.356700,2.687228,1.690588,1.697409,2.194868
0.330765,0.583784,0.904645,0.886674,0.443442,0.815328,0.767178,0.041699,0.033435,0.041491,2.591124,2.146723,2.018584,2.771632,2.474233,2.603478,1.978941,2.607668,2.823660,1.791966
0.221895,0.962183,0.320566,0.319752,0.208058,0.969233,0.396007,0.146489,0.492366,0.779959,2.681631,2.326820,2.485853,2.590881,1.659917,1.433486,1.697358,3.327204,1.454751,2.969008
0.488392,0.868397,0.560871,0.998208,0.483091,0.648144,0.519326,0.076280,0.356571,0.155084,1.983175,2.328348,3.007894,2.752368,1.861923,2.577490,1.862410,2.542897,2.424188,2.146152
0.427938,0.301402,0.853380,0.455255,0.666561,0.488927,0.096853,0.871122,0.433963,0.416652,2.285672,2.046157,2.244461,2.020833,1.893906,2.742056,1.903288,1.610816,2.556506,2.138779
0.662297,0.540311,0.937904,0.455610,0.335910,0.369514,0.014280,0.300293,0.717666,0.385425,2.617861,1.346028,2.091114,1.616011,2.593643,2.387927,1.797203,1.683521,2.658757,1.915311
0.989438,0.364831,0.998876,0.808147,0.916867,0.730771,0.365427,0.688004,0.713189,0.438907,3.356926,2.530879,2.638911,2.997329,3.838225,3.258742,2.915990,1.949781,3.904138,3.000735
0.156507,0.120564,0.956246,0.886608,0.197218,0.002631,0.724474,0.662988,0.111963,0.847289,2.679182,2.031941,2.092996,2.498670,2.576984,3.092896,2.091029,1.912794,2.800059,1.689235
0.383035,0.747404,0.142958,0.375888,0.410166,0.442871,0.251470,0.047742,0.546063,0.281314,1.464204,1.838496,2.104869,1.644583,1.606270,1.287261,1.573437,2.023649,1.635960,1.650436
0.566206,0.289819,0.765537,0.587040,0.833990,0.353545,0.111391,0.323499,0.316518,0.057465,2.168066,1.713014,1.696429,2.222807,1.736544,2.082528,2.263138,1.438933,2.741255,1.684056
0.669654,0.160681,0.495678,0.913802,0.518601,0.022124,0.758932,0.464034,0.603355,0.051441,1.915487,1.957002,2.488903,2.353653,2.483633,2.606584,2.375736,1.485078,2.437059,1.916619
0.756793,0.434983,0.632568,0.922016,0.445770,0.690742,0.607684,0.537023,0.688115,0.859463,3.019447,1.991255,2.703703,3.171096,2.674742,2.928985,2.725551,2.650000,2.598049,2.419710
0.692018,0.727284,0.533714,0.870525,0.037398,0.245007,0.438956,0.422561,0.894123,0.892768,2.692041,2.043352,3.068510,2.445184,2.650951,3.011096,2.413261,2.493794,2.663081,2.289745
0.798487,0.199134,0.835137,0.903089,0.589166,0.982744,0.216402,0.671415,0.084172,0.776856,3.897519,1.679218,2.110857,3.718075,2.219028,3.022517,2.519956,2.396751,2.832724,3.249635
0.797494,0.177019,0.411671,0.258455,0.740870,0.461559,0.500082,0.084558,0.302123,0.794948,2.514713,1.833301,1.374521,2.305349,2.127286,1.444418,2.870795,2.017307,1.885443,1.771487
0.923262,0.696465,0.189654,0.522176,0.524856,0.896554,0.580889,0.466232,0.914680,0.771617,3.064756,2.243185,2.572428,2.872674,3.205824,2.249373,2.749239,2.932121,2.504437,3.302585
0.041240,0.030633,0.418462,0.412014,0.682832,0.959225,0.036195,0.657236,0.797148,0.416150,2.135027,1.538431,2.153521,2.765175,1.702373,2.324152,1.537539,1.990202,2.355341,2.505573
0.009576,0.080555,0.927423,0.200548,0.527843,0.308976,0.110887,0.558259,0.227263,0.991705,2.854125,1.368988,1.365132,2.564792,1.902331,2.249809,2.256790,2.284060,2.279522,1.567987
0.766511,0.542594,0.863685,0.025509,0.004201,0.383491,0.831456,0.201959,0.713087,0.582262,2.731495,2.134102,1.875145,1.176190,3.346748,2.163054,2.456270,2.367641,1.928359,1.970871
0.003631,0.741330,0.046887,0.690620,0.561519,0.594707,0.443883,0.186742,0.099656,0.494540,1.251866,2.099381,1.985241,2.308623,1.453819,1.411254,1.466208,2.291550,2.006125,1.719255
0.515757,0.896661,0.511702,0.199112,0.530454,0.285938,0.448634,0.721994,0.548844,0.918522,2.559223,2.708169,2.581135,2.305280,1.955617,2.131611,2.599238,2.892039,1.705216,2.715602
0.302088,0.331139,0.924478,0.774135,0.943608,0.984110,0.316129,0.239430,0.501202,0.972802,4.015292,2.232312,2.140084,4.391543,2.325342,2.508835,3.119644,3.020924,3.517747,2.304936
0.037608,0.846398,0.051739,0.594403,0.945126,0.575461,0.415881,0.662986,0.095567,0.292411,1.174951,3.221605,2.248436,2.496318,1.425075,1.701384,2.010111,2.371091,2.487887,2.380415
0.112143,0.905276,0.573522,0.959146,0.041953,0.280246,0.868810,0.546508,0.522674,0.742545,1.856657,2.851564,3.273735,2.287937,2.251602,2.829202,2.073720,3.059588,2.224185,2.307147
0.103030,0.028383,0.736323,0.299589,0.483180,0.075911,0.239256,0.652456,0.868205,0.432609,1.726197,1.572317,2.139202,1.608396,2.288080,2.757096,1.385214,1.125438,2.500450,1.663128
0.913865,0.794697,0.898137,0.903583,0.053677,0.295910,0.484348,0.488949,0.201703,0.714924,3.093591,2.232794,2.577206,2.157289,2.938930,2.876605,2.291610,2.302318,2.632602,2.833651
0.504494,0.313165,0.744881,0.661299,0.131221,0.014224,0.910110,0.908179,0.466599,0.749344,2.480110,2.757535,2.614906,1.883841,2.564081,2.906267,2.590857,2.181440,2.139213,2.193407
0.121656,0.283432,0.728835,0.439104,0.336993,0.976739,0.579888,0.465731,0.479326,0.249691,2.578576,1.774138,1.741954,2.465520,2.093616,2.083191,1.434106,2.255959,1.992611,2.413453
0.328943,0.354981,0.336751,0.182057,0.953782,0.079973,0.150818,0.581051,0.743901,0.186235,1.448844,2.300561,1.935766,1.988641,1.752660,1.986646,2.243277,1.210618,2.436186,1.734027
0.278087,0.667416,0.466302,0.353259,0.773866,0.930151,0.178809,0.389832,0.618679,0.816259,2.787917,2.042139,2.063862,3.147333,1.630357,1.808863,2.326599,2.825238,2.200027,2.512999
0.319583,0.697569,0.743692,0.366252,0.444691,0.446962,0.344817,0.992660,0.557343,0.567480,2.095318,2.848667,3.001885,1.771829,1.993982,2.874687,1.662037,2.078268,2.071813,2.474143
0.515897,0.181740,0.665020,0.814515,0.884457,0.836007,0.911894,0.787102,0.650114,0.212087,2.456159,3.044495,2.703370,3.134206,2.667435,3.003560,3.058472,2.629346,3.069517,2.547726
0.364235,0.211805,0.698779,0.534346,0.053868,0.695387,0.556249,0.955107,0.847006,0.499180,2.210746,2.472394,2.974194,1.737748,2.560419,3.278266,1.601339,1.974450,2.393145,2.331109
0.306059,0.011908,0.751090,0.795950,0.077695,0.563036,0.552728,0.600173,0.443435,0.837359,2.557822,1.769094,2.206722,2.381359,2.096281,2.654225,1.972599,2.223681,2.264368,1.794342
0.919540,0.055077,0.213450,0.501306,0.628257,0.049914,0.200543,0.510502,0.664017,0.577968,2.158175,1.492413,1.983410,1.991276,2.421058,1.794453,2.433899,1.172600,2.100146,2.356230
0.272156,0.754729,0.494537,0.546266,0.435227,0.270646,0.252871,0.034722,0.115942,0.430529,1.601889,1.858410,1.844255,1.787816,1.346285,1.658932,1.512105,1.890787,1.856817,1.544061
0.164191,0.241070,0.716447,0.010753,0.355695,0.834793,0.334615,0.900640,0.998660,0.214467,2.172992,2.139292,2.670753,1.939675,2.599837,3.522252,1.330292,1.932489,2.499674,2.427248
0.448961,0.549457,0.128398,0.897902,0.894746,0.187888,0.046364,0.460778,0.990245,0.298811,1.493374,2.087010,3.007433,2.715578,2.117716,3.026173,2.257603,1.497863,3.662134,1.829473
0.473343,0.134277,0.879823,0.172764,0.188039,0.269359,0.953078,0.369543,0.004038,0.281810,2.275076,2.022824,1.054956,1.243736,2.658360,2.021541,2.380743,2.159431,1.889183,1.601282
0.901227,0.228685,0.935589,0.597001,0.416012,0.397617,0.257308,0.986643,0.161357,0.701535,3.146810,2.300018,2.477360,2.077498,2.781526,3.122508,2.333542,1.709163,2.589690,2.835808
0.220768,0.580820,0.871327,0.187646,0.393047,0.049959,0.824510,0.860118,0.392293,0.328054,2.015290,2.822047,2.170755,1.439964,2.565565,2.641421,1.947351,1.959410,2.027336,2.104804
0.296761,0.305102,0.146868,0.881330,0.869458,0.441123,0.890043,0.342460,0.873569,0.679937,1.670541,2.594764,2.692467,2.945773,2.679766,2.531071,2.971523,2.453016,3.222813,1.496793
0.485572,0.809584,0.578982,0.863258,0.315205,0.213203,0.129608,0.197173,0.552308,0.595690,2.034237,1.802571,2.829656,2.196027,1.661513,2.354223,1.713020,1.996722,2.249751,1.965642
0.235741,0.622554,0.058973,0.487041,0.847305,0.519662,0.212285,0.136310,0.555157,0.423382,1.388038,2.117810,2.033996,2.256979,1.533598,1.288070,1.995366,1.948933,2.300159,1.506095
0.004665,0.438066,0.841016,0.732887,0.014185,0.041574,0.325210,0.454808,0.159588,0.166104,1.716560,1.611189,1.823564,1.552141,1.850964,2.442166,1.040022,1.268631,2.328595,1.538899
0.781198,0.583247,0.709843,0.484730,0.745097,0.772726,0.714831,0.462985,0.880779,0.067322,2.641917,2.462464,2.360097,2.441480,3.221237,2.639912,2.701655,2.478191,2.999393,2.628199
0.297857,0.102859,0.660538,0.806165,0.301763,0.384879,0.953313,0.949575,0.501519,0.941956,2.591889,2.828409,2.965559,2.795945,2.421626,3.149422,3.042560,3.049101,2.248688,2.061325
0.983354,0.304935,0.909831,0.486847,0.455459,0.540916,0.986466,0.122214,0.543050,0.360677,2.943675,2.124309,1.808647,1.867668,3.917497,2.127127,3.167664,2.610768,2.534408,2.203163
0.283358,0.231751,0.471150,0.663123,0.721360,0.967201,0.981313,0.147584,0.116975,0.691396,2.710966,2.309011,1.569628,3.294398,2.067023,1.784715,2.977209,3.194400,2.288257,2.115443
0.754131,0.842901,0.526661,0.190992,0.725245,0.054773,0.380130,0.546828,0.336365,0.181826,2.037524,2.530780,2.061123,1.762980,1.999092,1.845450,2.336133,1.821277,1.875854,2.714418
0.557275,0.914566,0.754873,0.197978,0.283165,0.205306,0.343675,0.357475,0.581132,0.254286,2.145327,2.232217,2.401629,1.335195,2.179165,2.004472,1.682231,2.086511,1.822363,2.434778
0.744297,0.071946,0.335599,0.381860,0.493722,0.651468,0.859627,0.282830,0.613656,0.972319,2.956283,1.946847,1.766244,2.809818,2.661210,1.613081,3.517078,3.185663,1.805226,2.017305
0.881581,0.967575,0.675913,0.380237,0.807267,0.172248,0.242152,0.998582,0.940406,0.599418,2.554691,3.598791,3.985170,2.086055,3.020386,3.510152,2.676558,2.251746,3.122813,3.682491
0.817488,0.222380,0.754275,0.981004,0.150028,0.346751,0.469716,0.838277,0.999914,0.317693,2.432939,2.108740,3.467080,2.164276,3.339542,4.400729,1.953818,1.510026,3.432300,2.532018
0.766609,0.221376,0.600014,0.882252,0.933244,0.091291,0.391328,0.208441,0.569205,0.434560,2.208759,2.207935,2.360310,2.748034,2.295462,2.435151,2.733141,1.235887,3.074183,1.807049
0.343135,0.818014,0.891003,0.093183,0.621426,0.751208,0.906393,0.732586,0.728438,0.212641,2.465085,3.117834,2.572521,2.056071,3.107670,2.710054,2.475994,3.167046,2.468266,2.716150
0.958103,0.646909,0.962130,0.719578,0.475089,0.790684,0.823540,0.845447,0.829567,0.664506,3.568073,2.897287,3.128998,2.682185,4.248133,3.523097,2.937336,2.962698,3.309520,3.424986
0.512910,0.359189,0.247627,0.467685,0.017684,0.634259,0.146084,0.670737,0.906622,0.369559,1.786535,1.576857,2.374093,1.510219,2.106743,2.475437,1.534993,1.785046,2.158807,2.141989
0.165294,0.727616,0.459576,0.642147,0.342388,0.968355,0.553645,0.158853,0.346284,0.487855,2.371916,2.100821,2.144491,2.719422,1.722684,1.763979,1.508874,2.724130,1.870822,2.450695
0.551418,0.340764,0.339752,0.657622,0.910943,0.131685,0.183833,0.675428,0.646155,0.802967,2.184868,2.296682,2.326312,2.761404,1.782339,2.254674,2.803158,1.669729,2.700976,2.019360
0.921732,0.666220,0.402107,0.185861,0.968246,0.544390,0.729200,0.463641,0.159442,0.440691,2.256837,3.151622,1.535896,2.201843,2.563860,1.624136,3.284690,2.413696,2.189025,2.696761
0.377310,0.269378,0.584078,0.276244,0.689988,0.691171,0.806905,0.887347,0.697268,0.154333,1.950346,2.804809,2.413101,2.097050,2.463183,2.628917,2.379332,2.289674,2.187957,2.277471
0.137988,0.197208,0.003683,0.192005,0.067425,0.777554,0.662092,0.116716,0.852525,0.164335,1.507970,1.702594,1.897245,1.575122,2.391518,1.552619,1.433503,2.107413,1.724786,1.508956
0.494250,0.892244,0.020113,0.763437,0.892790,0.573682,0.176099,0.711742,0.353290,0.857063,2.232529,2.968076,2.903060,3.204004,1.421650,1.987227,2.836358,2.914814,2.576097,2.774653
0.816881,0.631914,0.451865,0.591462,0.964347,0.874545,0.898667,0.678471,0.305153,0.793900,3.106404,3.475134,2.119210,3.380302,2.578576,2.127768,3.869863,3.396876,2.622361,3.183062
0.865863,0.324328,0.033892,0.043053,0.752385,0.660706,0.784242,0.901300,0.298503,0.259410,2.075028,2.942043,1.994371,2.047186,2.522500,1.854252,2.918810,2.252759,1.617114,2.875694
0.774301,0.447645,0.112951,0.178680,0.078294,0.683550,0.637340,0.220697,0.720351,0.380550,2.060484,1.848513,1.844352,1.450576,2.620633,1.436625,2.060292,2.163798,1.455514,2.128255
0.599050,0.954084,0.318873,0.488383,0.363644,0.983504,0.139742,0.286368,0.805435,0.388533,2.695014,2.090988,2.919157,2.576274,2.013782,1.938212,1.756804,2.919297,2.073887,3.449341
0.466951,0.205543,0.115041,0.565546,0.265225,0.340859,0.174849,0.579149,0.581328,0.553144,1.662929,1.416300,2.022356,1.718287,1.614781,1.745545,1.636258,1.482069,1.751618,1.819376
0.473140,0.078833,0.643525,0.122163,0.700109,0.455075,0.948156,0.919014,0.097465,0.062646,1.930398,2.970807,1.826206,1.809291,2.235073,2.490025,2.815701,2.313698,1.878906,2.186253
0.028944,0.647265,0.367663,0.530841,0.438539,0.839530,0.658790,0.143086,0.767964,0.567444,1.843591,2.117657,2.321348,2.415720,2.266855,1.885550,1.610857,2.648079,2.120683,1.911855
0.223854,0.294057,0.538298,0.400434,0.761258,0.226548,0.952542,0.964979,0.935405,0.310145,1.546086,3.273421,2.988283,1.942485,2.922707,3.299286,2.676897,2.186547,2.901523,2.043150
0.974477,0.861454,0.891875,0.529375,0.649326,0.738728,0.440660,0.712694,0.910790,0.847844,3.677191,2.722529,3.088309,2.849431,3.828295,3.236292,2.998399,3.083128,3.348567,3.599396
0.402601,0.501211,0.164450,0.818248,0.363544,0.750751,0.124911,0.149011,0.796047,0.288068,1.771225,1.396900,2.591981,2.463104,1.824590,2.136061,1.543600,2.010799,2.356424,1.754684
0.030313,0.639708,0.462453,0.883710,0.940437,0.558861,0.898324,0.067415,0.518644,0.268670,1.361117,3.090057,2.561393,2.901136,2.213081,2.229481,2.644880,2.698233,2.939389,1.427666
0.846560,0.887932,0.538643,0.741595,0.774041,0.900758,0.090796,0.048698,0.170738,0.776610,3.263401,2.238303,2.420773,3.418605,1.810826,1.949715,2.810206,3.053687,2.497865,3.123740
0.707224,0.322016,0.028168,0.649442,0.084582,0.961807,0.023731,0.458422,0.041412,0.793905,3.064164,1.223815,1.540742,2.793358,1.379176,1.512240,2.111651,2.462774,1.656622,2.847739
0.922432,0.669678,0.405528,0.642469,0.788428,0.922259,0.687674,0.511065,0.037695,0.422955,2.886002,2.656035,1.819009,3.017634,2.501019,1.931906,2.901250,2.727927,2.330779,3.385729
0.261304,0.268938,0.176627,0.284413,0.123757,0.237489,0.920622,0.012521,0.283078,0.089402,1.296397,1.993186,1.383421,1.218107,2.019570,1.206212,2.056952,2.090149,1.311661,1.103433
0.791648,0.867976,0.058591,0.974274,0.491784,0.145111,0.551930,0.385862,0.348576,0.233958,1.808330,2.421255,2.973871,2.447045,2.169578,2.147033,2.204628,2.069622,2.231090,2.666930
0.951607,0.568344,0.508817,0.756391,0.426515,0.809901,0.190153,0.972428,0.455177,0.738243,3.043104,2.465803,3.105076,2.826917,2.326100,2.930111,2.437426,2.436820,2.112962,3.491824
0.087755,0.349225,0.808949,0.232791,0.908535,0.211798,0.083725,0.219443,0.783430,0.203677,1.752616,1.897596,1.882531,1.973949,2.126401,2.246423,1.915500,1.336064,2.964306,1.271747
0.708893,0.571969,0.382337,0.677736,0.373449,0.459125,0.120431,0.215902,0.450672,0.977375,2.833158,1.477094,2.099290,2.842082,1.701144,1.781505,2.762628,2.700545,1.914343,1.949984
0.027286,0.013973,0.487344,0.486876,0.386995,0.607494,0.142371,0.245519,0.307519,0.506470,1.530902,1.179796,1.548204,1.914036,1.293368,1.671979,1.245735,1.676373,1.761330,1.382463
0.601999,0.866500,0.830192,0.156689,0.598917,0.526581,0.314522,0.504036,0.246199,0.630934,2.619266,2.322061,1.985880,1.927949,2.068323,2.091764,2.150280,2.466982,2.091247,2.593913
0.802251,0.263355,0.192915,0.777996,0.487572,0.654951,0.248722,0.397861,0.800587,0.339015,2.062438,1.437570,2.449187,2.387006,2.407380,2.232916,2.068573,1.752902,2.433705,2.243740
0.628360,0.064023,0.110706,0.203218,0.502224,0.471345,0.518052,0.695500,0.368070,0.010568,1.689974,1.922197,1.643614,1.648238,1.901776,1.621171,2.019622,1.614478,1.475157,2.139955
0.078944,0.168048,0.366186,0.261508,0.989583,0.931787,0.957883,0.956792,0.086080,0.006023,1.966854,3.820998,1.997263,2.866972,1.983766,2.299576,2.937115,2.838924,2.289940,2.721588
0.272192,0.101549,0.944508,0.988456,0.145299,0.177669,0.813457,0.581069,0.943649,0.034072,2.165324,2.020407,3.035743,2.127954,3.519933,4.040859,1.831580,1.726257,3.645104,1.657201
0.337860,0.835231,0.147941,0.101913,0.064001,0.103999,0.726297,0.569951,0.886345,0.289991,1.384251,2.609070,2.584921,1.082584,2.550949,2.091021,1.732155,2.191809,1.726425,2.266884
0.664445,0.606545,0.324313,0.279405,0.287601,0.037050,0.523058,0.413656,0.024852,0.313837,1.800537,1.968577,1.355344,1.375420,1.828082,1.517237,1.899964,1.557750,1.396230,2.078291
0.861273,0.954025,0.867251,0.504639,0.260656,0.408186,0.802181,0.498489,0.950505,0.753941,3.069718,2.840831,3.135232,1.906437,3.910216,3.060494,2.768523,3.157658,3.041100,3.136360
0.505465,0.161355,0.106671,0.405151,0.346096,0.064282,0.707207,0.118876,0.616988,0.249299,1.532354,1.749270,1.785536,1.514372,2.217153,1.332219,1.982813,1.447884,1.671060,1.378588
0.835264,0.756553,0.710533,0.605207,0.377238,0.347592,0.515846,0.175554,0.220889,0.093291,2.355530,2.113881,2.021146,1.785586,2.402253,1.965405,2.114913,2.057306,2.108614,2.320848
0.929951,0.394920,0.043655,0.255642,0.795627,0.618758,0.695724,0.051569,0.440536,0.934191,2.893721,2.252541,1.567489,2.859507,2.694030,1.100686,3.661355,2.873102,1.926412,2.124553
0.849670,0.193612,0.529630,0.744875,0.808736,0.485949,0.815384,0.020954,0.717362,0.655826,2.468018,2.280666,2.279459,2.663322,3.022087,2.208176,3.230826,2.250536,2.812316,1.805916
0.779615,0.548899,0.673498,0.597336,0.293853,0.959573,0.265723,0.979526,0.820037,0.781331,3.558036,2.514298,3.262811,2.906902,2.617785,3.298308,2.257410,2.652309,2.441387,3.600538
0.559778,0.469397,0.077260,0.764090,0.695517,0.988802,0.903395,0.233011,0.949442,0.620739,2.760884,2.370387,2.639647,3.394601,2.980277,2.390249,2.929271,3.094885,3.060887,2.605742
0.991196,0.594682,0.603388,0.124947,0.222886,0.478668,0.773535,0.098880,0.147970,0.184164,2.414016,2.130616,1.373985,1.349322,2.901802,1.615595,2.504874,2.296314,1.394784,2.344155
0.343056,0.151243,0.180172,0.286053,0.503762,0.003266,0.221386,0.572970,0.486127,0.441175,1.461386,1.496766,1.679190,1.623472,1.499133,1.587720,1.645566,1.074874,1.601526,1.694116
0.465025,0.459940,0.907074,0.487365,0.028945,0.685491,0.308442,0.181778,0.346815,0.698626,2.849596,1.525994,1.682729,1.826800,2.206255,2.070346,1.733427,2.164600,2.248995,1.716129
0.176403,0.912149,0.123199,0.328240,0.781673,0.102545,0.944926,0.710652,0.241246,0.017139,1.191697,3.509176,2.362961,1.890493,2.008845,1.666977,2.631127,2.778271,1.944510,2.500802
0.420848,0.937719,0.562804,0.624437,0.049792,0.819869,0.173742,0.498326,0.924991,0.695512,2.525873,2.176813,3.201130,2.224818,2.204216,2.786678,1.662572,2.938431,2.537247,2.951823
0.168352,0.726696,0.068070,0.903855,0.841027,0.144318,0.247074,0.952594,0.455582,0.346772,1.215119,3.139891,3.479735,2.675448,1.459422,2.756994,1.905222,1.701947,2.654577,2.365129
0.289839,0.299724,0.230852,0.378838,0.556759,0.101806,0.567109,0.063878,0.945610,0.628395,1.591380,1.753292,2.116071,1.857262,2.488476,2.088859,1.938139,1.529960,2.500677,1.174918
0.705621,0.733345,0.302702,0.578427,0.478328,0.906306,0.837850,0.731577,0.525155,0.484643,2.585763,2.819537,2.540566,2.612504,2.473363,2.107494,2.577751,3.087433,1.911020,3.298548
0.360659,0.726202,0.053696,0.445135,0.248269,0.097632,0.224670,0.371923,0.374404,0.772981,1.825489,1.807285,1.974660,1.804351,1.411769,1.299874,1.790643,1.993346,1.526578,1.885065
0.068241,0.534728,0.633700,0.167257,0.421355,0.189502,0.200956,0.615054,0.322765,0.137545,1.473709,1.751080,1.646741,1.456493,1.466715,2.027523,1.254255,1.483910,1.610128,1.773897
0.170526,0.932290,0.498533,0.343600,0.970744,0.081327,0.306913,0.840656,0.133573,0.638936,1.679943,3.658182,2.561375,2.256001,1.391483,2.246120,2.308438,2.146060,2.410164,2.680092
0.572733,0.839715,0.433884,0.585468,0.630097,0.459240,0.941996,0.795409,0.685131,0.208771,1.814568,3.307979,3.020282,2.071624,2.634711,2.487583,2.807542,3.002148,2.284512,2.760012
0.858147,0.888780,0.657285,0.007716,0.086546,0.766586,0.644920,0.670106,0.713748,0.705506,2.986665,2.735812,2.617520,1.784837,2.972955,2.365854,2.381617,3.072496,1.558695,3.453933
0.885441,0.280683,0.708924,0.182231,0.015679,0.774196,0.024404,0.663404,0.489490,0.219569,2.757855,1.395154,1.738504,1.515249,2.210774,2.212489,1.888025,1.855318,1.596171,2.828778
0.726355,0.204294,0.981187,0.828028,0.611380,0.398477,0.316851,0.161945,0.553008,0.449377,2.805043,1.502550,2.247853,2.401062,2.932733,2.668659,2.172731,1.512803,3.239955,1.723275
0.623919,0.306154,0.157657,0.974193,0.414205,0.957313,0.090364,0.523247,0.839090,0.021457,2.488662,1.356788,2.891797,3.240584,2.037931,2.851722,1.796223,2.051782,2.645395,2.781096
0.800933,0.637597,0.176431,0.678446,0.996654,0.748301,0.748166,0.494611,0.858828,0.142100,2.148480,3.262381,2.638168,2.876365,3.000514,2.277384,3.213448,2.574026,3.221289,2.708857
0.689150,0.829041,0.912231,0.879583,0.495007,0.300672,0.437107,0.605740,0.171340,0.048866,2.529605,2.406716,2.649446,2.295862,2.486260,2.960519,2.017703,2.071502,2.884604,2.658648
0.968648,0.416423,0.658637,0.171783,0.665745,0.427251,0.763177,0.434759,0.788686,0.323774,2.469714,2.215202,1.926134,1.784235,3.482249,2.239638,2.867357,2.056152,2.287633,2.478572
0.614108,0.086323,0.754081,0.322586,0.954645,0.963751,0.666738,0.708448,0.947188,0.893303,3.758293,2.860311,2.303795,3.590643,3.118850,3.094454,3.458636,2.904384,3.467637,2.948919
0.061674,0.628119,0.218393,0.750572,0.487302,0.024898,0.691885,0.137878,0.871627,0.400783,1.173747,2.145429,2.683162,2.076477,2.454128,2.237441,1.656147,1.776442,2.575648,1.389496
0.095772,0.491103,0.630193,0.160914,0.522710,0.147299,0.079830,0.078107,0.975990,0.393863,1.554485,1.396141,2.120365,1.575864,2.190987,2.547823,1.393572,1.413054,2.591779,1.206196
0.187653,0.378775,0.720847,0.986830,0.330702,0.633110,0.860305,0.029515,0.835897,0.996916,2.858714,2.015762,2.864073,3.546023,2.835643,3.170940,2.921471,3.401035,2.958975,1.279736
0.239796,0.034779,0.334484,0.322407,0.117668,0.554563,0.493447,0.001542,0.235838,0.526269,1.592012,1.494848,1.339827,1.468871,1.575372,1.371093,1.450498,1.752628,1.376769,1.153668
0.360085,0.323363,0.344250,0.995069,0.609520,0.788642,0.316432,0.884602,0.528089,0.166107,1.870005,2.251238,3.164401,3.090943,1.656043,3.189822,1.764044,1.925651,2.485152,2.434904
0.107248,0.189276,0.651353,0.202967,0.135146,0.664679,0.614339,0.282147,0.971488,0.411667,1.796461,1.672959,2.025802,1.498716,2.739359,2.630059,1.386092,1.961084,2.388312,1.495617
0.945765,0.560089,0.012290,0.249547,0.275707,0.463769,0.123107,0.325421,0.626578,0.136325,1.994710,1.477047,1.875766,1.438075,2.361667,1.287864,2.023991,1.779680,1.479698,2.441854
0.504411,0.912572,0.359011,0.186757,0.448201,0.972751,0.619106,0.174341,0.302791,0.259615,2.546178,2.497546,2.098571,2.408083,1.855738,1.404326,1.947136,3.047380,1.442319,3.084129
0.585208,0.343321,0.057711,0.629660,0.617006,0.082410,0.702915,0.146261,0.633382,0.619358,1.826174,1.968843,2.070779,2.161191,2.304514,1.489686,2.460360,1.694734,2.171489,1.529243
0.020616,0.118332,0.670553,0.964958,0.432309,0.570713,0.575120,0.603844,0.031883,0.296351,1.602373,1.844229,2.097638,2.557056,1.778323,2.933697,1.405448,1.782658,2.453358,1.712016
0.192002,0.814547,0.518956,0.842063,0.345577,0.015384,0.654582,0.962987,0.305999,0.000429,1.461318,3.225352,3.415478,2.054650,1.827827,3.052150,1.591899,1.959344,2.110017,2.540293
0.798772,0.596555,0.067807,0.327041,0.865373,0.617094,0.268537,0.125431,0.860822,0.318078,1.980563,2.187195,2.180326,2.217558,2.519218,1.667622,2.577243,2.002573,2.625327,2.120780
0.844169,0.917282,0.229722,0.091886,0.318234,0.078624,0.423943,0.565691,0.878714,0.690302,2.225919,2.456631,2.761368,1.554231,2.800439,2.146702,2.248704,2.223292,1.801480,3.050157
0.754639,0.286193,0.170612,0.146892,0.539069,0.063588,0.075045,0.350343,0.714026,0.820614,2.336370,1.284399,1.774110,2.014380,2.015478,1.556452,2.499134,1.599394,1.702384,1.943280
0.281261,0.178692,0.700663,0.536954,0.137158,0.187785,0.302469,0.842435,0.350959,0.808389,2.301709,1.932628,2.148655,1.859151,1.688902,2.580346,1.754797,1.674440,1.914913,1.928492
0.575903,0.684889,0.266379,0.210472,0.128791,0.496631,0.495946,0.900976,0.555602,0.563712,1.886825,2.696668,2.580114,1.396559,2.000681,2.182752,1.815453,2.188667,1.341252,2.614735
0.448942,0.792176,0.443252,0.581787,0.490671,0.818972,0.767658,0.183682,0.702559,0.576219,2.286594,2.459363,2.539298,2.488687,2.390333,1.917542,2.252323,3.009138,2.153263,2.332214
0.894722,0.937272,0.395551,0.362202,0.594236,0.073202,0.738616,0.364046,0.676405,0.083690,2.051797,2.790032,2.648531,1.725867,2.936868,1.784925,2.650842,2.354684,1.986534,2.987973
0.353309,0.365763,0.736947,0.790900,0.525530,0.737402,0.839514,0.441628,0.977553,0.864548,2.838276,2.135706,2.690048,3.110695,3.134175,3.339900,2.779839,3.021531,3.380503,1.911064
0.652814,0.615281,0.690960,0.699613,0.844731,0.732674,0.181259,0.155411,0.368498,0.069197,2.418737,2.072765,2.091467,2.727520,1.823192,2.075983,2.372362,2.117222,2.761504,2.102670
0.950274,0.271813,0.372835,0.764192,0.141762,0.640670,0.477992,0.824120,0.325544,0.701378,2.602785,2.112000,2.390893,2.230715,2.461412,2.509521,2.321577,2.065758,1.847346,2.915699
0.959734,0.033436,0.481062,0.349467,0.294774,0.216337,0.389159,0.039358,0.939632,0.162146,2.197608,1.397888,2.061799,1.427717,3.209624,2.304817,2.106253,1.277082,2.327213,1.962675
0.019923,0.846455,0.197509,0.589824,0.258673,0.655783,0.857239,0.204536,0.201456,0.235552,1.256947,2.586760,2.157572,1.891665,1.899353,1.446187,1.719864,3.005298,1.666088,1.996351
0.224881,0.764688,0.582395,0.549857,0.967289,0.300895,0.984809,0.701204,0.122650,0.252228,1.588308,3.789765,2.113899,2.300921,2.126270,2.240553,3.119691,2.844805,2.683269,2.207122
0.405030,0.851315,0.368117,0.698523,0.111373,0.406551,0.529781,0.437863,0.772868,0.639760,1.829709,2.338620,2.914539,1.834024,2.211914,2.257470,1.733648,2.447501,2.117607,2.246210
0.733292,0.512133,0.572418,0.219545,0.793858,0.069803,0.527687,0.979436,0.533005,0.253632,2.077295,3.126700,2.635774,1.846536,2.313448,2.623005,2.514577,1.483158,2.118025,2.651500
0.165746,0.836151,0.380690,0.194815,0.350474,0.733444,0.273555,0.850816,0.111396,0.420943,1.674639,2.603686,2.257955,1.814373,1.311521,2.112125,1.340447,2.484460,1.372973,2.752260
0.093044,0.652076,0.461942,0.733164,0.877704,0.861719,0.170268,0.104129,0.791216,0.579740,2.052680,2.190062,2.606128,3.168074,1.842632,2.258786,1.981307,2.404822,2.994007,1.941447
0.319352,0.938869,0.118214,0.614265,0.872883,0.845687,0.620379,0.002745,0.582884,0.562482,2.022780,3.082384,2.787795,2.955129,1.992897,1.465430,2.420142,3.066027,2.493275,2.443812
0.180268,0.495518,0.388755,0.137973,0.409477,0.504335,0.498875,0.763942,0.973307,0.443366,1.483248,2.218369,2.454610,1.595434,2.474900,2.872418,1.510739,1.912672,2.261826,1.982803
0.279443,0.093559,0.230170,0.239480,0.423857,0.340777,0.354427,0.229216,0.645867,0.219774,1.356522,1.407499,1.706797,1.523114,1.796199,1.470454,1.505953,1.396386,1.605337,1.321609
0.518763,0.620030,0.854184,0.374156,0.036052,0.755064,0.907819,0.742355,0.244575,0.971508,3.490368,2.701362,1.926631,2.497333,2.639603,2.461232,3.159038,3.778475,2.002272,2.574871
0.103687,0.092146,0.521343,0.788113,0.142109,0.069528,0.091639,0.418622,0.555284,0.315312,1.406857,1.173899,2.207899,1.773451,1.474968,2.281176,1.134536,1.088673,2.045082,1.430179
0.190833,0.480164,0.122788,0.156168,0.181482,0.088172,0.849255,0.179111,0.643790,0.223562,1.217144,2.086644,1.779913,1.209054,2.270898,1.330460,1.838779,1.933740,1.362736,1.326294
0.311180,0.258792,0.788464,0.071804,0.802469,0.929937,0.229855,0.295805,0.192940,0.478143,2.790017,1.737392,1.223084,2.664085,1.683693,1.877720,2.019548,2.061322,2.207315,2.157818
0.642485,0.561068,0.227339,0.428806,0.076184,0.254182,0.245253,0.731672,0.300744,0.533434,1.850132,1.951780,1.947833,1.357451,1.603581,1.849710,1.744011,1.664700,1.454540,2.325256
0.422292,0.761908,0.636295,0.375267,0.296893,0.074263,0.087601,0.615947,0.637279,0.319834,1.859910,1.909559,2.364332,1.448591,1.732953,2.233470,1.521573,1.665903,1.885966,2.236599
0.936874,0.301010,0.013733,0.166605,0.750558,0.720933,0.990219,0.605608,0.281536,0.492873,2.326927,2.620289,1.471081,2.212028,2.891807,1.391401,3.530167,2.841494,1.736228,2.780748
0.395430,0.276954,0.136052,0.610407,0.754317,0.647505,0.625191,0.954288,0.530157,0.113614,1.591188,2.894687,2.753310,2.398556,1.968432,2.353152,2.208956,1.968740,2.260919,2.307678
0.058470,0.559646,0.535784,0.976515,0.661436,0.054798,0.556242,0.624820,0.339202,0.628547,1.593865,2.304779,2.620480,2.771265,1.753906,2.870611,1.824153,1.696187,2.581055,1.803531
0.210142,0.879659,0.866501,0.211142,0.706666,0.979439,0.822848,0.930164,0.678702,0.629330,3.130475,3.650809,3.152543,2.847685,2.856500,2.953304,2.423514,3.467234,2.573295,3.575263
0.337702,0.964036,0.577504,0.009280,0.673922,0.012648,0.484859,0.911076,0.479476,0.853190,2.292276,3.376743,3.064503,2.203896,1.864498,2.460418,2.435743,2.585883,1.708908,2.921060
0.821297,0.960169,0.552066,0.653043,0.210592,0.769092,0.468648,0.154282,0.384437,0.089572,2.476666,2.396212,2.696674,2.092042,2.263317,1.876212,1.968640,2.794011,1.887492,3.063889
0.769639,0.276854,0.197171,0.563680,0.702217,0.526562,0.469623,0.779126,0.349219,0.625497,2.130116,2.262384,2.056667,2.319024,2.048978,1.998181,2.519394,1.859857,2.079326,2.469567
0.012825,0.608429,0.086330,0.193069,0.268897,0.558345,0.301570,0.727744,0.408812,0.502183,1.244110,2.062406,1.951808,1.543835,1.468755,1.651070,1.176155,2.019556,1.293950,2.050329
0.116651,0.830509,0.642970,0.329431,0.924784,0.250736,0.196618,0.340355,0.540017,0.958568,2.414797,2.657201,2.234801,2.893363,1.660731,1.879603,2.823768,2.792373,2.535508,1.930755
0.840933,0.737964,0.090301,0.421050,0.393355,0.703092,0.085398,0.802432,0.000374,0.081512,2.094000,2.170613,1.994149,1.918247,1.680147,1.808843,1.996328,2.248350,1.576514,3.155860
0.454743,0.591821,0.799958,0.537535,0.097903,0.739008,0.392402,0.802688,0.329219,0.637681,2.652242,2.259924,2.240583,1.955798,2.004339,2.611331,1.690104,2.315036,2.070787,2.515027
0.118169,0.239920,0.143816,0.610962,0.247845,0.799499,0.103593,0.368316,0.979927,0.462890,1.646610,1.214893,2.385415,2.178070,2.065929,2.429623,1.226618,1.904083,2.597458,1.804665
0.212802,0.136659,0.916881,0.376904,0.210476,0.469369,0.261140,0.834086,0.639089,0.669360,2.401910,1.862052,2.267696,1.656681,2.385937,2.832941,1.475653,1.706596,2.358817,1.930459
0.311196,0.012455,0.663792,0.292820,0.365131,0.905538,0.944788,0.539781,0.819697,0.717035,2.792868,2.119989,1.990334,2.457752,2.840973,2.431716,2.552195,3.013371,2.170073,2.309023
0.560234,0.946911,0.116960,0.852786,0.353150,0.169224,0.261550,0.762251,0.602572,0.401714,1.639560,2.616631,3.516445,2.111282,1.800666,2.450005,1.728883,2.109798,2.110938,2.925970
0.285827,0.477848,0.294852,0.895908,0.487304,0.824350,0.992975,0.312240,0.277194,0.172109,1.839656,2.308145,2.198462,2.851023,2.100721,2.117353,2.503243,3.032639,2.164911,1.964841
0.915581,0.332099,0.587105,0.981914,0.177384,0.642605,0.498245,0.445299,0.133259,0.047848,2.430903,1.697824,2.173361,2.406903,2.402336,2.732429,2.070740,1.876588,2.216065,2.490734
0.452943,0.190194,0.585930,0.678366,0.654880,0.298833,0.019560,0.986450,0.051448,0.181633,1.810224,2.199559,2.465399,2.142835,1.232996,2.871191,1.882906,1.336102,2.308399,2.206461
0.832657,0.809618,0.772864,0.692106,0.459341,0.645722,0.934373,0.720446,0.862024,0.363335,2.651795,3.008315,3.141130,2.225018,3.611544,3.175610,2.876835,3.134387,2.916923,3.118307
0.878050,0.042581,0.070023,0.736195,0.814848,0.978671,0.581263,0.026320,0.373716,0.536965,2.955150,2.023960,1.915776,3.377333,2.397901,1.489227,2.821551,2.260008,2.420022,2.714742
0.768885,0.680765,0.264129,0.814658,0.777971,0.425813,0.131420,0.041845,0.263843,0.439953,1.956682,1.961249,2.243007,2.556311,1.660453,1.811388,2.413860,1.928989,2.443170,1.981399
0.805691,0.530447,0.839267,0.147381,0.445404,0.512129,0.543363,0.296897,0.766901,0.286739,2.602425,1.890264,1.945646,1.608205,3.150641,2.276522,2.171260,1.960687,2.282826,2.164077
0.081113,0.354628,0.912296,0.821136,0.020421,0.905565,0.437148,0.308661,0.351257,0.999182,3.583421,1.592316,2.079196,3.434022,2.253760,2.576452,2.161799,3.111595,2.596065,2.032317
0.139931,0.381322,0.257649,0.265095,0.322334,0.491337,0.399458,0.962918,0.904630,0.313393,1.295374,2.448487,2.890072,1.520871,2.224961,2.873196,1.317217,1.710130,2.055804,2.096225
0.411568,0.379728,0.285590,0.039852,0.608382,0.071149,0.508916,0.552360,0.691161,0.478918,1.603001,1.958631,1.840591,1.662938,2.062987,1.818956,1.966112,1.399756,1.661475,1.776529
0.098642,0.266396,0.177679,0.202492,0.941280,0.254476,0.701222,0.256613,0.210866,0.713359,1.497420,2.574097,1.275111,2.257722,1.747643,1.253809,2.588409,1.929202,2.096087,1.289443
0.016496,0.413956,0.519034,0.681046,0.353683,0.632610,0.762702,0.121614,0.587362,0.681697,1.762841,1.951508,2.122339,2.286630,2.180275,1.968730,1.801219,2.463601,2.064984,1.352978
0.905769,0.389363,0.186390,0.962339,0.340111,0.320148,0.059820,0.848042,0.845931,0.874504,2.619799,1.834694,3.348268,2.883875,2.519734,3.308866,2.606512,2.056819,2.596572,2.737992
0.465080,0.136427,0.236880,0.011369,0.265451,0.886771,0.238697,0.594181,0.962769,0.424601,2.216108,1.472051,2.090083,1.995407,2.269367,2.449122,1.581647,1.951486,1.954315,2.431386
0.431498,0.441852,0.315019,0.238646,0.764635,0.142822,0.943351,0.624799,0.904763,0.071066,1.531510,2.724325,2.200371,1.824526,2.852136,2.389085,2.855688,2.177579,2.524674,1.897670
0.589160,0.077568,0.275495,0.838965,0.376996,0.773674,0.733124,0.064212,0.138844,0.237356,2.036718,1.759605,1.843191,2.547132,1.962665,1.870506,2.128492,2.176897,2.002372,1.770076
0.879700,0.299988,0.373017,0.753549,0.628425,0.944844,0.860534,0.308936,0.949777,0.776169,3.283402,2.135972,2.553718,3.402682,3.462746,2.710092,3.274791,3.035010,3.014110,2.906772
0.465254,0.775453,0.020664,0.456050,0.901554,0.324526,0.989510,0.400766,0.650735,0.004711,1.476773,3.315849,2.350814,2.143714,2.513676,1.455443,3.246912,2.894712,2.448174,2.094620
0.565713,0.466839,0.911830,0.337356,0.603760,0.726826,0.580255,0.693644,0.526641,0.686882,3.000300,2.264815,1.973690,2.324136,2.729935,2.508290,2.348211,2.362736,2.536933,2.394493
0.136737,0.003740,0.726635,0.778704,0.465800,0.085304,0.883791,0.138707,0.775279,0.767799,2.117416,1.933550,2.382030,2.420329,2.766188,2.579336,2.391552,2.123164,2.740606,1.157457
0.688446,0.527064,0.207511,0.294812,0.883521,0.850144,0.941913,0.257140,0.118282,0.508441,2.385306,2.846063,1.355985,2.651702,2.284053,1.299451,3.371550,3.030435,2.084553,2.399876
0.851220,0.103792,0.675852,0.684307,0.338257,0.681264,0.574233,0.394433,0.716406,0.644117,2.790638,1.659462,2.210005,2.294853,2.912887,2.415286,2.327118,2.053517,2.370850,2.335534
0.385502,0.367290,0.640164,0.693178,0.185742,0.866073,0.609457,0.098729,0.050243,0.986445,3.317820,1.746511,1.580382,3.262735,1.837216,1.982987,2.593249,3.174221,1.990030,1.859513
0.372213,0.239390,0.854189,0.827215,0.261998,0.505582,0.072013,0.095731,0.521642,0.103302,2.168293,1.134910,2.219729,2.075629,1.928064,2.503447,1.441344,1.563377,2.593151,1.313331
0.361744,0.692508,0.917777,0.964827,0.164851,0.381918,0.515261,0.019706,0.723084,0.725708,2.607530,1.995575,2.986080,2.428810,2.794944,3.089687,1.803080,2.275646,3.038433,1.503946
0.212810,0.092851,0.542511,0.632978,0.386402,0.893418,0.826553,0.260044,0.282481,0.119000,2.145929,1.875052,1.688516,2.500385,2.002610,1.870111,1.927010,2.466933,1.948323,1.943248
0.902266,0.627707,0.756512,0.077554,0.728541,0.916873,0.764440,0.968855,0.368303,0.340439,3.220736,3.349620,2.502765,2.518764,2.962145,2.714059,2.893184,2.771037,2.059685,3.736969
0.528082,0.619616,0.935606,0.671127,0.467968,0.344629,0.153907,0.475257,0.271297,0.657627,2.701953,1.693135,2.010610,2.146343,2.141029,2.469176,1.937755,1.919231,2.714529,2.006119
0.226506,0.822172,0.281017,0.110691,0.123935,0.092554,0.324221,0.746157,0.612459,0.537254,1.460624,2.415845,2.490442,1.220294,1.717184,1.979827,1.359262,1.885916,1.288947,2.353295
0.200687,0.461361,0.764053,0.530521,0.379646,0.961916,0.287538,0.310867,0.875021,0.810808,3.173645,1.551208,2.264015,2.983330,2.402079,2.596247,1.800777,2.630730,2.706928,2.305494
0.010985,0.383787,0.968878,0.983315,0.756286,0.150753,0.366779,0.200695,0.108706,0.383967,2.006835,1.849303,2.133767,2.748357,2.259802,2.960073,1.654031,1.369123,3.464935,1.257861
0.415724,0.128618,0.473619,0.604989,0.698938,0.016641,0.867759,0.200922,0.298228,0.947616,2.490976,2.131059,1.667998,2.871316,2.078865,1.743332,3.364028,2.492974,2.207653,1.375876
0.943037,0.964314,0.513373,0.734759,0.672977,0.534830,0.070845,0.212779,0.097527,0.198824,2.296269,2.215497,2.536165,2.367394,1.988476,1.955414,2.397852,2.466650,2.323048,3.080636
0.216898,0.648098,0.729994,0.334397,0.889030,0.182289,0.540203,0.368421,0.716476,0.355789,1.795932,2.634934,2.118942,2.022933,2.347718,2.166637,2.180938,1.775986,2.777295,1.688791
0.464289,0.515978,0.429694,0.960236,0.311043,0.828529,0.155393,0.911050,0.423838,0.412067,2.190123,2.187168,3.172180,2.830679,1.469206,3.177364,1.593621,2.127346,2.168591,2.735212
0.830603,0.925330,0.845636,0.920507,0.526963,0.566306,0.583330,0.772020,0.867556,0.788185,3.138202,2.976814,3.862424,2.941845,3.420385,3.788113,2.692719,3.006968,3.369398,3.357073
0.807834,0.050007,0.913456,0.927415,0.439519,0.025398,0.262108,0.290882,0.435461,0.944483,3.484761,1.326538,2.302844,3.095383,2.675151,2.831695,2.814767,1.841655,2.918740,1.943604
0.444400,0.387017,0.678529,0.383196,0.645860,0.353906,0.056975,0.494907,0.025310,0.390986,1.980259,1.501978,1.290110,1.860395,1.357351,1.979731,1.885089,1.527242,2.112727,1.766055
0.300222,0.538528,0.884493,0.376894,0.381939,0.931464,0.943285,0.901280,0.419082,0.628990,3.084169,2.986694,2.377152,2.488670,2.758013,2.781183,2.441945,3.217321,2.245582,2.900366
0.983330,0.449714,0.917866,0.268697,0.215700,0.858143,0.299779,0.233168,0.037470,0.809137,3.897850,1.516863,1.203575,2.348478,2.961769,1.991634,2.485432,2.515962,2.088506,2.833356
0.843702,0.406759,0.894614,0.457040,0.124076,0.981340,0.341865,0.354249,0.875018,0.342112,3.611499,1.552010,2.166952,2.291718,3.348631,2.701806,1.912750,2.200445,2.774655,3.060805
0.114125,0.796904,0.465193,0.273152,0.097791,0.160220,0.097538,0.777521,0.918541,0.734799,1.727928,2.202729,2.864700,1.468039,1.989574,2.801973,1.416139,2.087728,2.095245,2.297284
0.257484,0.884385,0.341501,0.559874,0.593015,0.399386,0.083251,0.491972,0.733304,0.266526,1.418483,2.108133,2.797054,1.975226,1.651657,2.048193,1.614774,2.187146,2.240526,2.275423
0.966108,0.548198,0.336872,0.623278,0.694509,0.990746,0.466137,0.455750,0.935847,0.100319,3.044094,2.093976,2.532211,3.055580,3.256557,2.553751,2.549837,2.392652,2.910894,3.517354
0.362785,0.323357,0.033114,0.057968,0.516948,0.110662,0.040833,0.455933,0.938115,0.020985,1.364041,1.311585,2.018497,1.521664,1.968642,2.015689,1.630089,1.215290,2.099746,1.621506
0.796497,0.752144,0.425445,0.597542,0.522273,0.440234,0.350400,0.086689,0.104987,0.844609,2.617575,1.991175,1.887603,2.473537,1.899488,1.646437,2.621176,2.557866,1.947439,2.184161
0.401723,0.345762,0.000984,0.233631,0.325189,0.966223,0.878853,0.397630,0.861607,0.597624,2.486751,2.072456,1.982525,2.409384,2.686050,1.722953,2.313840,2.892144,1.890486,2.471931
0.013133,0.381128,0.213529,0.476136,0.138368,0.002531,0.618645,0.738815,0.921428,0.746528,1.474771,2.167549,2.501444,1.675661,2.469756,2.588170,1.579635,1.695146,2.225868,1.794349
0.668363,0.028902,0.642142,0.507022,0.000957,0.886056,0.985726,0.959426,0.212958,0.326107,2.731762,2.869710,2.317369,1.964975,2.499669,2.695036,2.637458,2.855985,1.773864,3.022532
0.908145,0.123670,0.597558,0.214764,0.988381,0.411314,0.761707,0.798105,0.849039,0.192798,2.301008,3.239699,2.302787,2.105472,3.359049,2.764084,3.328365,1.869931,2.924683,2.653345
0.938296,0.023542,0.396410,0.342179,0.603471,0.764609,0.560753,0.434639,0.308962,0.691694,2.768161,1.776041,1.461749,2.396475,2.506979,1.634498,2.707705,2.170394,1.777762,2.656841
0.936264,0.029091,0.212978,0.191992,0.764283,0.985936,0.115801,0.923574,0.946146,0.640761,3.189626,2.245652,2.710623,2.928115,2.833772,2.874415,2.690517,2.156907,2.587152,3.745112
0.052190,0.057050,0.212584,0.498300,0.531144,0.398533,0.449116,0.138926,0.681882,0.669864,1.423188,1.534641,1.930742,2.044093,1.916263,1.571804,1.626241,1.693724,2.006211,1.167062
0.591663,0.983744,0.329877,0.559092,0.406544,0.548465,0.897104,0.651993,0.980375,0.172563,1.796110,3.169332,3.425684,1.885001,3.077201,2.853514,2.479814,3.239090,2.684046,3.044568
0.584880,0.459696,0.655210,0.073037,0.753635,0.920722,0.657671,0.702756,0.742865,0.585973,2.934026,2.538643,2.089246,2.657391,2.593897,2.454003,2.555208,2.534405,2.226821,2.860627
0.677436,0.119627,0.945187,0.197926,0.289561,0.200561,0.600472,0.507214,0.275130,0.201780,2.580648,1.752302,1.382203,1.338461,2.785183,2.215937,1.979449,1.433039,2.131912,1.969463
0.634105,0.967210,0.734672,0.722392,0.346860,0.565462,0.485373,0.291002,0.679045,0.121812,2.277894,2.459986,3.112886,2.049734,2.492765,2.408950,1.868985,2.615525,2.451853,2.700149
0.049813,0.350716,0.790540,0.975154,0.922657,0.310187,0.047700,0.100998,0.853948,0.032783,1.684058,1.896436,2.848115,2.903427,2.167617,3.259810,1.901218,1.433298,3.852272,1.155875
0.838191,0.422776,0.423753,0.785355,0.466708,0.875387,0.187803,0.630036,0.065279,0.401493,2.669697,1.664076,1.915193,2.780287,1.813192,2.305109,2.088615,2.086735,2.079281,2.995387
0.923427,0.186064,0.896393,0.010943,0.228547,0.569695,0.670460,0.370244,0.013904,0.969568,3.743734,1.758561,1.039256,2.297278,3.103720,2.033475,3.160758,2.789412,1.783447,2.334738
0.833815,0.681145,0.556255,0.114663,0.621044,0.365688,0.398307,0.741557,0.354124,0.499213,2.285529,2.418814,1.985693,1.745202,2.199159,2.123396,2.344809,1.954945,1.688201,2.770711
0.661189,0.749806,0.664204,0.671427,0.664023,0.921036,0.563625,0.285047,0.836846,0.067558,2.822290,2.343411,2.715810,2.896181,2.747616,2.538580,2.281185,2.662315,2.895814,2.863392
0.584154,0.411357,0.071397,0.110640,0.125964,0.160998,0.710107,0.623876,0.577063,0.107574,1.591168,2.122399,1.810405,1.142512,2.242469,1.572863,1.958227,1.688419,1.237761,2.035391
0.803631,0.760086,0.408348,0.759675,0.372049,0.399497,0.227311,0.397252,0.140289,0.180154,2.001698,1.886892,2.181425,2.013967,1.793800,2.004958,1.954850,1.990027,1.966574,2.507672
0.520290,0.481877,0.028749,0.643507,0.157829,0.970409,0.504251,0.619149,0.904317,0.716885,2.776327,1.974425,2.577267,2.749876,2.462884,2.347351,1.937533,2.594947,2.337220,2.888532
0.604723,0.422814,0.695054,0.872980,0.418777,0.609238,0.418768,0.311453,0.249097,0.463102,2.324909,1.658508,2.096187,2.452997,1.935344,2.461199,1.899529,1.907443,2.387984,1.890498
0.908049,0.059460,0.955825,0.965472,0.653909,0.979976,0.587001,0.836044,0.643344,0.115159,3.745454,2.357744,3.064247,3.527342,3.584295,3.726050,2.538085,2.185950,3.437617,3.583084
0.754113,0.150179,0.675591,0.648961,0.346635,0.333550,0.301838,0.207451,0.152145,0.889349,2.926338,1.347757,1.578535,2.430484,1.962163,1.992473,2.527358,2.009193,2.078008,1.791903
0.167920,0.050981,0.892721,0.428626,0.985896,0.095866,0.127842,0.208032,0.155142,0.503643,2.092708,2.084211,1.340867,2.234839,1.791778,2.015325,2.206343,1.164896,3.112652,1.236446
0.547979,0.485060,0.469320,0.885252,0.941561,0.542622,0.686825,0.695774,0.071531,0.822746,2.411861,3.044881,2.203684,3.343211,1.905005,2.647195,3.216720,2.560110,2.875188,2.196876
0.073156,0.846072,0.019864,0.211264,0.576816,0.899883,0.023072,0.003974,0.050455,0.674478,2.036142,1.849610,1.700738,2.557116,1.026009,1.029315,1.612838,2.822686,1.543994,2.270734
0.281230,0.847063,0.388492,0.191709,0.554978,0.444067,0.184104,0.328223,0.012641,0.765766,1.920087,2.031844,1.668781,2.023161,1.229285,1.503269,1.939333,2.511686,1.558343,2.053982
0.515426,0.471125,0.802170,0.493779,0.381554,0.476733,0.445394,0.662973,0.144121,0.774041,2.674314,1.979946,1.685698,2.092688,2.017157,2.362526,2.108333,2.146014,2.155971,2.084861
0.054323,0.329874,0.771622,0.705859,0.309476,0.651480,0.776543,0.901199,0.605457,0.332668,1.866677,2.626450,2.799192,2.096465,2.497784,3.069846,1.630616,2.240815,2.395438,2.120183
0.389758,0.184570,0.174244,0.440934,0.056067,0.556441,0.912233,0.804465,0.272019,0.644280,1.783427,2.466930,1.891551,1.595084,2.046358,1.912611,2.324339,2.521945,1.454843,2.058533
0.813075,0.242340,0.113685,0.641342,0.848120,0.757814,0.309957,0.016531,0.962832,0.807579,2.682488,1.886093,2.388384,3.119981,2.774686,2.237170,2.987504,2.271664,3.221533,2.021653
0.558714,0.580992,0.132374,0.969249,0.236457,0.580715,0.103991,0.279607,0.690325,0.750570,2.112798,1.466529,2.831995,2.689103,1.755255,2.348206,1.933119,2.236760,2.254578,1.901608
0.807717,0.230490,0.502016,0.753581,0.979255,0.509042,0.373905,0.119013,0.296833,0.332035,2.163488,2.348283,1.877164,2.691199,2.052488,1.951891,2.831085,1.626596,2.846803,1.850809
0.453328,0.206093,0.237670,0.842073,0.366930,0.524121,0.324719,0.362779,0.874375,0.185042,1.591613,1.433066,2.609536,2.221166,2.185603,2.550889,1.623378,1.602007,2.574644,1.652500
0.030030,0.044826,0.280278,0.920677,0.616004,0.762909,0.848558,0.398648,0.909851,0.423124,1.523098,2.057910,2.782842,2.939738,2.682584,2.904905,2.052548,2.407976,3.007454,1.738398
0.449736,0.043990,0.237409,0.349945,0.929436,0.199632,0.974750,0.027211,0.328572,0.414447,1.578875,2.722945,1.451119,2.089357,2.176851,1.292659,3.269239,2.157218,2.238833,1.231147
0.266657,0.793581,0.865208,0.908123,0.224028,0.169918,0.062568,0.458992,0.859379,0.503495,2.143715,1.791556,3.228225,2.117888,2.380441,3.370230,1.381356,1.864199,3.151424,2.030706
0.039265,0.633160,0.161224,0.310941,0.377245,0.254883,0.017117,0.722014,0.738611,0.373853,1.121730,1.814650,2.360882,1.510023,1.563399,2.010213,1.201118,1.675313,1.755067,1.981604
0.459694,0.644192,0.477874,0.323556,0.525405,0.626614,0.883005,0.433628,0.902280,0.897220,2.564492,2.455729,2.309654,2.524161,2.846405,2.362553,3.072251,3.378105,2.371508,2.066446
0.516164,0.041746,0.606890,0.308331,0.096542,0.133336,0.239856,0.486894,0.677283,0.061372,1.885027,1.357111,1.828624,1.193995,1.971744,2.083686,1.539297,1.148892,1.751596,1.753708
0.422153,0.610457,0.356157,0.671174,0.882738,0.383115,0.119742,0.605324,0.543998,0.999135,2.567950,2.321396,2.356225,3.385988,1.506999,2.112497,3.199640,2.754033,2.583155,2.032572
0.816721,0.272215,0.685987,0.216801,0.653834,0.036289,0.743223,0.569054,0.081869,0.446546,2.376345,2.184352,1.253904,1.740646,2.516150,2.020046,2.694523,1.560692,1.967156,2.256261
0.474752,0.379989,0.967510,0.402383,0.976670,0.853863,0.675399,0.208632,0.289666,0.732790,3.335883,2.738767,1.508340,3.049467,2.742548,2.083229,3.025077,2.594695,3.268972,2.020449
0.587052,0.735762,0.152028,0.133725,0.280161,0.902677,0.997050,0.046035,0.887100,0.175034,2.279469,2.544654,2.303288,2.034507,2.986846,1.775823,2.657657,3.436137,1.835013,2.452907
0.850237,0.802701,0.419389,0.281567,0.024491,0.424747,0.146847,0.279763,0.488801,0.598370,2.272916,1.813072,2.091410,1.308598,2.031348,1.577065,1.982201,2.200440,1.413018,2.552416
0.631219,0.436877,0.993857,0.571856,0.734090,0.218911,0.237210,0.967021,0.563931,0.215986,2.631343,2.622762,2.848800,2.073777,2.782383,3.217130,2.185631,1.425297,3.193565,2.451138
0.819307,0.454560,0.723744,0.993468,0.531125,0.538608,0.827365,0.797712,0.787988,0.845297,3.031257,2.621186,3.273825,3.184903,3.272632,3.726169,3.178307,2.822140,3.040209,2.647057
0.718108,0.773205,0.682347,0.302003,0.914821,0.326100,0.775577,0.738289,0.742284,0.212293,2.204582,3.476241,2.592850,2.042736,2.913657,2.558548,3.023562,2.392502,2.760186,2.727534
0.415377,0.748351,0.264872,0.030243,0.607939,0.385904,0.234086,0.431008,0.156005,0.896409,2.228020,2.010779,1.610527,2.312014,1.335014,1.451260,2.443484,2.604451,1.419007,2.044822
0.768250,0.094723,0.685241,0.871577,0.984601,0.289607,0.406909,0.005411,0.817930,0.680554,2.560042,2.355692,2.578426,2.983049,2.749828,2.794934,3.019575,1.580466,3.610348,1.603504
0.018097,0.395110,0.994905,0.795575,0.486345,0.293696,0.255430,0.611674,0.593320,0.409627,2.084106,1.696343,2.427924,2.172772,2.587239,2.996524,1.299448,1.494628,3.140823,1.681123
0.978169,0.306796,0.572867,0.889068,0.673991,0.363934,0.710422,0.426185,0.164844,0.218623,2.334337,2.088311,2.017153,2.514920,2.781221,2.457996,2.793267,1.818892,2.532072,2.429418
0.654068,0.619818,0.175454,0.929929,0.709750,0.642220,0.612806,0.367432,0.994704,0.976499,2.786104,2.300345,3.115817,3.748657,2.883003,3.093617,3.297198,3.165778,3.418060,2.203467
0.632427,0.249299,0.102903,0.097490,0.782245,0.667887,0.510230,0.166853,0.213630,0.798711,2.351526,1.951455,1.239404,2.496642,1.808928,1.133753,2.784130,2.269834,1.712569,1.781292
0.787806,0.966982,0.028570,0.195139,0.442042,0.792799,0.226702,0.483325,0.552882,0.544282,2.344913,2.312844,2.549712,2.066179,2.021324,1.363043,2.082619,2.827264,1.484003,3.403194
0.813406,0.122851,0.731306,0.590950,0.061303,0.004761,0.805351,0.433151,0.514543,0.122180,2.350039,1.901725,1.900820,1.410748,2.894300,2.195394,2.339730,1.542419,2.055912,2.096635
0.962632,0.209653,0.633104,0.429231,0.188390,0.275377,0.330093,0.990611,0.880423,0.758377,2.805372,2.347402,3.036845,1.724292,3.157927,3.294343,2.364870,1.686079,2.319331,2.932237
0.917604,0.597504,0.408176,0.814517,0.991932,0.994030,0.875364,0.649964,0.596451,0.674346,3.367199,3.475070,2.651672,3.844358,3.031497,2.497573,3.779083,3.228590,2.993013,3.681610
0.837892,0.748300,0.331882,0.406172,0.687982,0.429550,0.096671,0.980816,0.008920,0.600365,2.198477,2.824200,2.518352,2.062130,1.697135,2.360891,2.442029,2.120322,1.916046,3.135936
0.785582,0.234502,0.491868,0.190058,0.881322,0.514438,0.762836,0.601104,0.563997,0.488446,2.214087,2.638328,1.743571,2.110509,2.624274,1.961242,3.063138,2.070258,2.186969,2.301176
0.883714,0.347616,0.792992,0.665227,0.293864,0.082095,0.653415,0.956945,0.503214,0.293598,2.537904,2.658026,2.826333,1.744374,2.992211,3.067239,2.256477,1.489339,2.314367,2.779945
0.412515,0.019461,0.406591,0.447506,0.374648,0.656490,0.102079,0.780344,0.493379,0.372530,1.815274,1.597340,2.064453,1.877104,1.443029,2.164401,1.573199,1.677192,1.714338,2.136264
0.835049,0.524865,0.680499,0.233470,0.571737,0.580770,0.666979,0.634296,0.790343,0.178348,2.417568,2.304513,2.151314,1.823147,3.088350,2.485734,2.459658,2.153979,2.265656,2.589963
0.632966,0.313917,0.198609,0.150539,0.586055,0.056249,0.353380,0.507204,0.196617,0.404578,1.738644,1.700370,1.316394,1.635687,1.647190,1.460770,2.047348,1.225714,1.503328,1.938794
0.708418,0.373841,0.996726,0.212747,0.513122,0.505066,0.125588,0.517260,0.392598,0.387807,2.825278,1.473067,1.561694,1.709840,2.622216,2.297671,1.996311,1.669423,2.490009,2.136436
0.180895,0.347539,0.980699,0.369463,0.933484,0.021683,0.154322,0.191010,0.244682,0.210738,2.152026,2.041398,1.424493,2.071969,2.145114,2.071201,2.057935,1.148114,3.187648,1.265711
0.310912,0.706602,0.206875,0.104180,0.860369,0.499637,0.734670,0.334631,0.571101,0.014723,1.416032,2.819375,1.947290,1.995951,2.092713,1.426362,2.447678,2.395453,1.959647,1.846412
0.347080,0.154865,0.958325,0.816022,0.770283,0.028370,0.071128,0.819795,0.509896,0.782298,2.744225,1.998114,2.631173,2.810730,2.216366,3.241369,2.315307,1.427245,3.357068,1.943975
0.992777,0.357158,0.882997,0.690799,0.448457,0.824732,0.916198,0.512967,0.148935,0.881726,3.920598,2.219187,1.740939,3.091043,3.524772,2.476277,3.567377,3.325780,2.580864,3.006782
0.909911,0.770533,0.844036,0.128042,0.217980,0.295583,0.303486,0.313858,0.644642,0.511956,2.764125,1.930382,2.128222,1.328895,2.979910,2.117336,2.054074,1.985952,1.949539,2.606911
0.075984,0.280153,0.362610,0.123933,0.064050,0.622791,0.728654,0.790546,0.804660,0.589694,1.562972,2.301219,2.232587,1.441893,2.393859,2.408705,1.587878,2.209068,1.594941,1.968750
0.864015,0.706726,0.593832,0.244826,0.223270,0.098198,0.593939,0.554532,0.968050,0.072851,2.217131,2.266406,2.475531,1.284185,3.300418,2.794209,2.123412,1.807207,2.382279,2.654128
0.523763,0.866480,0.569711,0.710045,0.920312,0.222195,0.990728,0.517303,0.808227,0.184034,1.857004,3.597311,3.034544,2.436593,2.892987,2.622002,3.344325,2.946571,3.168640,2.444611
0.522434,0.319251,0.070803,0.823574,0.824171,0.383547,0.652673,0.011167,0.164553,0.755228,1.979847,2.215988,1.875366,2.884189,1.822368,1.630269,2.805041,2.088817,2.503920,1.338284
0.702457,0.528919,0.859009,0.006766,0.483781,0.988173,0.177002,0.228800,0.721733,0.498258,3.517577,1.523512,1.872487,2.510398,2.589015,2.182693,2.003680,2.335108,2.146003,2.823740
0.846773,0.108445,0.907189,0.534308,0.226568,0.036015,0.457065,0.427876,0.925822,0.293625,2.695081,1.549795,2.246100,1.519532,3.598683,2.977504,2.001024,1.150693,3.066950,2.146177
0.611426,0.649409,0.282932,0.693472,0.185105,0.495540,0.943105,0.361649,0.465894,0.475408,1.859225,2.413311,2.237780,1.838775,2.395148,1.794329,2.535614,2.807195,1.797499,2.069666
0.188303,0.557386,0.233128,0.471878,0.794048,0.169147,0.240624,0.939374,0.774974,0.162598,1.247769,2.777774,2.949482,2.022255,1.850840,2.581326,1.833446,1.494457,2.475762,2.148819
0.004674,0.422697,0.992171,0.965875,0.950780,0.734334,0.874850,0.363936,0.377210,0.412702,2.350156,2.918909,2.403193,3.308691,2.986188,3.045946,2.607243,2.611594,3.866800,1.730268
0.204100,0.023241,0.604054,0.464527,0.433707,0.381027,0.529915,0.036990,0.781851,0.962866,2.482743,1.565888,1.997651,2.564346,2.282846,2.079337,2.400543,2.389908,2.246713,1.099737
0.681549,0.207879,0.811361,0.695110,0.994000,0.520002,0.290272,0.482347,0.950491,0.301054,2.440258,2.421921,2.496782,2.626001,2.943658,3.196072,2.702256,1.595888,4.033460,2.028957
0.955196,0.241509,0.896281,0.109135,0.013133,0.020600,0.861559,0.257134,0.119063,0.381206,2.813911,1.936887,1.149431,1.046169,3.392576,1.963899,2.616008,1.739566,1.829508,2.183619
0.922213,0.918417,0.278479,0.842425,0.110187,0.135115,0.299834,0.590347,0.472917,0.017593,2.000102,2.349212,3.078731,1.822334,2.313819,2.274861,1.961309,2.005560,1.926183,3.215830
0.105148,0.363031,0.826518,0.297477,0.483934,0.094680,0.085965,0.805882,0.676528,0.692108,2.119889,1.795979,2.234645,1.802730,2.011487,2.711768,1.569430,1.456561,2.305770,1.864862
0.373991,0.515203,0.296420,0.125747,0.373761,0.685536,0.897265,0.452258,0.204907,0.539797,1.840004,2.274717,1.399307,1.796649,1.999282,1.504709,2.320965,2.758246,1.293252,1.949741
0.110115,0.809542,0.124186,0.722866,0.938594,0.344941,0.862732,0.128884,0.181239,0.058934,1.139900,3.296320,2.234591,2.502184,1.897153,1.519600,2.633223,2.642448,2.606819,1.685707
0.203515,0.725131,0.346888,0.049162,0.169240,0.402402,0.880595,0.379402,0.532684,0.469997,1.453887,2.461843,1.937106,1.285612,2.187256,1.571468,1.963807,2.659867,1.200062,1.828326
0.974116,0.832838,0.513369,0.746535,0.073800,0.190943,0.702896,0.421416,0.735517,0.942777,3.076959,2.471384,2.902041,2.428090,3.237678,2.399679,3.116852,3.021852,2.179943,2.949318
0.987110,0.879111,0.465308,0.261728,0.074784,0.648625,0.893146,0.070053,0.047069,0.228983,2.392629,2.666358,1.795004,1.418921,2.904066,1.488150,2.707924,3.136683,1.368070,2.900850
0.704589,0.693138,0.314326,0.878615,0.936737,0.396247,0.475641,0.250352,0.401768,0.612759,2.058118,2.741737,2.510671,2.911897,1.996610,2.081317,2.830653,2.125274,2.813202,2.104462
0.083929,0.334708,0.901372,0.072123,0.017392,0.387801,0.966476,0.055349,0.991159,0.022558,1.919028,2.078675,2.033867,1.080915,3.609572,2.869911,1.986994,2.402593,2.769865,1.122507
0.433524,0.671359,0.048316,0.317070,0.770629,0.206013,0.818105,0.651225,0.034987,0.609125,1.663665,2.897689,1.617972,2.017572,1.900813,1.504287,2.712613,2.341955,1.911054,2.143566
0.267675,0.003426,0.790463,0.968498,0.566050,0.576203,0.907847,0.952055,0.061148,0.919284,2.779608,2.873472,2.820711,3.409507,2.321180,3.605324,3.050486,3.038613,2.782831,2.133935
0.872500,0.899341,0.886709,0.006605,0.776625,0.360558,0.462550,0.802881,0.961159,0.407327,2.743235,3.152700,3.104134,1.851070,3.668766,3.384784,2.602137,2.295863,3.160386,3.308436
0.541161,0.081164,0.128255,0.482532,0.159693,0.205553,0.188045,0.942491,0.382054,0.318163,1.591603,2.032488,2.404484,1.411462,1.492763,2.150202,1.583560,1.229037,1.531449,2.237667
0.045373,0.807606,0.448106,0.941960,0.797565,0.947877,0.564521,0.415742,0.471871,0.157184,2.057307,2.693242,2.915778,3.537106,1.827597,2.506317,1.861997,2.780620,2.717628,2.751796
0.450074,0.905611,0.822967,0.971799,0.852185,0.372763,0.120057,0.764484,0.610275,0.958968,3.028543,2.914373,3.638953,3.694076,2.042363,3.463871,3.023725,3.040326,3.394100,2.729078
0.334565,0.862027,0.479201,0.654553,0.616465,0.444453,0.557358,0.245603,0.372986,0.922902,2.389301,2.459687,2.445629,2.858177,1.786658,1.839312,2.613212,3.086162,2.163977,2.037123
0.920028,0.082784,0.536159,0.325765,0.778613,0.236543,0.137449,0.226825,0.408655,0.706871,2.563824,1.523497,1.517992,2.147637,2.165844,1.650068,2.778529,1.495659,2.114019,2.076974
0.520394,0.100228,0.782643,0.916378,0.738305,0.171061,0.328792,0.813051,0.258324,0.473869,2.240189,2.173435,2.536070,2.633484,1.911644,3.217676,2.151457,1.267074,2.945318,2.085724
0.324847,0.285606,0.383229,0.521358,0.623423,0.916672,0.121207,0.365894,0.149342,0.887678,2.877260,1.402817,1.462377,3.286405,1.199359,1.659318,2.336184,2.620924,1.966795,2.200799
0.322139,0.246599,0.253692,0.317898,0.940730,0.183821,0.910706,0.009641,0.614690,0.503605,1.515364,2.754694,1.730745,2.112323,2.326121,1.428677,3.026759,2.064279,2.361964,1.129552
0.666203,0.289966,0.642286,0.190238,0.563174,0.178271,0.659919,0.312908,0.843277,0.283004,2.102410,1.875230,1.913435,1.611444,2.836895,2.252769,2.277172,1.556156,2.278052,1.782125
0.652829,0.506558,0.689661,0.185122,0.468429,0.988058,0.461711,0.052921,0.122498,0.882969,3.769936,1.766609,1.286760,3.075130,1.981170,1.699031,2.578511,2.950916,1.732798,2.562172
0.566492,0.537832,0.870824,0.853415,0.714516,0.437761,0.919411,0.351125,0.888892,0.171395,2.366584,2.512608,2.787983,2.527586,3.466404,3.239971,2.855080,2.505079,3.648626,1.864336
0.513158,0.635767,0.102824,0.524366,0.017394,0.063870,0.779177,0.480562,0.584672,0.518106,1.662825,2.294358,2.169942,1.364671,2.256261,1.594799,2.058569,2.013178,1.642611,2.000887
0.371823,0.435322,0.481585,0.400415,0.940397,0.198071,0.717978,0.453173,0.008558,0.583083,1.803526,2.782619,1.293561,2.224090,1.823245,1.751150,2.741872,1.873277,2.396454,1.675460
0.700454,0.428700,0.635776,0.290394,0.688290,0.229916,0.956122,0.506804,0.719933,0.938167,2.933193,2.494511,1.949022,2.559448,2.981479,2.185753,3.822930,3.062433,2.289762,2.079023
0.384451,0.679048,0.794362,0.745461,0.278016,0.110224,0.481520,0.609006,0.889099,0.574601,2.205323,2.174473,2.895482,1.944077,2.727015,3.204398,1.682399,1.791985,2.948891,2.070068
0.428002,0.702692,0.086553,0.035373,0.433559,0.712737,0.678647,0.120200,0.946741,0.836951,2.279824,2.209494,2.295173,2.287558,2.653425,1.904431,2.419216,3.009753,2.027381,1.908415
0.156101,0.343510,0.662134,0.056011,0.175702,0.550357,0.079994,0.138280,0.748777,0.618433,1.922792,1.201591,1.792813,1.491814,1.836678,1.995778,1.333759,1.815143,1.691523,1.294926
0.875402,0.564820,0.985535,0.519629,0.060431,0.957182,0.988565,0.442600,0.526844,0.604840,3.907369,2.394302,2.015423,2.341245,3.880361,2.398780,2.978973,3.376122,2.557554,3.228536
0.713426,0.243741,0.854796,0.883295,0.569368,0.844594,0.518583,0.758499,0.872009,0.222474,2.963967,2.119466,2.997693,2.954508,3.175990,3.697480,2.179517,2.045915,3.410263,2.790809
0.296090,0.887619,0.095882,0.725764,0.920981,0.010982,0.237014,0.889118,0.038951,0.000854,1.305283,3.447212,2.889951,2.447716,1.264573,2.268700,2.157610,1.812164,2.574854,2.676114
0.981123,0.478062,0.076826,0.142082,0.384545,0.317244,0.439034,0.286706,0.562124,0.124299,1.999075,1.713011,1.698326,1.436899,2.699483,1.261740,2.213860,1.630649,1.390255,2.368695
0.753445,0.073154,0.518043,0.534989,0.021590,0.274403,0.364514,0.150884,0.556424,0.053758,2.027638,1.373301,1.843547,1.328473,2.173858,1.789787,1.802352,1.328196,1.770338,1.724624
0.644662,0.542927,0.060080,0.543295,0.703309,0.207710,0.095504,0.855777,0.916296,0.597103,1.863019,2.261677,2.907847,2.134555,2.203030,2.657724,2.267291,1.630465,2.743081,2.433265
0.157019,0.472347,0.883125,0.268661,0.638219,0.676858,0.939810,0.468001,0.140730,0.061242,2.147047,2.431339,1.366268,2.020505,2.571745,2.121934,2.394438,2.730065,2.365134,1.807931
0.219369,0.917014,0.919737,0.523300,0.589414,0.599036,0.791578,0.572295,0.363340,0.617964,2.430040,2.940625,2.515585,2.224049,2.649724,2.407989,2.208608,3.081781,2.666157,2.520318
0.998995,0.497329,0.528194,0.340588,0.034242,0.608065,0.743365,0.048504,0.534456,0.273961,2.435256,1.990816,1.773469,1.380703,3.103832,1.651648,2.416578,2.271811,1.570713,2.306212
0.227534,0.350884,0.558146,0.544014,0.853571,0.791800,0.120568,0.960573,0.469187,0.881293,2.616605,2.660842,2.659716,3.249167,1.449534,2.690309,2.561097,2.519900,2.494935,2.448609
0.326469,0.742792,0.317862,0.372844,0.697026,0.837716,0.904332,0.342817,0.024404,0.374408,1.972468,2.732406,1.587056,2.443572,1.949931,1.487216,2.571543,3.148683,1.890806,2.351704
0.470948,0.552915,0.316495,0.331328,0.259009,0.285586,0.379535,0.073903,0.340457,0.430539,1.657575,1.690153,1.619299,1.426438,1.609932,1.371765,1.627064,1.680331,1.443551,1.471381
0.026558,0.242926,0.360071,0.684883,0.787291,0.939678,0.043725,0.143365,0.950364,0.524326,2.080034,1.489869,2.434186,3.161664,1.963744,2.517633,1.722048,2.074354,3.167147,1.938084
0.628027,0.968348,0.667614,0.494737,0.660879,0.411368,0.533263,0.770268,0.044722,0.218924,2.112864,3.118731,2.549525,1.977554,1.981623,2.382024,2.218728,2.503007,2.229063,3.101341
0.168757,0.641705,0.046805,0.662806,0.778211,0.780107,0.682306,0.274285,0.233260,0.976431,2.472246,2.481494,1.942476,3.601273,1.741527,1.416176,3.001015,3.418538,2.271481,1.937362
0.942686,0.838347,0.661319,0.164942,0.368205,0.712162,0.976299,0.433072,0.931723,0.844562,3.239669,2.778728,2.583316,2.265377,3.873398,2.606967,3.517606,3.854333,2.343350,3.168166
0.908182,0.535303,0.421792,0.748584,0.272862,0.193794,0.387074,0.379907,0.286614,0.291253,2.112208,1.733999,2.021214,1.847714,2.249937,1.992359,2.047826,1.545534,1.904826,2.359503
0.717988,0.107672,0.570855,0.068118,0.920320,0.684707,0.361695,0.345945,0.477774,0.847008,2.871323,2.132081,1.497985,2.760662,2.066286,1.742956,3.126991,2.258314,2.153241,2.082496
0.189980,0.409239,0.493820,0.913558,0.297470,0.423258,0.444380,0.200649,0.506933,0.856203,2.093601,1.627766,2.411681,2.745296,1.767686,2.362565,1.903635,2.215901,2.188508,1.337374
0.630395,0.176282,0.078712,0.936743,0.995282,0.160479,0.129823,0.393899,0.993083,0.983485,2.588521,2.203274,2.900121,3.812458,2.366592,3.028463,3.558725,2.129299,3.900432,1.797438
0.813571,0.352691,0.157719,0.976486,0.012555,0.038691,0.215907,0.094322,0.133308,0.128065,1.840549,1.341137,2.130783,1.966406,1.772797,2.098034,1.824062,1.173416,1.980882,1.800093
0.437164,0.534280,0.917089,0.217833,0.728559,0.248736,0.658058,0.493653,0.764475,0.283197,2.304757,2.345561,2.023826,1.797832,3.033396,2.512669,2.259361,1.825589,2.861501,1.841107
0.584082,0.682028,0.509268,0.435301,0.508584,0.315861,0.448659,0.466944,0.652167,0.052398,1.853534,2.082536,2.206448,1.729591,2.140505,1.990688,1.933059,1.871343,2.006938,2.135303
0.976823,0.154175,0.252546,0.848526,0.169205,0.665744,0.467172,0.078904,0.520082,0.558784,2.411516,1.492253,2.243782,2.281762,2.673794,1.942870,2.204907,1.888967,1.966426,2.233192
0.370792,0.281602,0.637183,0.722137,0.216340,0.546729,0.735818,0.166995,0.094627,0.143635,1.869107,1.821966,1.639218,1.901673,1.960590,2.041733,1.816414,2.024848,2.027719,1.416162
0.900155,0.119447,0.645556,0.783520,0.769012,0.150937,0.397231,0.188648,0.905961,0.561037,2.494009,1.767942,2.522835,2.485430,3.121046,2.835804,2.653290,1.326960,3.317584,2.001150
0.827770,0.324719,0.833221,0.955654,0.064717,0.723952,0.030404,0.875777,0.696584,0.635394,3.053241,1.807572,3.232364,2.520414,2.564817,3.708429,1.994981,1.992418,2.773760,2.869907
0.373175,0.422068,0.560173,0.085558,0.460428,0.472042,0.394143,0.974183,0.707906,0.149129,1.739936,2.541757,2.691076,1.573425,2.045709,2.760964,1.646893,1.711907,1.724463,2.238280
0.167382,0.242803,0.291633,0.230222,0.794797,0.100679,0.472371,0.682612,0.175550,0.694928,1.588132,2.248442,1.459984,2.082036,1.515112,1.770744,2.137703,1.498250,1.887678,1.725045
0.260060,0.329801,0.846069,0.549953,0.998268,0.779288,0.147463,0.397608,0.438089,0.274092,2.365287,2.312179,1.801402,2.779614,1.869391,2.207327,2.265449,1.896908,3.188970,1.869912
0.370761,0.566810,0.747217,0.578642,0.556399,0.589270,0.586881,0.986904,0.123712,0.142974,2.052592,2.965218,2.589275,2.096262,1.964888,2.915175,1.882898,2.113101,2.305652,2.427044
0.562785,0.193758,0.742568,0.588949,0.946812,0.182488,0.361831,0.805374,0.110759,0.810776,2.648271,2.725388,1.885610,2.731868,1.856399,2.595628,2.938728,1.699520,2.895010,2.130484
0.696371,0.470546,0.304590,0.906259,0.221876,0.695606,0.487396,0.715777,0.585912,0.713300,2.386199,2.077952,2.773891,2.638637,2.176989,2.679092,2.120258,2.291678,2.101596,2.539023
0.371948,0.207478,0.357835,0.712244,0.794930,0.538096,0.981297,0.848517,0.131459,0.959218,2.466409,3.034575,2.166055,3.304609,2.066431,2.439430,3.795378,3.372659,2.390275,2.079632
0.132206,0.096374,0.533972,0.490072,0.135348,0.166352,0.171186,0.846762,0.261736,0.973312,2.340153,1.787943,2.016899,2.277569,1.323299,2.373373,2.052989,2.078103,1.665334,1.865902
0.709162,0.239679,0.589637,0.529790,0.580829,0.631577,0.647682,0.119508,0.107133,0.559855,2.391426,1.820649,1.401783,2.211679,2.136681,1.752751,2.416465,2.058964,2.072284,1.795301
0.423261,0.672741,0.524702,0.151171,0.063723,0.294355,0.200425,0.607169,0.931099,0.033019,1.706116,1.876857,2.394327,1.112081,2.218995,2.648406,1.435374,1.754988,2.051284,2.098295
0.807016,0.322938,0.254264,0.153560,0.606291,0.032071,0.638193,0.465896,0.839108,0.222906,1.882743,1.978731,1.943482,1.632374,2.872064,1.970703,2.437005,1.398758,2.033347,2.150851
0.115778,0.343850,0.130882,0.218334,0.526608,0.448116,0.499232,0.844152,0.151883,0.237902,1.186697,2.295905,1.747995,1.667466,1.524146,1.854415,1.520722,1.693977,1.498424,1.938535
0.724580,0.841461,0.420799,0.920890,0.931163,0.406084,0.921110,0.421229,0.279169,0.647943,2.200870,3.455708,2.754493,3.022422,2.410816,2.385255,3.549411,3.071908,2.868540,2.569241
0.245747,0.463421,0.814997,0.619145,0.061360,0.351074,0.218217,0.949125,0.297660,0.003540,1.925158,2.287999,2.592036,1.487971,1.762847,2.961029,1.259903,1.576225,2.172097,2.124232
0.743496,0.060926,0.333720,0.646038,0.905192,0.367804,0.329116,0.281594,0.647096,0.072137,1.873541,2.026529,2.070975,2.372341,2.171246,1.857987,2.598544,1.407192,2.677915,1.852907
0.976658,0.070459,0.604962,0.131986,0.512321,0.094980,0.599778,0.901860,0.107227,0.559714,2.518065,2.407163,1.786537,1.628743,2.676812,2.420744,2.553035,1.413849,1.615994,2.856152
0.409859,0.397715,0.081521,0.981897,0.390886,0.231885,0.846419,0.581840,0.635229,0.534175,1.571819,2.224916,2.776867,2.448896,2.318829,2.529551,2.250467,2.077880,2.298055,1.815624
0.986013,0.596288,0.136821,0.956084,0.612224,0.256100,0.207125,0.276941,0.836114,0.620100,2.247477,1.724412,2.968109,2.690976,2.865185,2.576194,2.517575,1.768403,2.822185,2.465480
0.329899,0.453663,0.354956,0.960897,0.004630,0.153988,0.690579,0.647858,0.154511,0.231459,1.468854,2.168308,2.347368,1.934475,1.766231,2.662463,1.662126,1.692005,2.006210,1.850622
0.093719,0.904697,0.266496,0.273289,0.610854,0.149748,0.915973,0.977057,0.013493,0.078915,1.165734,3.806424,2.739992,1.688938,1.922022,2.241548,2.235409,2.736772,1.665358,2.726817
0.128377,0.532289,0.963360,0.569246,0.273447,0.495972,0.422031,0.597240,0.037885,0.088064,2.117632,1.923986,1.639972,1.719552,2.286881,2.504516,1.278378,1.854532,2.538079,1.825045
0.193404,0.568700,0.956845,0.911355,0.702255,0.592272,0.243027,0.658648,0.782353,0.539320,2.388878,2.095389,2.985047,2.825187,2.700575,3.522242,1.785523,2.014649,3.655198,2.003033
0.958451,0.118675,0.530619,0.300040,0.430856,0.992274,0.821506,0.018459,0.875602,0.102830,3.210547,1.870058,1.967297,2.497992,3.547920,2.145766,2.698612,2.560881,2.222872,2.908211
0.347402,0.819987,0.843639,0.489711,0.863815,0.890920,0.094344,0.704423,0.385303,0.379316,2.743727,2.673045,2.422688,2.831491,1.791286,2.479333,2.115120,2.584840,2.858368,3.006474
0.063843,0.284977,0.142125,0.136614,0.815048,0.911674,0.637446,0.575609,0.681365,0.175200,1.780230,2.350671,1.832949,2.592391,2.102373,1.691536,1.988107,2.252847,2.019323,2.293639
0.086250,0.332113,0.893781,0.452652,0.439866,0.774117,0.129621,0.803569,0.069427,0.506417,2.374080,1.796237,1.727910,2.174426,1.773236,2.632273,1.347681,1.952364,2.360150,2.206749
0.260341,0.920322,0.196596,0.622936,0.020334,0.811518,0.185912,0.469342,0.648176,0.375305,1.785557,2.136293,2.864256,1.962657,1.625184,1.835120,1.287020,2.684776,1.807460,2.750328
0.150472,0.716862,0.859822,0.185509,0.620812,0.393038,0.751582,0.393507,0.472755,0.098664,1.914590,2.474945,1.899535,1.716036,2.525042,2.071005,1.960524,2.331574,2.256529,1.808401
0.179766,0.364446,0.637877,0.105511,0.572264,0.856573,0.706418,0.361525,0.594528,0.766574,2.575461,1.993737,1.671149,2.557196,2.231247,1.894688,2.205091,2.687231,1.817477,1.980588
0.273810,0.118632,0.881924,0.258318,0.117381,0.742166,0.119599,0.201567,0.335244,0.663359,2.646901,1.142052,1.405293,1.786542,1.857473,1.952422,1.482939,1.951591,1.970679,1.581601
0.746268,0.287849,0.225985,0.300177,0.955783,0.096245,0.454657,0.392871,0.220435,0.520572,1.938495,2.432673,1.358214,2.120219,1.921465,1.409741,2.827211,1.346523,2.227600,1.973723
0.439754,0.884239,0.496435,0.422505,0.125825,0.276888,0.406702,0.729653,0.212382,0.654911,1.972976,2.577294,2.365703,1.509526,1.597585,2.106284,1.706819,2.310001,1.562717,2.620282
0.124581,0.528059,0.437801,0.223794,0.918277,0.425673,0.136201,0.690541,0.914892,0.663046,1.640579,2.455373,2.339606,2.238767,2.011899,2.626470,2.163616,1.900321,2.851554,1.886142
0.239114,0.733629,0.928993,0.929853,0.836913,0.045656,0.604456,0.446789,0.761280,0.091580,2.102913,2.722448,3.060603,2.701705,2.942491,3.268464,2.160455,1.804786,3.767897,1.898817
0.368144,0.922554,0.087684,0.968289,0.172324,0.322609,0.847313,0.968562,0.358191,0.054040,1.386822,3.607918,3.961019,2.143493,2.025567,2.950109,2.006166,2.782041,2.015120,2.900114
0.788279,0.984830,0.401690,0.804162,0.565023,0.196291,0.406783,0.073727,0.549917,0.081510,1.951660,2.478994,3.151799,2.219307,2.225050,2.018610,2.174885,2.233536,2.279679,2.651770
0.908074,0.855395,0.541737,0.701309,0.357707,0.059338,0.854523,0.833706,0.015826,0.683940,2.521494,3.182075,2.616668,2.068562,2.689700,2.581730,2.878821,2.633830,1.988251,3.284209
0.371395,0.083305,0.526111,0.723501,0.554843,0.394150,0.925080,0.476336,0.084521,0.005182,1.672323,2.134871,1.660035,2.139530,2.060067,2.131779,2.470905,2.192749,2.177027,1.638984
0.043618,0.908121,0.625713,0.732879,0.218154,0.950907,0.184067,0.543303,0.831431,0.304178,2.280899,2.171386,3.204584,2.623659,2.028714,2.792394,1.106006,2.790387,2.503313,3.111738
0.107353,0.004701,0.573809,0.677942,0.926322,0.336420,0.109170,0.666999,0.647924,0.756839,1.882941,2.142219,2.305454,2.752108,1.638623,2.506519,2.294832,1.665849,2.901181,1.691333
