0.553533,0.937812,0.776026,0.219611,0.007750,0.903243,0.834092,0.337246,0.984808,0.805536,3.328369,2.872590,2.665787,2.568675,0.000000,0.000000,0.000000,0.000000,0.000000,0.000000
0.765655,0.780966,0.535409,0.299267,0.156882,0.297589,0.181716,0.584358,0.111175,0.922551,2.439910,1.590478,2.416154,2.102526,0.000000,0.000000,0.000000,0.000000,0.000000,0.000000
0.787217,0.198269,0.797832,0.667211,0.979086,0.198228,0.752309,0.706824,0.195494,0.907388,2.679329,2.409893,4.033823,2.637366,0.000000,0.000000,0.000000,0.000000,0.000000,0.000000
0.783315,0.645904,0.673649,0.918034,0.450734,0.804741,0.371626,0.603772,0.500703,0.167400,2.285262,2.600354,2.803411,2.481071,0.000000,0.000000,0.000000,0.000000,0.000000,0.000000
0.929953,0.310740,0.970262,0.034838,0.493885,0.330759,0.787636,0.070417,0.557159,0.483440,2.133816,2.524145,3.065952,1.671384,0.000000,0.000000,0.000000,0.000000,0.000000,0.000000
0.602954,0.575115,0.286109,0.887822,0.472535,0.768390,0.123087,0.853276,0.478197,0.162727,1.989404,2.304479,2.405810,2.800835,0.000000,0.000000,0.000000,0.000000,0.000000,0.000000
0.350423,0.481595,0.073000,0.450926,0.249281,0.157250,0.377475,0.883342,0.873676,0.610051,1.905581,1.955973,1.941783,2.912905,0.000000,0.000000,0.000000,0.000000,0.000000,0.000000
0.517271,0.090757,0.733024,0.663093,0.080769,0.735872,0.621008,0.144882,0.018857,0.506074,2.085802,1.693877,2.487565,1.588601,0.000000,0.000000,0.000000,0.000000,0.000000,0.000000
0.020638,0.433509,0.399475,0.437948,0.146443,0.835676,0.700292,0.742435,0.696036,0.851558,2.460223,2.182004,2.353299,2.809174,0.000000,0.000000,0.000000,0.000000,0.000000,0.000000
0.487096,0.037519,0.901520,0.441669,0.637089,0.473658,0.357358,0.295374,0.672209,0.227326,1.393136,2.221481,3.148869,1.886640,0.000000,0.000000,0.000000,0.000000,0.000000,0.000000
0.584535,0.423919,0.081787,0.724209,0.477397,0.890863,0.741147,0.820039,0.593088,0.167765,2.068322,2.596402,1.944840,2.574496,0.000000,0.000000,0.000000,0.000000,0.000000,0.000000
0.278414,0.214689,0.585168,0.387569,0.192754,0.585268,0.974890,0.481544,0.864493,0.219781,2.202649,2.187379,2.409383,2.079090,0.000000,0.000000,0.000000,0.000000,0.000000,0.000000
0.866525,0.151464,0.318650,0.780498,0.539904,0.030871,0.072348,0.281309,0.265407,0.511263,1.891069,2.123352,1.873816,2.014485,0.000000,0.000000,0.000000,0.000000,0.000000,0.000000
0.585440,0.601216,0.587904,0.062088,0.693540,0.838118,0.288745,0.557884,0.605047,0.607408,1.908112,2.734950,2.820634,1.929869,0.000000,0.000000,0.000000,0.000000,0.000000,0.000000
0.828825,0.038304,0.163658,0.555172,0.372589,0.504647,0.709408,0.139156,0.531173,0.823496,2.421809,2.249027,1.398403,2.398213,0.000000,0.000000,0.000000,0.000000,0.000000,0.000000
0.560115,0.573612,0.536112,0.727429,0.563077,0.791353,0.417708,0.285214,0.595665,0.734232,2.377450,2.499095,2.332097,2.527256,0.000000,0.000000,0.000000,0.000000,0.000000,0.000000
0.931054,0.153772,0.047371,0.861303,0.329118,0.441503,0.094228,0.551679,0.097176,0.640841,2.203688,2.276408,1.434742,2.194827,0.000000,0.000000,0.000000,0.000000,0.000000,0.000000
0.281332,0.283894,0.108331,0.701462,0.765003,0.274672,0.538544,0.887661,0.850033,0.032501,1.587524,2.460909,2.452306,2.962968,0.000000,0.000000,0.000000,0.000000,0.000000,0.000000
0.504454,0.271610,0.363432,0.841850,0.025747,0.580904,0.112212,0.157601,0.822057,0.579137,2.114038,1.983480,1.751720,2.725627,0.000000,0.000000,0.000000,0.000000,0.000000,0.000000
0.301751,0.773354,0.317035,0.979166,0.754141,0.459439,0.597823,0.518060,0.617461,0.442651,3.181803,2.208928,2.331357,2.734992,0.000000,0.000000,0.000000,0.000000,0.000000,0.000000
0.227271,0.755821,0.521288,0.196823,0.277574,0.675774,0.290869,0.772697,0.739613,0.845410,2.363291,2.141502,2.661023,2.739064,0.000000,0.000000,0.000000,0.000000,0.000000,0.000000
0.690381,0.576517,0.410814,0.158406,0.024761,0.037826,0.437603,0.260218,0.247397,0.740311,2.124055,1.268506,1.889357,1.682809,0.000000,0.000000,0.000000,0.000000,0.000000,0.000000
0.616408,0.292866,0.226835,0.672596,0.991830,0.084738,0.781319,0.951406,0.662075,0.039712,1.879943,2.433595,3.334534,2.933862,0.000000,0.000000,0.000000,0.000000,0.000000,0.000000
0.431605,0.311338,0.292754,0.433733,0.374029,0.229821,0.027932,0.985083,0.462219,0.129504,1.195854,1.560300,2.608223,2.594168,0.000000,0.000000,0.000000,0.000000,0.000000,0.000000
0.061034,0.163314,0.452108,0.037270,0.239213,0.491987,0.299380,0.268767,0.119348,0.680690,1.774676,1.482979,1.990139,1.441345,0.000000,0.000000,0.000000,0.000000,0.000000,0.000000
0.106388,0.268744,0.893207,0.764673,0.143883,0.505711,0.892465,0.317879,0.103145,0.261680,2.419486,1.400852,2.890439,1.715999,0.000000,0.000000,0.000000,0.000000,0.000000,0.000000
0.685202,0.463089,0.829521,0.027111,0.493550,0.382495,0.466912,0.492443,0.583866,0.126480,1.443798,2.059324,3.021766,1.645431,0.000000,0.000000,0.000000,0.000000,0.000000,0.000000
0.425106,0.372911,0.818961,0.992720,0.364780,0.393189,0.171057,0.505787,0.158277,0.335246,2.387561,1.556001,2.942281,2.246892,0.000000,0.000000,0.000000,0.000000,0.000000,0.000000
0.424378,0.670834,0.769401,0.356245,0.647741,0.580282,0.392836,0.280813,0.416061,0.252937,1.725250,2.088927,2.889431,1.565372,0.000000,0.000000,0.000000,0.000000,0.000000,0.000000
0.723038,0.770077,0.056153,0.146351,0.157622,0.264976,0.450539,0.773394,0.335567,0.309076,1.969191,1.538925,1.714361,1.744281,0.000000,0.000000,0.000000,0.000000,0.000000,0.000000
0.773474,0.247038,0.106794,0.521091,0.736728,0.918000,0.086252,0.623835,0.393011,0.637244,1.733492,2.998074,2.002630,2.074772,0.000000,0.000000,0.000000,0.000000,0.000000,0.000000
0.343702,0.574403,0.373807,0.119118,0.761305,0.097237,0.818210,0.807778,0.224028,0.243013,2.102199,1.795959,2.841362,1.678333,0.000000,0.000000,0.000000,0.000000,0.000000,0.000000
0.590064,0.343355,0.703603,0.609515,0.867376,0.055948,0.889694,0.189691,0.564547,0.770685,2.740738,2.171661,3.095752,2.395103,0.000000,0.000000,0.000000,0.000000,0.000000,0.000000
0.896786,0.251824,0.141001,0.699519,0.836609,0.289537,0.640338,0.036314,0.290346,0.869767,2.535210,2.591696,1.868875,2.437649,0.000000,0.000000,0.000000,0.000000,0.000000,0.000000
0.438454,0.929843,0.637179,0.290223,0.857924,0.952650,0.861771,0.214226,0.236536,0.801593,3.355286,2.815658,2.951711,1.837937,0.000000,0.000000,0.000000,0.000000,0.000000,0.000000
0.698370,0.897908,0.056056,0.189595,0.923853,0.283380,0.478406,0.319362,0.941264,0.891025,2.845118,3.075967,2.002617,2.695021,0.000000,0.000000,0.000000,0.000000,0.000000,0.000000
0.402605,0.247635,0.064743,0.956676,0.394366,0.820062,0.880822,0.637388,0.004717,0.277817,2.906496,2.093141,1.597084,2.106439,0.000000,0.000000,0.000000,0.000000,0.000000,0.000000
0.154973,0.520971,0.587605,0.639324,0.345119,0.589433,0.969411,0.187669,0.196964,0.359719,2.607938,1.700768,2.251536,1.653486,0.000000,0.000000,0.000000,0.000000,0.000000,0.000000
0.124801,0.695656,0.123811,0.005904,0.381640,0.303852,0.375267,0.089556,0.058284,0.127685,1.605165,1.474407,1.311229,1.060464,0.000000,0.000000,0.000000,0.000000,0.000000,0.000000
0.932460,0.095160,0.946068,0.663259,0.516941,0.881978,0.645116,0.305330,0.565205,0.455899,2.066459,3.231383,3.123504,2.108564,0.000000,0.000000,0.000000,0.000000,0.000000,0.000000
0.620813,0.468341,0.186542,0.241326,0.058172,0.354672,0.084584,0.710641,0.456292,0.589513,1.702786,1.427505,1.878293,1.974437,0.000000,0.000000,0.000000,0.000000,0.000000,0.000000
0.450621,0.031638,0.471713,0.936414,0.537013,0.331428,0.446824,0.040413,0.524688,0.197998,2.166582,1.832536,2.099925,2.409323,0.000000,0.000000,0.000000,0.000000,0.000000,0.000000
0.334366,0.155604,0.995054,0.873414,0.775832,0.850381,0.485282,0.557956,0.253646,0.590681,2.411889,2.527798,3.768409,2.319505,0.000000,0.000000,0.000000,0.000000,0.000000,0.000000
0.202638,0.228558,0.543835,0.600562,0.730432,0.333115,0.442789,0.866881,0.743897,0.344189,1.682276,2.254744,3.228859,2.710072,0.000000,0.000000,0.000000,0.000000,0.000000,0.000000
0.013661,0.593637,0.428856,0.115329,0.347293,0.920217,0.578685,0.003159,0.587804,0.232553,1.776806,2.397188,1.899610,1.613682,0.000000,0.000000,0.000000,0.000000,0.000000,0.000000
0.381918,0.967894,0.611298,0.622959,0.209963,0.021873,0.348707,0.961222,0.872690,0.096635,2.275578,1.896348,3.155800,3.115351,0.000000,0.000000,0.000000,0.000000,0.000000,0.000000
0.388847,0.383227,0.773456,0.743159,0.019330,0.270950,0.687441,0.148474,0.572541,0.757484,2.591360,1.303287,2.568964,2.559941,0.000000,0.000000,0.000000,0.000000,0.000000,0.000000
0.144428,0.704260,0.989906,0.353659,0.753611,0.281282,0.118212,0.314494,0.945052,0.660935,2.039853,2.677213,3.506716,2.368629,0.000000,0.000000,0.000000,0.000000,0.000000,0.000000
0.446514,0.411481,0.851970,0.144750,0.812412,0.853206,0.587306,0.520761,0.222121,0.738410,2.153448,2.591081,3.511334,1.719236,0.000000,0.000000,0.000000,0.000000,0.000000,0.000000
0.833917,0.369461,0.080214,0.475074,0.779120,0.170402,0.186296,0.825104,0.869307,0.062671,1.198748,2.948692,2.314172,2.558733,0.000000,0.000000,0.000000,0.000000,0.000000,0.000000
0.063215,0.362819,0.100918,0.616553,0.998554,0.087028,0.675988,0.032592,0.961537,0.598264,2.247489,2.895137,2.198565,2.555807,0.000000,0.000000,0.000000,0.000000,0.000000,0.000000
0.627358,0.230596,0.174188,0.369136,0.932100,0.777166,0.534218,0.262371,0.442580,0.536583,1.852801,2.777682,2.227032,1.738074,0.000000,0.000000,0.000000,0.000000,0.000000,0.000000
0.454211,0.182223,0.220627,0.528820,0.545705,0.483840,0.926454,0.965563,0.261886,0.832356,2.774928,1.840330,2.536073,2.987412,0.000000,0.000000,0.000000,0.000000,0.000000,0.000000
0.588103,0.606546,0.788563,0.909332,0.223614,0.917650,0.625794,0.503973,0.696295,0.875095,3.173599,2.522901,2.842297,3.257830,0.000000,0.000000,0.000000,0.000000,0.000000,0.000000
0.388227,0.399022,0.106710,0.812205,0.982375,0.624184,0.764337,0.393969,0.678073,0.684462,2.767378,2.706464,2.316684,2.682503,0.000000,0.000000,0.000000,0.000000,0.000000,0.000000
0.188742,0.783231,0.608316,0.831065,0.887883,0.599613,0.096227,0.189648,0.446351,0.884103,2.850861,2.337613,2.952549,2.829363,0.000000,0.000000,0.000000,0.000000,0.000000,0.000000
0.679881,0.924570,0.806409,0.028751,0.741969,0.957726,0.159491,0.416447,0.867893,0.939255,2.755043,3.526605,3.194713,2.727408,0.000000,0.000000,0.000000,0.000000,0.000000,0.000000
0.486634,0.400994,0.391310,0.988080,0.452192,0.024419,0.571760,0.296714,0.345294,0.201582,2.546136,1.550037,1.963122,2.337538,0.000000,0.000000,0.000000,0.000000,0.000000,0.000000
0.824600,0.568746,0.304858,0.242846,0.559230,0.164942,0.486413,0.968379,0.350272,0.090855,1.514903,2.091764,2.722366,2.289385,0.000000,0.000000,0.000000,0.000000,0.000000,0.000000
0.243590,0.434711,0.501749,0.773903,0.605406,0.517108,0.296620,0.218368,0.022326,0.759039,2.287884,1.876338,2.273073,2.060839,0.000000,0.000000,0.000000,0.000000,0.000000,0.000000
0.572720,0.439195,0.547612,0.482258,0.287329,0.657958,0.275427,0.588148,0.152417,0.807692,2.022359,1.831368,2.464864,2.031560,0.000000,0.000000,0.000000,0.000000,0.000000,0.000000
0.439554,0.764925,0.045318,0.567954,0.741305,0.426588,0.361452,0.493898,0.093725,0.467841,2.150106,1.961435,1.741944,1.578200,0.000000,0.000000,0.000000,0.000000,0.000000,0.000000
0.371471,0.204790,0.192396,0.934991,0.941593,0.477559,0.625576,0.241354,0.620140,0.932671,3.096843,2.427186,2.277858,3.309047,0.000000,0.000000,0.000000,0.000000,0.000000,0.000000
0.694814,0.832251,0.108607,0.914849,0.742085,0.145121,0.465512,0.261791,0.253571,0.451871,2.945508,2.012512,1.694407,2.187483,0.000000,0.000000,0.000000,0.000000,0.000000,0.000000
0.061291,0.008934,0.718477,0.641723,0.366346,0.467734,0.780542,0.635398,0.887326,0.256557,2.035388,2.283769,2.889851,2.479020,0.000000,0.000000,0.000000,0.000000,0.000000,0.000000
0.090622,0.739202,0.124089,0.188510,0.252327,0.962880,0.559399,0.977130,0.335313,0.304623,2.022728,2.217233,2.219027,2.310728,0.000000,0.000000,0.000000,0.000000,0.000000,0.000000
0.608258,0.301692,0.206989,0.802982,0.596783,0.028686,0.834612,0.249506,0.437910,0.297109,2.436887,1.818465,1.688775,2.112792,0.000000,0.000000,0.000000,0.000000,0.000000,0.000000
0.050001,0.415528,0.017064,0.881884,0.986299,0.514470,0.399144,0.316695,0.569910,0.155877,1.991788,2.436089,2.093880,2.361477,0.000000,0.000000,0.000000,0.000000,0.000000,0.000000
0.117106,0.818717,0.547612,0.859612,0.718354,0.951052,0.906339,0.311651,0.361126,0.403573,3.319829,2.670137,2.563045,2.175224,0.000000,0.000000,0.000000,0.000000,0.000000,0.000000
0.283301,0.904617,0.969242,0.284166,0.165890,0.070441,0.734588,0.715675,0.541716,0.576030,2.862447,1.336263,3.455239,2.075939,0.000000,0.000000,0.000000,0.000000,0.000000,0.000000
0.174741,0.013877,0.760596,0.299959,0.369174,0.491881,0.515119,0.885181,0.911486,0.315735,1.589181,2.369321,3.355051,2.646881,0.000000,0.000000,0.000000,0.000000,0.000000,0.000000
0.809214,0.702026,0.720719,0.244573,0.126405,0.751337,0.600055,0.974858,0.359038,0.134446,1.844077,2.165993,3.393805,2.324446,0.000000,0.000000,0.000000,0.000000,0.000000,0.000000
0.986224,0.891165,0.892457,0.094118,0.108396,0.786248,0.346768,0.435553,0.777893,0.421504,2.249570,3.143324,2.975894,1.897626,0.000000,0.000000,0.000000,0.000000,0.000000,0.000000
0.778328,0.884745,0.110079,0.896264,0.034780,0.220060,0.477902,0.100001,0.501437,0.237359,2.803577,1.576274,1.230200,2.318199,0.000000,0.000000,0.000000,0.000000,0.000000,0.000000
0.573121,0.413516,0.382402,0.871203,0.610005,0.685028,0.638678,0.338909,0.281786,0.396643,2.451335,2.209535,2.106649,2.116376,0.000000,0.000000,0.000000,0.000000,0.000000,0.000000
0.958145,0.884501,0.444481,0.803765,0.586108,0.697311,0.716068,0.602097,0.000821,0.243908,2.866009,2.915150,2.452823,1.792790,0.000000,0.000000,0.000000,0.000000,0.000000,0.000000
0.112390,0.539853,0.885106,0.898418,0.425110,0.845722,0.228446,0.795277,0.650128,0.147945,2.008967,2.415301,3.479503,2.860533,0.000000,0.000000,0.000000,0.000000,0.000000,0.000000
0.346094,0.117923,0.288189,0.413372,0.923458,0.419906,0.370140,0.236338,0.773362,0.515407,1.683249,2.576667,2.419737,2.084274,0.000000,0.000000,0.000000,0.000000,0.000000,0.000000
0.704801,0.751215,0.281675,0.914837,0.289726,0.061947,0.913164,0.010217,0.474206,0.419779,3.378023,1.646953,1.587775,2.385105,0.000000,0.000000,0.000000,0.000000,0.000000,0.000000
0.955835,0.205809,0.939214,0.266273,0.638356,0.470425,0.052643,0.831247,0.141352,0.558554,1.575069,2.697184,3.829529,1.863955,0.000000,0.000000,0.000000,0.000000,0.000000,0.000000
0.188370,0.835549,0.500551,0.996285,0.869385,0.115334,0.275794,0.868776,0.966153,0.344732,2.989349,2.785804,3.412982,3.569386,0.000000,0.000000,0.000000,0.000000,0.000000,0.000000
0.116053,0.750391,0.484275,0.864897,0.820394,0.904653,0.392369,0.097980,0.577639,0.410660,2.546722,2.831712,2.530314,2.395032,0.000000,0.000000,0.000000,0.000000,0.000000,0.000000
0.145337,0.006575,0.974320,0.701388,0.164888,0.199474,0.526445,0.719791,0.849832,0.231864,1.751019,1.818885,3.471222,2.622670,0.000000,0.000000,0.000000,0.000000,0.000000,0.000000
0.220679,0.407595,0.837369,0.716143,0.126306,0.741850,0.300561,0.479292,0.017026,0.425351,1.846430,1.679025,2.906474,1.659614,0.000000,0.000000,0.000000,0.000000,0.000000,0.000000
0.940549,0.405442,0.013917,0.512156,0.737064,0.008385,0.076418,0.005335,0.232686,0.390801,1.532092,2.532308,1.428282,1.554675,0.000000,0.000000,0.000000,0.000000,0.000000,0.000000
0.394810,0.831410,0.824060,0.046108,0.438777,0.493216,0.963044,0.508198,0.954434,0.417592,2.919757,2.575772,2.990860,2.096082,0.000000,0.000000,0.000000,0.000000,0.000000,0.000000
0.512654,0.655098,0.509064,0.973973,0.812902,0.804786,0.970635,0.203121,0.914237,0.449863,3.573019,3.293800,2.596561,2.955604,0.000000,0.000000,0.000000,0.000000,0.000000,0.000000
0.756368,0.819601,0.308892,0.367916,0.933104,0.638584,0.672737,0.488678,0.329187,0.610151,2.631613,2.703856,2.669026,1.748727,0.000000,0.000000,0.000000,0.000000,0.000000,0.000000
0.274492,0.632300,0.463137,0.753293,0.548312,0.332368,0.824907,0.954512,0.168166,0.484669,2.739936,1.669213,3.002214,2.679556,0.000000,0.000000,0.000000,0.000000,0.000000,0.000000
0.843862,0.940682,0.650129,0.238833,0.441145,0.157907,0.209513,0.781027,0.878051,0.032021,1.911562,2.650125,2.996111,2.307230,0.000000,0.000000,0.000000,0.000000,0.000000,0.000000
0.042397,0.256731,0.224203,0.741745,0.027932,0.220063,0.592885,0.451473,0.561743,0.193799,1.864937,1.253624,1.652255,2.160753,0.000000,0.000000,0.000000,0.000000,0.000000,0.000000
0.814850,0.511979,0.088800,0.839918,0.117877,0.344643,0.830702,0.852802,0.822196,0.194849,2.516794,2.233335,1.906510,3.063979,0.000000,0.000000,0.000000,0.000000,0.000000,0.000000
0.742001,0.908043,0.459585,0.179799,0.655457,0.970402,0.840647,0.098324,0.838139,0.909421,3.365873,3.489034,2.210437,2.622693,0.000000,0.000000,0.000000,0.000000,0.000000,0.000000
0.651738,0.511727,0.382528,0.577957,0.083418,0.589468,0.410732,0.963635,0.151233,0.986344,2.400626,1.614772,2.694230,3.307139,0.000000,0.000000,0.000000,0.000000,0.000000,0.000000
0.000186,0.453192,0.571473,0.625076,0.163870,0.622453,0.919326,0.427103,0.635284,0.603333,2.694234,1.807710,2.329764,2.278901,0.000000,0.000000,0.000000,0.000000,0.000000,0.000000
0.904130,0.626171,0.365842,0.614652,0.811079,0.714730,0.618602,0.157694,0.828046,0.434053,2.204968,3.557901,2.290119,2.288237,0.000000,0.000000,0.000000,0.000000,0.000000,0.000000
0.940406,0.584452,0.567874,0.246596,0.308685,0.252935,0.570789,0.169924,0.541091,0.448404,1.977542,2.313181,2.194035,1.692893,0.000000,0.000000,0.000000,0.000000,0.000000,0.000000
0.768164,0.966032,0.738702,0.159668,0.007113,0.270295,0.724359,0.738401,0.085464,0.419985,2.846850,1.428987,3.022640,1.482320,0.000000,0.000000,0.000000,0.000000,0.000000,0.000000
0.112904,0.043152,0.836779,0.317395,0.620089,0.739001,0.385671,0.084226,0.231900,0.857872,2.016843,2.178845,2.919083,1.964036,0.000000,0.000000,0.000000,0.000000,0.000000,0.000000
0.669380,0.134512,0.722826,0.521241,0.962075,0.016834,0.507067,0.864616,0.947758,0.693477,2.026844,3.014444,4.083697,3.111797,0.000000,0.000000,0.000000,0.000000,0.000000,0.000000
0.791107,0.577759,0.798621,0.568739,0.443865,0.621656,0.553438,0.135020,0.666835,0.558696,2.162477,2.518531,2.702921,2.165023,0.000000,0.000000,0.000000,0.000000,0.000000,0.000000
0.312610,0.939452,0.211381,0.535579,0.334461,0.179187,0.049903,0.222706,0.709339,0.530350,2.444253,1.733032,1.509775,2.147816,0.000000,0.000000,0.000000,0.000000,0.000000,0.000000
0.024913,0.650883,0.910412,0.241694,0.069226,0.711278,0.790621,0.782367,0.790313,0.323449,2.227689,2.068767,3.433254,2.257231,0.000000,0.000000,0.000000,0.000000,0.000000,0.000000
0.495857,0.879837,0.468060,0.073956,0.755624,0.903489,0.241623,0.664989,0.337742,0.090663,1.830167,2.670897,2.809766,1.539507,0.000000,0.000000,0.000000,0.000000,0.000000,0.000000
0.834234,0.939949,0.849098,0.903743,0.724647,0.406284,0.757174,0.649183,0.412890,0.516769,3.587614,2.444444,3.500156,2.545256,0.000000,0.000000,0.000000,0.000000,0.000000,0.000000
0.851401,0.302558,0.993824,0.453063,0.837089,0.731512,0.109295,0.449678,0.666455,0.433023,1.514799,3.193670,3.776420,1.993806,0.000000,0.000000,0.000000,0.000000,0.000000,0.000000
0.336909,0.600963,0.908815,0.487156,0.411569,0.471609,0.214189,0.636876,0.719749,0.637995,1.957234,2.019726,3.292955,2.381278,0.000000,0.000000,0.000000,0.000000,0.000000,0.000000
0.990878,0.287972,0.249716,0.407988,0.519754,0.181454,0.724558,0.188064,0.246722,0.462674,2.039246,2.531706,1.675208,1.513470,0.000000,0.000000,0.000000,0.000000,0.000000,0.000000
0.330765,0.583784,0.904645,0.886674,0.443442,0.815328,0.767178,0.041699,0.033435,0.041491,2.447104,2.120209,2.898227,1.819700,0.000000,0.000000,0.000000,0.000000,0.000000,0.000000
0.221895,0.962183,0.320566,0.319752,0.208058,0.969233,0.396007,0.146489,0.492366,0.779959,2.838019,2.269256,1.671597,2.069544,0.000000,0.000000,0.000000,0.000000,0.000000,0.000000
0.488392,0.868397,0.560871,0.998208,0.483091,0.648144,0.519326,0.076280,0.356571,0.155084,3.072507,2.005412,2.240303,2.356755,0.000000,0.000000,0.000000,0.000000,0.000000,0.000000
0.427938,0.301402,0.853380,0.455255,0.666561,0.488927,0.096853,0.871122,0.433963,0.416652,1.496369,2.020874,3.761771,2.289411,0.000000,0.000000,0.000000,0.000000,0.000000,0.000000
0.662297,0.540311,0.937904,0.455610,0.335910,0.369514,0.014280,0.300293,0.717666,0.385425,1.586455,2.034483,3.003887,1.990634,0.000000,0.000000,0.000000,0.000000,0.000000,0.000000
0.989438,0.364831,0.998876,0.808147,0.916867,0.730771,0.365427,0.688004,0.713189,0.438907,2.047545,3.772064,4.241861,2.674902,0.000000,0.000000,0.000000,0.000000,0.000000,0.000000
0.156507,0.120564,0.956246,0.886608,0.197218,0.002631,0.724474,0.662988,0.111963,0.847289,2.991816,1.199228,3.359716,2.699511,0.000000,0.000000,0.000000,0.000000,0.000000,0.000000
0.383035,0.747404,0.142958,0.375888,0.410166,0.442871,0.251470,0.047742,0.546063,0.281314,1.782025,1.790654,1.357200,1.709622,0.000000,0.000000,0.000000,0.000000,0.000000,0.000000
0.566206,0.289819,0.765537,0.587040,0.833990,0.353545,0.111391,0.323499,0.316518,0.057465,1.212976,2.093471,3.215797,1.672276,0.000000,0.000000,0.000000,0.000000,0.000000,0.000000
0.669654,0.160681,0.495678,0.913802,0.518601,0.022124,0.758932,0.464034,0.603355,0.051441,2.328850,1.939829,2.346160,2.484891,0.000000,0.000000,0.000000,0.000000,0.000000,0.000000
0.756793,0.434983,0.632568,0.922016,0.445770,0.690742,0.607684,0.537023,0.688115,0.859463,3.033740,2.576744,2.642109,3.256264,0.000000,0.000000,0.000000,0.000000,0.000000,0.000000
0.692018,0.727284,0.533714,0.870525,0.037398,0.245007,0.438956,0.422561,0.894123,0.892768,3.044423,2.041572,2.246038,3.395387,0.000000,0.000000,0.000000,0.000000,0.000000,0.000000
0.798487,0.199134,0.835137,0.903089,0.589166,0.982744,0.216402,0.671415,0.084172,0.776856,2.496737,2.962058,3.325580,2.571797,0.000000,0.000000,0.000000,0.000000,0.000000,0.000000
0.797494,0.177019,0.411671,0.258455,0.740870,0.461559,0.500082,0.084558,0.302123,0.794948,2.055039,2.385977,2.237147,1.871335,0.000000,0.000000,0.000000,0.000000,0.000000,0.000000
0.923262,0.696465,0.189654,0.522176,0.524856,0.896554,0.580889,0.466232,0.914680,0.771617,2.521227,3.820532,1.741264,2.694014,0.000000,0.000000,0.000000,0.000000,0.000000,0.000000
0.041240,0.030633,0.418462,0.412014,0.682832,0.959225,0.036195,0.657236,0.797148,0.416150,1.446305,3.109491,2.587260,2.225561,0.000000,0.000000,0.000000,0.000000,0.000000,0.000000
0.009576,0.080555,0.927423,0.200548,0.527843,0.308976,0.110887,0.558259,0.227263,0.991705,2.006142,1.635047,3.313565,2.339932,0.000000,0.000000,0.000000,0.000000,0.000000,0.000000
0.766511,0.542594,0.863685,0.025509,0.004201,0.383491,0.831456,0.201959,0.713087,0.582262,2.433325,1.859068,2.768158,1.912804,0.000000,0.000000,0.000000,0.000000,0.000000,0.000000
0.003631,0.741330,0.046887,0.690620,0.561519,0.594707,0.443883,0.186742,0.099656,0.494540,2.326471,1.916185,1.305696,1.698777,0.000000,0.000000,0.000000,0.000000,0.000000,0.000000
0.515757,0.896661,0.511702,0.199112,0.530454,0.285938,0.448634,0.721994,0.548844,0.918522,2.842284,1.848302,2.693940,2.635160,0.000000,0.000000,0.000000,0.000000,0.000000,0.000000
0.302088,0.331139,0.924478,0.774135,0.943608,0.984110,0.316129,0.239430,0.501202,0.972802,2.468193,3.046311,3.746466,3.024379,0.000000,0.000000,0.000000,0.000000,0.000000,0.000000
0.037608,0.846398,0.051739,0.594403,0.945126,0.575461,0.415881,0.662986,0.095567,0.292411,2.196549,2.277156,2.387274,1.667088,0.000000,0.000000,0.000000,0.000000,0.000000,0.000000
0.112143,0.905276,0.573522,0.959146,0.041953,0.280246,0.868810,0.546508,0.522674,0.742545,4.085602,1.263437,2.445788,2.941259,0.000000,0.000000,0.000000,0.000000,0.000000,0.000000
0.103030,0.028383,0.736323,0.299589,0.483180,0.075911,0.239256,0.652456,0.868205,0.432609,1.497931,2.143491,3.011149,2.220142,0.000000,0.000000,0.000000,0.000000,0.000000,0.000000
0.913865,0.794697,0.898137,0.903583,0.053677,0.295910,0.484348,0.488949,0.201703,0.714924,3.118013,1.846919,3.035501,2.440729,0.000000,0.000000,0.000000,0.000000,0.000000,0.000000
0.504494,0.313165,0.744881,0.661299,0.131221,0.014224,0.910110,0.908179,0.466599,0.749344,2.799602,1.297786,3.316810,3.004962,0.000000,0.000000,0.000000,0.000000,0.000000,0.000000
0.121656,0.283432,0.728835,0.439104,0.336993,0.976739,0.579888,0.465731,0.479326,0.249691,1.645907,2.401358,2.712845,1.734752,0.000000,0.000000,0.000000,0.000000,0.000000,0.000000
0.328943,0.354981,0.336751,0.182057,0.953782,0.079973,0.150818,0.581051,0.743901,0.186235,1.254812,2.383553,2.878780,1.897493,0.000000,0.000000,0.000000,0.000000,0.000000,0.000000
0.278087,0.667416,0.466302,0.353259,0.773866,0.930151,0.178809,0.389832,0.618679,0.816259,2.161100,2.881835,2.548017,2.310421,0.000000,0.000000,0.000000,0.000000,0.000000,0.000000
0.319583,0.697569,0.743692,0.366252,0.444691,0.446962,0.344817,0.992660,0.557343,0.567480,2.043812,1.828025,3.560696,2.845193,0.000000,0.000000,0.000000,0.000000,0.000000,0.000000
0.515897,0.181740,0.665020,0.814515,0.884457,0.836007,0.911894,0.787102,0.650114,0.212087,2.489787,2.928970,3.641448,2.706907,0.000000,0.000000,0.000000,0.000000,0.000000,0.000000
0.364235,0.211805,0.698779,0.534346,0.053868,0.695387,0.556249,0.955107,0.847006,0.499180,1.899620,2.162690,3.309942,3.089078,0.000000,0.000000,0.000000,0.000000,0.000000,0.000000
0.306059,0.011908,0.751090,0.795950,0.077695,0.563036,0.552728,0.600173,0.443435,0.837359,2.544237,1.490674,2.862857,2.793852,0.000000,0.000000,0.000000,0.000000,0.000000,0.000000
0.919540,0.055077,0.213450,0.501306,0.628257,0.049914,0.200543,0.510502,0.664017,0.577968,1.681507,2.638487,1.935489,2.176311,0.000000,0.000000,0.000000,0.000000,0.000000,0.000000
0.272156,0.754729,0.494537,0.546266,0.435227,0.270646,0.252871,0.034722,0.115942,0.430529,2.013425,1.515521,2.072721,1.494151,0.000000,0.000000,0.000000,0.000000,0.000000,0.000000
0.164191,0.241070,0.716447,0.010753,0.355695,0.834793,0.334615,0.900640,0.998660,0.214467,1.340444,3.049287,3.289049,2.666608,0.000000,0.000000,0.000000,0.000000,0.000000,0.000000
0.448961,0.549457,0.128398,0.897902,0.894746,0.187888,0.046364,0.460778,0.990245,0.298811,2.116846,2.941695,2.185418,2.868231,0.000000,0.000000,0.000000,0.000000,0.000000,0.000000
0.473343,0.134277,0.879823,0.172764,0.188039,0.269359,0.953078,0.369543,0.004038,0.281810,2.193479,1.310793,2.902856,1.074915,0.000000,0.000000,0.000000,0.000000,0.000000,0.000000
0.901227,0.228685,0.935589,0.597001,0.416012,0.397617,0.257308,0.986643,0.161357,0.701535,1.906731,2.237997,3.916639,2.810662,0.000000,0.000000,0.000000,0.000000,0.000000,0.000000
0.220768,0.580820,0.871327,0.187646,0.393047,0.049959,0.824510,0.860118,0.392293,0.328054,2.205052,1.458290,3.543178,2.010118,0.000000,0.000000,0.000000,0.000000,0.000000,0.000000
0.296761,0.305102,0.146868,0.881330,0.869458,0.441123,0.890043,0.342460,0.873569,0.679937,3.103843,2.738445,2.068288,2.978411,0.000000,0.000000,0.000000,0.000000,0.000000,0.000000
0.485572,0.809584,0.578982,0.863258,0.315205,0.213203,0.129608,0.197173,0.552308,0.595690,2.698455,1.584731,2.228158,2.510412,0.000000,0.000000,0.000000,0.000000,0.000000,0.000000
0.235741,0.622554,0.058973,0.487041,0.847305,0.519662,0.212285,0.136310,0.555157,0.423382,1.766000,2.291541,1.744830,1.868602,0.000000,0.000000,0.000000,0.000000,0.000000,0.000000
0.004665,0.438066,0.841016,0.732887,0.014185,0.041574,0.325210,0.454808,0.159588,0.166104,1.644432,1.019978,2.888886,1.744081,0.000000,0.000000,0.000000,0.000000,0.000000,0.000000
0.781198,0.583247,0.709843,0.484730,0.745097,0.772726,0.714831,0.462985,0.880779,0.067322,1.831920,3.397916,3.047696,2.161995,0.000000,0.000000,0.000000,0.000000,0.000000,0.000000
0.297857,0.102859,0.660538,0.806165,0.301763,0.384879,0.953313,0.949575,0.501519,0.941956,3.274222,1.583908,3.250247,3.800249,0.000000,0.000000,0.000000,0.000000,0.000000,0.000000
0.983354,0.304935,0.909831,0.486847,0.455459,0.540916,0.986466,0.122214,0.543050,0.360677,2.418324,2.843257,2.929079,1.827212,0.000000,0.000000,0.000000,0.000000,0.000000,0.000000
0.283358,0.231751,0.471150,0.663123,0.721360,0.967201,0.981313,0.147584,0.116975,0.691396,2.860182,2.664885,2.339448,1.887688,0.000000,0.000000,0.000000,0.000000,0.000000,0.000000
0.754131,0.842901,0.526661,0.190992,0.725245,0.054773,0.380130,0.546828,0.336365,0.181826,1.926522,2.089738,2.733808,1.468268,0.000000,0.000000,0.000000,0.000000,0.000000,0.000000
0.557275,0.914566,0.754873,0.197978,0.283165,0.205306,0.343675,0.357475,0.581132,0.254286,2.138907,1.618017,2.660239,1.653100,0.000000,0.000000,0.000000,0.000000,0.000000,0.000000
0.744297,0.071946,0.335599,0.381860,0.493722,0.651468,0.859627,0.282830,0.613656,0.972319,2.732913,2.456111,1.871541,2.685107,0.000000,0.000000,0.000000,0.000000,0.000000,0.000000
0.881581,0.967575,0.675913,0.380237,0.807267,0.172248,0.242152,0.998582,0.940406,0.599418,2.584803,3.272613,3.875072,3.294697,0.000000,0.000000,0.000000,0.000000,0.000000,0.000000
0.817488,0.222380,0.754275,0.981004,0.150028,0.346751,0.469716,0.838277,0.999914,0.317693,2.475477,2.716615,3.214635,3.488147,0.000000,0.000000,0.000000,0.000000,0.000000,0.000000
0.766609,0.221376,0.600014,0.882252,0.933244,0.091291,0.391328,0.208441,0.569205,0.434560,2.204404,2.471375,3.056279,2.431524,0.000000,0.000000,0.000000,0.000000,0.000000,0.000000
0.343135,0.818014,0.891003,0.093183,0.621426,0.751208,0.906393,0.732586,0.728438,0.212641,2.581636,2.586128,3.558664,2.034764,0.000000,0.000000,0.000000,0.000000,0.000000,0.000000
0.958103,0.646909,0.962130,0.719578,0.475089,0.790684,0.823540,0.845447,0.829567,0.664506,2.881560,3.513816,3.746274,3.151697,0.000000,0.000000,0.000000,0.000000,0.000000,0.000000
0.512910,0.359189,0.247627,0.467685,0.017684,0.634259,0.146084,0.670737,0.906622,0.369559,1.485083,2.234389,1.945148,2.378223,0.000000,0.000000,0.000000,0.000000,0.000000,0.000000
0.165294,0.727616,0.459576,0.642147,0.342388,0.968355,0.553645,0.158853,0.346284,0.487855,2.349630,2.322369,1.984523,1.875384,0.000000,0.000000,0.000000,0.000000,0.000000,0.000000
0.551418,0.340764,0.339752,0.657622,0.910943,0.131685,0.183833,0.675428,0.646155,0.802967,2.063359,2.290517,2.891623,2.804461,0.000000,0.000000,0.000000,0.000000,0.000000,0.000000
0.921732,0.666220,0.402107,0.185861,0.968246,0.544390,0.729200,0.463641,0.159442,0.440691,2.269318,2.990463,2.926908,1.325781,0.000000,0.000000,0.000000,0.000000,0.000000,0.000000
0.377310,0.269378,0.584078,0.276244,0.689988,0.691171,0.806905,0.887347,0.697268,0.154333,1.830799,2.526971,3.284033,2.397230,0.000000,0.000000,0.000000,0.000000,0.000000,0.000000
0.137988,0.197208,0.003683,0.192005,0.067425,0.777554,0.662092,0.116716,0.852525,0.164335,1.611730,2.291991,1.021295,1.894014,0.000000,0.000000,0.000000,0.000000,0.000000,0.000000
0.494250,0.892244,0.020113,0.763437,0.892790,0.573682,0.176099,0.711742,0.353290,0.857063,2.938085,2.325670,2.258423,2.822307,0.000000,0.000000,0.000000,0.000000,0.000000,0.000000
0.816881,0.631914,0.451865,0.591462,0.964347,0.874545,0.898667,0.678471,0.305153,0.793900,2.976215,3.202874,3.260862,2.367255,0.000000,0.000000,0.000000,0.000000,0.000000,0.000000
0.865863,0.324328,0.033892,0.043053,0.752385,0.660706,0.784242,0.901300,0.298503,0.259410,1.908564,2.777592,2.306037,1.977712,0.000000,0.000000,0.000000,0.000000,0.000000,0.000000
0.774301,0.447645,0.112951,0.178680,0.078294,0.683550,0.637340,0.220697,0.720351,0.380550,1.877474,2.278778,1.275089,1.809760,0.000000,0.000000,0.000000,0.000000,0.000000,0.000000
0.599050,0.954084,0.318873,0.488383,0.363644,0.983504,0.139742,0.286368,0.805435,0.388533,2.333430,2.982211,1.767840,2.109329,0.000000,0.000000,0.000000,0.000000,0.000000,0.000000
0.466951,0.205543,0.115041,0.565546,0.265225,0.340859,0.174849,0.579149,0.581328,0.553144,1.694699,1.625409,1.584154,2.182917,0.000000,0.000000,0.000000,0.000000,0.000000,0.000000
0.473140,0.078833,0.643525,0.122163,0.700109,0.455075,0.948156,0.919014,0.097465,0.062646,1.962359,1.958242,3.474797,1.825962,0.000000,0.000000,0.000000,0.000000,0.000000,0.000000
0.028944,0.647265,0.367663,0.530841,0.438539,0.839530,0.658790,0.143086,0.767964,0.567444,2.352027,2.596272,1.840137,2.232888,0.000000,0.000000,0.000000,0.000000,0.000000,0.000000
0.223854,0.294057,0.538298,0.400434,0.761258,0.226548,0.952542,0.964979,0.935405,0.310145,2.268620,2.633557,3.448940,2.992689,0.000000,0.000000,0.000000,0.000000,0.000000,0.000000
0.974477,0.861454,0.891875,0.529375,0.649326,0.738728,0.440660,0.712694,0.910790,0.847844,2.759845,3.852332,3.565453,3.058486,0.000000,0.000000,0.000000,0.000000,0.000000,0.000000
0.402601,0.501211,0.164450,0.818248,0.363544,0.750751,0.124911,0.149011,0.796047,0.288068,1.877852,2.457891,1.399152,2.489975,0.000000,0.000000,0.000000,0.000000,0.000000,0.000000
0.030313,0.639708,0.462453,0.883710,0.940437,0.558861,0.898324,0.067415,0.518644,0.268670,2.947313,2.392274,2.761193,2.319001,0.000000,0.000000,0.000000,0.000000,0.000000,0.000000
0.846560,0.887932,0.538643,0.741595,0.774041,0.900758,0.090796,0.048698,0.170738,0.776610,2.787380,3.103990,2.543417,2.189098,0.000000,0.000000,0.000000,0.000000,0.000000,0.000000
0.707224,0.322016,0.028168,0.649442,0.084582,0.961807,0.023731,0.458422,0.041412,0.793905,2.005753,2.259892,1.267091,2.007737,0.000000,0.000000,0.000000,0.000000,0.000000,0.000000
0.922432,0.669678,0.405528,0.642469,0.788428,0.922259,0.687674,0.511065,0.037695,0.422955,2.366556,3.363040,2.562344,1.594343,0.000000,0.000000,0.000000,0.000000,0.000000,0.000000
0.261304,0.268938,0.176627,0.284413,0.123757,0.237489,0.920622,0.012521,0.283078,0.089402,1.962941,1.207505,1.355307,1.364684,0.000000,0.000000,0.000000,0.000000,0.000000,0.000000
0.791648,0.867976,0.058591,0.974274,0.491784,0.145111,0.551930,0.385862,0.348576,0.233958,3.093500,1.947957,1.385010,2.332759,0.000000,0.000000,0.000000,0.000000,0.000000,0.000000
0.951607,0.568344,0.508817,0.756391,0.426515,0.809901,0.190153,0.972428,0.455177,0.738243,2.285315,2.996793,3.040840,3.323838,0.000000,0.000000,0.000000,0.000000,0.000000,0.000000
0.087755,0.349225,0.808949,0.232791,0.908535,0.211798,0.083725,0.219443,0.783430,0.203677,1.256214,2.434292,3.415992,1.848389,0.000000,0.000000,0.000000,0.000000,0.000000,0.000000
0.708893,0.571969,0.382337,0.677736,0.373449,0.459125,0.120431,0.215902,0.450672,0.977375,2.389979,1.928314,1.863371,2.845820,0.000000,0.000000,0.000000,0.000000,0.000000,0.000000
0.027286,0.013973,0.487344,0.486876,0.386995,0.607494,0.142371,0.245519,0.307519,0.506470,1.582934,1.785126,2.092925,1.678117,0.000000,0.000000,0.000000,0.000000,0.000000,0.000000
0.601999,0.866500,0.830192,0.156689,0.598917,0.526581,0.314522,0.504036,0.246199,0.630934,2.381047,2.022463,3.129267,1.586454,0.000000,0.000000,0.000000,0.000000,0.000000,0.000000
0.802251,0.263355,0.192915,0.777996,0.487572,0.654951,0.248722,0.397861,0.800587,0.339015,1.785504,2.843890,1.660032,2.469885,0.000000,0.000000,0.000000,0.000000,0.000000,0.000000
0.628360,0.064023,0.110706,0.203218,0.502224,0.471345,0.518052,0.695500,0.368070,0.010568,1.280914,1.930149,1.831806,1.643353,0.000000,0.000000,0.000000,0.000000,0.000000,0.000000
0.078944,0.168048,0.366186,0.261508,0.989583,0.931787,0.957883,0.956792,0.086080,0.006023,1.932986,2.858486,3.616896,1.992518,0.000000,0.000000,0.000000,0.000000,0.000000,0.000000
0.272192,0.101549,0.944508,0.988456,0.145299,0.177669,0.813457,0.581069,0.943649,0.034072,2.651449,2.022649,3.229725,3.034735,0.000000,0.000000,0.000000,0.000000,0.000000,0.000000
0.337860,0.835231,0.147941,0.101913,0.064001,0.103999,0.726297,0.569951,0.886345,0.289991,2.400273,1.784166,1.620987,2.026641,0.000000,0.000000,0.000000,0.000000,0.000000,0.000000
0.664445,0.606545,0.324313,0.279405,0.287601,0.037050,0.523058,0.413656,0.024852,0.313837,1.816666,1.483900,1.843525,1.163109,0.000000,0.000000,0.000000,0.000000,0.000000,0.000000
0.861273,0.954025,0.867251,0.504639,0.260656,0.408186,0.802181,0.498489,0.950505,0.753941,3.330606,2.836270,3.000702,2.695474,0.000000,0.000000,0.000000,0.000000,0.000000,0.000000
0.505465,0.161355,0.106671,0.405151,0.346096,0.064282,0.707207,0.118876,0.616988,0.249299,1.780586,1.650376,1.268930,1.796829,0.000000,0.000000,0.000000,0.000000,0.000000,0.000000
0.835264,0.756553,0.710533,0.605207,0.377238,0.347592,0.515846,0.175554,0.220889,0.093291,1.926577,1.995574,2.505569,1.588927,0.000000,0.000000,0.000000,0.000000,0.000000,0.000000
0.929951,0.394920,0.043655,0.255642,0.795627,0.618758,0.695724,0.051569,0.440536,0.934191,2.484087,3.011878,1.593620,2.321178,0.000000,0.000000,0.000000,0.000000,0.000000,0.000000
0.849670,0.193612,0.529630,0.744875,0.808736,0.485949,0.815384,0.020954,0.717362,0.655826,2.635781,2.935239,2.588656,2.554277,0.000000,0.000000,0.000000,0.000000,0.000000,0.000000
0.779615,0.548899,0.673498,0.597336,0.293853,0.959573,0.265723,0.979526,0.820037,0.781331,2.144631,3.135494,3.331843,3.574419,0.000000,0.000000,0.000000,0.000000,0.000000,0.000000
0.559778,0.469397,0.077260,0.764090,0.695517,0.988802,0.903395,0.233011,0.949442,0.620739,2.881147,3.627300,1.545266,2.775404,0.000000,0.000000,0.000000,0.000000,0.000000,0.000000
0.991196,0.594682,0.603388,0.124947,0.222886,0.478668,0.773535,0.098880,0.147970,0.184164,1.993071,2.420496,2.227625,1.169924,0.000000,0.000000,0.000000,0.000000,0.000000,0.000000
0.343056,0.151243,0.180172,0.286053,0.503762,0.003266,0.221386,0.572970,0.486127,0.441175,1.500342,1.632505,1.816481,1.761599,0.000000,0.000000,0.000000,0.000000,0.000000,0.000000
0.465025,0.459940,0.907074,0.487365,0.028945,0.685491,0.308442,0.181778,0.346815,0.698626,1.947478,1.587321,2.847216,1.926415,0.000000,0.000000,0.000000,0.000000,0.000000,0.000000
0.176403,0.912149,0.123199,0.328240,0.781673,0.102545,0.944926,0.710652,0.241246,0.017139,2.680554,1.807197,2.229036,1.604045,0.000000,0.000000,0.000000,0.000000,0.000000,0.000000
0.420848,0.937719,0.562804,0.624437,0.049792,0.819869,0.173742,0.498326,0.924991,0.695512,2.702288,2.544775,2.374060,2.713023,0.000000,0.000000,0.000000,0.000000,0.000000,0.000000
0.168352,0.726696,0.068070,0.903855,0.841027,0.144318,0.247074,0.952594,0.455582,0.346772,2.458991,1.957217,2.638458,3.137677,0.000000,0.000000,0.000000,0.000000,0.000000,0.000000
0.289839,0.299724,0.230852,0.378838,0.556759,0.101806,0.567109,0.063878,0.945610,0.628395,1.997530,2.419725,1.638370,2.337286,0.000000,0.000000,0.000000,0.000000,0.000000,0.000000
0.705621,0.733345,0.302702,0.578427,0.478328,0.906306,0.837850,0.731577,0.525155,0.484643,2.692967,2.692455,2.250050,2.260009,0.000000,0.000000,0.000000,0.000000,0.000000,0.000000
0.360659,0.726202,0.053696,0.445135,0.248269,0.097632,0.224670,0.371923,0.374404,0.772981,2.245695,1.327204,1.261021,2.053539,0.000000,0.000000,0.000000,0.000000,0.000000,0.000000
0.068241,0.534728,0.633700,0.167257,0.421355,0.189502,0.200956,0.615054,0.322765,0.137545,1.331608,1.490913,2.720499,1.496446,0.000000,0.000000,0.000000,0.000000,0.000000,0.000000
0.170526,0.932290,0.498533,0.343600,0.970744,0.081327,0.306913,0.840656,0.133573,0.638936,2.557382,1.980586,3.618543,2.011901,0.000000,0.000000,0.000000,0.000000,0.000000,0.000000
0.572733,0.839715,0.433884,0.585468,0.630097,0.459240,0.941996,0.795409,0.685131,0.208771,2.805723,2.270201,2.750606,2.437281,0.000000,0.000000,0.000000,0.000000,0.000000,0.000000
0.858147,0.888780,0.657285,0.007716,0.086546,0.766586,0.644920,0.670106,0.713748,0.705506,2.823501,2.580118,2.764261,2.266604,0.000000,0.000000,0.000000,0.000000,0.000000,0.000000
0.885441,0.280683,0.708924,0.182231,0.015679,0.774196,0.024404,0.663404,0.489490,0.219569,1.243380,2.347005,2.857957,1.726976,0.000000,0.000000,0.000000,0.000000,0.000000,0.000000
0.726355,0.204294,0.981187,0.828028,0.611380,0.398477,0.316851,0.161945,0.553008,0.449377,2.028386,2.217637,3.217126,2.330073,0.000000,0.000000,0.000000,0.000000,0.000000,0.000000
0.623919,0.306154,0.157657,0.974193,0.414205,0.957313,0.090364,0.523247,0.839090,0.021457,1.959017,3.072969,1.660165,2.863111,0.000000,0.000000,0.000000,0.000000,0.000000,0.000000
0.800933,0.637597,0.176431,0.678446,0.996654,0.748301,0.748166,0.494611,0.858828,0.142100,2.172920,3.601582,2.587499,2.381834,0.000000,0.000000,0.000000,0.000000,0.000000,0.000000
0.689150,0.829041,0.912231,0.879583,0.495007,0.300672,0.437107,0.605740,0.171340,0.048866,2.408297,1.815997,3.312676,2.079755,0.000000,0.000000,0.000000,0.000000,0.000000,0.000000
0.968648,0.416423,0.658637,0.171783,0.665745,0.427251,0.763177,0.434759,0.788686,0.323774,1.979294,3.219239,2.801358,1.887864,0.000000,0.000000,0.000000,0.000000,0.000000,0.000000
0.614108,0.086323,0.754081,0.322586,0.954645,0.963751,0.666738,0.708448,0.947188,0.893303,2.349315,3.875471,3.880072,3.016000,0.000000,0.000000,0.000000,0.000000,0.000000,0.000000
0.061674,0.628119,0.218393,0.750572,0.487302,0.024898,0.691885,0.137878,0.871627,0.400783,2.444676,2.150141,1.571513,2.499724,0.000000,0.000000,0.000000,0.000000,0.000000,0.000000
0.095772,0.491103,0.630193,0.160914,0.522710,0.147299,0.079830,0.078107,0.975990,0.393863,1.519351,2.474176,2.409304,2.063019,0.000000,0.000000,0.000000,0.000000,0.000000,0.000000
0.187653,0.378775,0.720847,0.986830,0.330702,0.633110,0.860305,0.029515,0.835897,0.996916,3.739734,2.316831,2.478733,3.800506,0.000000,0.000000,0.000000,0.000000,0.000000,0.000000
0.239796,0.034779,0.334484,0.322407,0.117668,0.554563,0.493447,0.001542,0.235838,0.526269,1.780606,1.441632,1.670599,1.485540,0.000000,0.000000,0.000000,0.000000,0.000000,0.000000
0.360085,0.323363,0.344250,0.995069,0.609520,0.788642,0.316432,0.884602,0.528089,0.166107,2.280468,2.395560,2.697467,3.135172,0.000000,0.000000,0.000000,0.000000,0.000000,0.000000
0.107248,0.189276,0.651353,0.202967,0.135146,0.664679,0.614339,0.282147,0.971488,0.411667,1.797557,2.493957,2.384782,2.088786,0.000000,0.000000,0.000000,0.000000,0.000000,0.000000
0.945765,0.560089,0.012290,0.249547,0.275707,0.463769,0.123107,0.325421,0.626578,0.136325,1.331058,2.536863,1.151437,1.702599,0.000000,0.000000,0.000000,0.000000,0.000000,0.000000
0.504411,0.912572,0.359011,0.186757,0.448201,0.972751,0.619106,0.174341,0.302791,0.259615,2.404102,2.486941,1.838454,1.356091,0.000000,0.000000,0.000000,0.000000,0.000000,0.000000
0.585208,0.343321,0.057711,0.629660,0.617006,0.082410,0.702915,0.146261,0.633382,0.619358,2.311104,1.995179,1.371707,2.267901,0.000000,0.000000,0.000000,0.000000,0.000000,0.000000
0.020616,0.118332,0.670553,0.964958,0.432309,0.570713,0.575120,0.603844,0.031883,0.296351,2.495802,1.758055,2.786528,2.122008,0.000000,0.000000,0.000000,0.000000,0.000000,0.000000
0.192002,0.814547,0.518956,0.842063,0.345577,0.015384,0.654582,0.962987,0.305999,0.000429,2.472127,1.375825,3.006527,2.875037,0.000000,0.000000,0.000000,0.000000,0.000000,0.000000
0.798772,0.596555,0.067807,0.327041,0.865373,0.617094,0.268537,0.125431,0.860822,0.318078,1.613930,3.291151,1.799399,2.000207,0.000000,0.000000,0.000000,0.000000,0.000000,0.000000
0.844169,0.917282,0.229722,0.091886,0.318234,0.078624,0.423943,0.565691,0.878714,0.690302,2.641908,2.510733,1.811678,2.318501,0.000000,0.000000,0.000000,0.000000,0.000000,0.000000
0.754639,0.286193,0.170612,0.146892,0.539069,0.063588,0.075045,0.350343,0.714026,0.820614,1.850152,2.231455,1.620616,2.303275,0.000000,0.000000,0.000000,0.000000,0.000000,0.000000
0.281261,0.178692,0.700663,0.536954,0.137158,0.187785,0.302469,0.842435,0.350959,0.808389,1.988710,1.221908,3.113604,2.671225,0.000000,0.000000,0.000000,0.000000,0.000000,0.000000
0.575903,0.684889,0.266379,0.210472,0.128791,0.496631,0.495946,0.900976,0.555602,0.563712,2.132900,1.656946,2.346652,2.437983,0.000000,0.000000,0.000000,0.000000,0.000000,0.000000
0.448942,0.792176,0.443252,0.581787,0.490671,0.818972,0.767658,0.183682,0.702559,0.576219,2.777208,2.548784,2.038376,2.233495,0.000000,0.000000,0.000000,0.000000,0.000000,0.000000
0.894722,0.937272,0.395551,0.362202,0.594236,0.073202,0.738616,0.364046,0.676405,0.083690,2.469827,2.549908,2.133466,1.825745,0.000000,0.000000,0.000000,0.000000,0.000000,0.000000
0.353309,0.365763,0.736947,0.790900,0.525530,0.737402,0.839514,0.441628,0.977553,0.864548,3.009544,3.019033,2.814071,3.287316,0.000000,0.000000,0.000000,0.000000,0.000000,0.000000
0.652814,0.615281,0.690960,0.699613,0.844731,0.732674,0.181259,0.155411,0.368498,0.069197,1.574548,2.613198,3.008847,1.858871,0.000000,0.000000,0.000000,0.000000,0.000000,0.000000
0.950274,0.271813,0.372835,0.764192,0.141762,0.640670,0.477992,0.824120,0.325544,0.701378,2.290980,2.402168,2.427694,2.715840,0.000000,0.000000,0.000000,0.000000,0.000000,0.000000
0.959734,0.033436,0.481062,0.349467,0.294774,0.216337,0.389159,0.039358,0.939632,0.162146,1.328543,3.019590,1.989286,2.066024,0.000000,0.000000,0.000000,0.000000,0.000000,0.000000
0.019923,0.846455,0.197509,0.589824,0.258673,0.655783,0.857239,0.204536,0.201456,0.235552,2.697914,1.696901,1.454161,1.564168,0.000000,0.000000,0.000000,0.000000,0.000000,0.000000
0.224881,0.764688,0.582395,0.549857,0.967289,0.300895,0.984809,0.701204,0.122650,0.252228,2.760637,2.062229,3.561518,1.682795,0.000000,0.000000,0.000000,0.000000,0.000000,0.000000
0.405030,0.851315,0.368117,0.698523,0.111373,0.406551,0.529781,0.437863,0.772868,0.639760,2.775487,1.765221,1.929339,2.559410,0.000000,0.000000,0.000000,0.000000,0.000000,0.000000
0.733292,0.512133,0.572418,0.219545,0.793858,0.069803,0.527687,0.979436,0.533005,0.253632,1.668730,2.239294,3.604430,2.517768,0.000000,0.000000,0.000000,0.000000,0.000000,0.000000
0.165746,0.836151,0.380690,0.194815,0.350474,0.733444,0.273555,0.850816,0.111396,0.420943,2.081809,1.890551,2.528317,1.747950,0.000000,0.000000,0.000000,0.000000,0.000000,0.000000
0.093044,0.652076,0.461942,0.733164,0.877704,0.861719,0.170268,0.104129,0.791216,0.579740,2.174934,3.115659,2.610878,2.523713,0.000000,0.000000,0.000000,0.000000,0.000000,0.000000
0.319352,0.938869,0.118214,0.614265,0.872883,0.845687,0.620379,0.002745,0.582884,0.562482,2.917313,2.796508,1.901508,2.138167,0.000000,0.000000,0.000000,0.000000,0.000000,0.000000
0.180268,0.495518,0.388755,0.137973,0.409477,0.504335,0.498875,0.763942,0.973307,0.443366,1.814273,2.586927,2.429777,2.420096,0.000000,0.000000,0.000000,0.000000,0.000000,0.000000
0.279443,0.093559,0.230170,0.239480,0.423857,0.340777,0.354427,0.229216,0.645867,0.219774,1.349501,1.815503,1.589028,1.716593,0.000000,0.000000,0.000000,0.000000,0.000000,0.000000
0.518763,0.620030,0.854184,0.374156,0.036052,0.755064,0.907819,0.742355,0.244575,0.971508,3.053603,1.693226,3.259505,2.605204,0.000000,0.000000,0.000000,0.000000,0.000000,0.000000
0.103687,0.092146,0.521343,0.788113,0.142109,0.069528,0.091639,0.418622,0.555284,0.315312,1.710285,1.318275,2.220800,2.238466,0.000000,0.000000,0.000000,0.000000,0.000000,0.000000
0.190833,0.480164,0.122788,0.156168,0.181482,0.088172,0.849255,0.179111,0.643790,0.223562,2.056097,1.457411,1.283635,1.680381,0.000000,0.000000,0.000000,0.000000,0.000000,0.000000
0.311180,0.258792,0.788464,0.071804,0.802469,0.929937,0.229855,0.295805,0.192940,0.478143,1.548335,2.683811,3.181184,1.315065,0.000000,0.000000,0.000000,0.000000,0.000000,0.000000
0.642485,0.561068,0.227339,0.428806,0.076184,0.254182,0.245253,0.731672,0.300744,0.533434,1.804015,1.338387,1.990463,1.923001,0.000000,0.000000,0.000000,0.000000,0.000000,0.000000
0.422292,0.761908,0.636295,0.375267,0.296893,0.074263,0.087601,0.615947,0.637279,0.319834,1.789630,1.593024,2.678150,1.954759,0.000000,0.000000,0.000000,0.000000,0.000000,0.000000
0.936874,0.301010,0.013733,0.166605,0.750558,0.720933,0.990219,0.605608,0.281536,0.492873,2.501450,3.063033,1.817044,1.563537,0.000000,0.000000,0.000000,0.000000,0.000000,0.000000
0.395430,0.276954,0.136052,0.610407,0.754317,0.647505,0.625191,0.954288,0.530157,0.113614,1.664550,2.347040,2.611974,2.733533,0.000000,0.000000,0.000000,0.000000,0.000000,0.000000
0.058470,0.559646,0.535784,0.976515,0.661436,0.054798,0.556242,0.624820,0.339202,0.628547,3.022555,1.703478,2.751345,2.693518,0.000000,0.000000,0.000000,0.000000,0.000000,0.000000
0.210142,0.879659,0.866501,0.211142,0.706666,0.979439,0.822848,0.930164,0.678702,0.629330,2.989078,2.980552,3.951100,2.721113,0.000000,0.000000,0.000000,0.000000,0.000000,0.000000
0.337702,0.964036,0.577504,0.009280,0.673922,0.012648,0.484859,0.911076,0.479476,0.853190,2.984219,1.797318,3.291144,2.789627,0.000000,0.000000,0.000000,0.000000,0.000000,0.000000
0.821297,0.960169,0.552066,0.653043,0.210592,0.769092,0.468648,0.154282,0.384437,0.089572,2.376280,2.313899,2.137274,1.812188,0.000000,0.000000,0.000000,0.000000,0.000000,0.000000
0.769639,0.276854,0.197171,0.563680,0.702217,0.526562,0.469623,0.779126,0.349219,0.625497,1.968218,2.372944,2.347648,2.280171,0.000000,0.000000,0.000000,0.000000,0.000000,0.000000
0.012825,0.608429,0.086330,0.193069,0.268897,0.558345,0.301570,0.727744,0.408812,0.502183,1.819750,1.648969,1.721714,1.853221,0.000000,0.000000,0.000000,0.000000,0.000000,0.000000
0.116651,0.830509,0.642970,0.329431,0.924784,0.250736,0.196618,0.340355,0.540017,0.958568,2.581844,2.145316,3.192679,2.542744,0.000000,0.000000,0.000000,0.000000,0.000000,0.000000
0.840933,0.737964,0.090301,0.421050,0.393355,0.703092,0.085398,0.802432,0.000374,0.081512,1.522123,2.387781,1.885361,1.592802,0.000000,0.000000,0.000000,0.000000,0.000000,0.000000
0.454743,0.591821,0.799958,0.537535,0.097903,0.739008,0.392402,0.802688,0.329219,0.637681,2.082436,1.722481,3.245163,2.292601,0.000000,0.000000,0.000000,0.000000,0.000000,0.000000
0.118169,0.239920,0.143816,0.610962,0.247845,0.799499,0.103593,0.368316,0.979927,0.462890,1.626766,2.828222,1.438513,2.470787,0.000000,0.000000,0.000000,0.000000,0.000000,0.000000
0.212802,0.136659,0.916881,0.376904,0.210476,0.469369,0.261140,0.834086,0.639089,0.669360,1.760287,1.693860,3.538786,2.565047,0.000000,0.000000,0.000000,0.000000,0.000000,0.000000
0.311196,0.012455,0.663792,0.292820,0.365131,0.905538,0.944788,0.539781,0.819697,0.717035,2.617012,2.745264,2.667627,2.358988,0.000000,0.000000,0.000000,0.000000,0.000000,0.000000
0.560234,0.946911,0.116960,0.852786,0.353150,0.169224,0.261550,0.762251,0.602572,0.401714,2.848043,1.699086,1.858989,2.732233,0.000000,0.000000,0.000000,0.000000,0.000000,0.000000
0.285827,0.477848,0.294852,0.895908,0.487304,0.824350,0.992975,0.312240,0.277194,0.172109,2.911469,2.194830,1.802917,2.094450,0.000000,0.000000,0.000000,0.000000,0.000000,0.000000
0.915581,0.332099,0.587105,0.981914,0.177384,0.642605,0.498245,0.445299,0.133259,0.047848,2.262319,2.295419,2.378083,2.136844,0.000000,0.000000,0.000000,0.000000,0.000000,0.000000
0.452943,0.190194,0.585930,0.678366,0.654880,0.298833,0.019560,0.986450,0.051448,0.181633,1.400661,1.786407,3.425801,2.464511,0.000000,0.000000,0.000000,0.000000,0.000000,0.000000
0.832657,0.809618,0.772864,0.692106,0.459341,0.645722,0.934373,0.720446,0.862024,0.363335,2.996528,2.997545,3.161690,2.658405,0.000000,0.000000,0.000000,0.000000,0.000000,0.000000
0.878050,0.042581,0.070023,0.736195,0.814848,0.978671,0.581263,0.026320,0.373716,0.536965,2.168654,3.419235,1.681780,2.070523,0.000000,0.000000,0.000000,0.000000,0.000000,0.000000
0.768885,0.680765,0.264129,0.814658,0.777971,0.425813,0.131420,0.041845,0.263843,0.439953,2.213173,2.327154,2.000869,2.012670,0.000000,0.000000,0.000000,0.000000,0.000000,0.000000
0.805691,0.530447,0.839267,0.147381,0.445404,0.512129,0.543363,0.296897,0.766901,0.286739,1.731708,2.580103,2.855044,1.819968,0.000000,0.000000,0.000000,0.000000,0.000000,0.000000
0.081113,0.354628,0.912296,0.821136,0.020421,0.905565,0.437148,0.308661,0.351257,0.999182,2.689510,1.883851,2.919872,3.032145,0.000000,0.000000,0.000000,0.000000,0.000000,0.000000
0.139931,0.381322,0.257649,0.265095,0.322334,0.491337,0.399458,0.962918,0.904630,0.313393,1.533345,2.304439,2.475999,2.865405,0.000000,0.000000,0.000000,0.000000,0.000000,0.000000
0.411568,0.379728,0.285590,0.039852,0.608382,0.071149,0.508916,0.552360,0.691161,0.478918,1.792670,1.972307,2.101462,1.895682,0.000000,0.000000,0.000000,0.000000,0.000000,0.000000
0.098642,0.266396,0.177679,0.202492,0.941280,0.254476,0.701222,0.256613,0.210866,0.713359,2.225657,2.015509,2.255190,1.619220,0.000000,0.000000,0.000000,0.000000,0.000000,0.000000
0.016496,0.413956,0.519034,0.681046,0.353683,0.632610,0.762702,0.121614,0.587362,0.681697,2.549479,1.956515,2.097101,2.368196,0.000000,0.000000,0.000000,0.000000,0.000000,0.000000
0.905769,0.389363,0.186390,0.962339,0.340111,0.320148,0.059820,0.848042,0.845931,0.874504,2.794766,2.721036,2.131298,3.958023,0.000000,0.000000,0.000000,0.000000,0.000000,0.000000
0.465080,0.136427,0.236880,0.011369,0.265451,0.886771,0.238697,0.594181,0.962769,0.424601,1.484117,2.991014,1.845515,2.164094,0.000000,0.000000,0.000000,0.000000,0.000000,0.000000
0.431498,0.441852,0.315019,0.238646,0.764635,0.142822,0.943351,0.624799,0.904763,0.071066,2.050484,2.560336,2.467470,2.114466,0.000000,0.000000,0.000000,0.000000,0.000000,0.000000
0.589160,0.077568,0.275495,0.838965,0.376996,0.773674,0.733124,0.064212,0.138844,0.237356,2.270715,2.098729,1.608694,1.856096,0.000000,0.000000,0.000000,0.000000,0.000000,0.000000
0.879700,0.299988,0.373017,0.753549,0.628425,0.944844,0.860534,0.308936,0.949777,0.776169,2.866122,3.976804,2.089652,2.994315,0.000000,0.000000,0.000000,0.000000,0.000000,0.000000
0.465254,0.775453,0.020664,0.456050,0.901554,0.324526,0.989510,0.400766,0.650735,0.004711,2.493399,2.329284,1.934724,1.884514,0.000000,0.000000,0.000000,0.000000,0.000000,0.000000
0.565713,0.466839,0.911830,0.337356,0.603760,0.726826,0.580255,0.693644,0.526641,0.686882,2.138273,2.380520,3.524890,2.196024,0.000000,0.000000,0.000000,0.000000,0.000000,0.000000
0.136737,0.003740,0.726635,0.778704,0.465800,0.085304,0.883791,0.138707,0.775279,0.767799,2.916583,1.939414,2.573573,2.834658,0.000000,0.000000,0.000000,0.000000,0.000000,0.000000
0.688446,0.527064,0.207511,0.294812,0.883521,0.850144,0.941913,0.257140,0.118282,0.508441,2.549612,2.832558,2.170827,1.341007,0.000000,0.000000,0.000000,0.000000,0.000000,0.000000
0.851220,0.103792,0.675852,0.684307,0.338257,0.681264,0.574233,0.394433,0.716406,0.644117,2.194261,2.695073,2.545983,2.476122,0.000000,0.000000,0.000000,0.000000,0.000000,0.000000
0.385502,0.367290,0.640164,0.693178,0.185742,0.866073,0.609457,0.098729,0.050243,0.986445,2.638306,1.958037,2.296484,2.490716,0.000000,0.000000,0.000000,0.000000,0.000000,0.000000
0.372213,0.239390,0.854189,0.827215,0.261998,0.505582,0.072013,0.095731,0.521642,0.103302,1.590451,1.678749,2.735527,2.207112,0.000000,0.000000,0.000000,0.000000,0.000000,0.000000
0.361744,0.692508,0.917777,0.964827,0.164851,0.381918,0.515261,0.019706,0.723084,0.725708,3.189863,1.705902,2.840423,3.036170,0.000000,0.000000,0.000000,0.000000,0.000000,0.000000
0.212810,0.092851,0.542511,0.632978,0.386402,0.893418,0.826553,0.260044,0.282481,0.119000,1.963520,2.209189,2.210338,1.689401,0.000000,0.000000,0.000000,0.000000,0.000000,0.000000
0.902266,0.627707,0.756512,0.077554,0.728541,0.916873,0.764440,0.968855,0.368303,0.340439,2.172171,3.281888,3.838393,2.294895,0.000000,0.000000,0.000000,0.000000,0.000000,0.000000
0.528082,0.619616,0.935606,0.671127,0.467968,0.344629,0.153907,0.475257,0.271297,0.657627,2.122069,1.684474,3.199564,2.057131,0.000000,0.000000,0.000000,0.000000,0.000000,0.000000
0.226506,0.822172,0.281017,0.110691,0.123935,0.092554,0.324221,0.746157,0.612459,0.537254,2.198283,1.364870,2.120686,2.089755,0.000000,0.000000,0.000000,0.000000,0.000000,0.000000
0.200687,0.461361,0.764053,0.530521,0.379646,0.961916,0.287538,0.310867,0.875021,0.810808,2.070904,2.976522,2.679464,2.698845,0.000000,0.000000,0.000000,0.000000,0.000000,0.000000
0.010985,0.383787,0.968878,0.983315,0.756286,0.150753,0.366779,0.200695,0.108706,0.383967,2.509935,1.780297,3.410607,2.133846,0.000000,0.000000,0.000000,0.000000,0.000000,0.000000
0.415724,0.128618,0.473619,0.604989,0.698938,0.016641,0.867759,0.200922,0.298228,0.947616,2.836715,1.755608,2.329048,2.516807,0.000000,0.000000,0.000000,0.000000,0.000000,0.000000
0.943037,0.964314,0.513373,0.734759,0.672977,0.534830,0.070845,0.212779,0.097527,0.198824,2.392021,2.750834,2.376811,1.647307,0.000000,0.000000,0.000000,0.000000,0.000000,0.000000
0.216898,0.648098,0.729994,0.334397,0.889030,0.182289,0.540203,0.368421,0.716476,0.355789,1.932334,2.292267,3.298390,1.891759,0.000000,0.000000,0.000000,0.000000,0.000000,0.000000
0.464289,0.515978,0.429694,0.960236,0.311043,0.828529,0.155393,0.911050,0.423838,0.412067,2.423765,2.120108,2.719493,3.104779,0.000000,0.000000,0.000000,0.000000,0.000000,0.000000
0.830603,0.925330,0.845636,0.920507,0.526963,0.566306,0.583330,0.772020,0.867556,0.788185,3.638733,2.976598,3.433619,3.559771,0.000000,0.000000,0.000000,0.000000,0.000000,0.000000
0.807834,0.050007,0.913456,0.927415,0.439519,0.025398,0.262108,0.290882,0.435461,0.944483,2.753078,1.948621,2.996430,3.145242,0.000000,0.000000,0.000000,0.000000,0.000000,0.000000
0.444400,0.387017,0.678529,0.383196,0.645860,0.353906,0.056975,0.494907,0.025310,0.390986,1.473762,1.810128,2.871401,1.291912,0.000000,0.000000,0.000000,0.000000,0.000000,0.000000
0.300222,0.538528,0.884493,0.376894,0.381939,0.931464,0.943285,0.901280,0.419082,0.628990,2.695135,2.331291,3.637010,2.469819,0.000000,0.000000,0.000000,0.000000,0.000000,0.000000
0.983330,0.449714,0.917866,0.268697,0.215700,0.858143,0.299779,0.233168,0.037470,0.809137,1.995168,2.887130,2.900134,1.642368,0.000000,0.000000,0.000000,0.000000,0.000000,0.000000
0.843702,0.406759,0.894614,0.457040,0.124076,0.981340,0.341865,0.354249,0.875018,0.342112,1.569916,3.263775,2.916630,2.139693,0.000000,0.000000,0.000000,0.000000,0.000000,0.000000
0.114125,0.796904,0.465193,0.273152,0.097791,0.160220,0.097538,0.777521,0.918541,0.734799,2.255959,1.898621,2.535861,2.755360,0.000000,0.000000,0.000000,0.000000,0.000000,0.000000
0.257484,0.884385,0.341501,0.559874,0.593015,0.399386,0.083251,0.491972,0.733304,0.266526,2.063423,2.151242,2.133582,2.124277,0.000000,0.000000,0.000000,0.000000,0.000000,0.000000
0.966108,0.548198,0.336872,0.623278,0.694509,0.990746,0.466137,0.455750,0.935847,0.100319,1.633262,4.366881,2.216444,2.368475,0.000000,0.000000,0.000000,0.000000,0.000000,0.000000
0.362785,0.323357,0.033114,0.057968,0.516948,0.110662,0.040833,0.455933,0.938115,0.020985,1.056474,2.372114,1.412250,1.984696,0.000000,0.000000,0.000000,0.000000,0.000000,0.000000
0.796497,0.752144,0.425445,0.597542,0.522273,0.440234,0.350400,0.086689,0.104987,0.844609,2.520382,2.119709,2.000865,2.064612,0.000000,0.000000,0.000000,0.000000,0.000000,0.000000
0.401723,0.345762,0.000984,0.233631,0.325189,0.966223,0.878853,0.397630,0.861607,0.597624,2.414322,2.924447,1.194466,2.154632,0.000000,0.000000,0.000000,0.000000,0.000000,0.000000
0.013133,0.381128,0.213529,0.476136,0.138368,0.002531,0.618645,0.738815,0.921428,0.746528,2.236007,1.920694,1.975554,2.862126,0.000000,0.000000,0.000000,0.000000,0.000000,0.000000
0.668363,0.028902,0.642142,0.507022,0.000957,0.886056,0.985726,0.959426,0.212958,0.326107,2.363872,1.995258,3.204781,2.352025,0.000000,0.000000,0.000000,0.000000,0.000000,0.000000
0.908145,0.123670,0.597558,0.214764,0.988381,0.411314,0.761707,0.798105,0.849039,0.192798,1.777015,3.449779,3.797633,2.308062,0.000000,0.000000,0.000000,0.000000,0.000000,0.000000
0.938296,0.023542,0.396410,0.342179,0.603471,0.764609,0.560753,0.434639,0.308962,0.691694,2.019860,2.992695,2.201503,1.792670,0.000000,0.000000,0.000000,0.000000,0.000000,0.000000
0.936264,0.029091,0.212978,0.191992,0.764283,0.985936,0.115801,0.923574,0.946146,0.640761,1.655554,4.351749,2.725385,2.973679,0.000000,0.000000,0.000000,0.000000,0.000000,0.000000
0.052190,0.057050,0.212584,0.498300,0.531144,0.398533,0.449116,0.138926,0.681882,0.669864,1.933409,2.007030,1.594312,2.231136,0.000000,0.000000,0.000000,0.000000,0.000000,0.000000
0.591663,0.983744,0.329877,0.559092,0.406544,0.548465,0.897104,0.651993,0.980375,0.172563,3.027087,2.772176,2.152043,2.478802,0.000000,0.000000,0.000000,0.000000,0.000000,0.000000
0.584880,0.459696,0.655210,0.073037,0.753635,0.920722,0.657671,0.702756,0.742865,0.585973,2.115676,3.128334,3.232324,2.193306,0.000000,0.000000,0.000000,0.000000,0.000000,0.000000
0.677436,0.119627,0.945187,0.197926,0.289561,0.200561,0.600472,0.507214,0.275130,0.201780,1.565594,1.561219,3.171919,1.388706,0.000000,0.000000,0.000000,0.000000,0.000000,0.000000
0.634105,0.967210,0.734672,0.722392,0.346860,0.565462,0.485373,0.291002,0.679045,0.121812,2.534547,2.141391,2.595758,2.209873,0.000000,0.000000,0.000000,0.000000,0.000000,0.000000
0.049813,0.350716,0.790540,0.975154,0.922657,0.310187,0.047700,0.100998,0.853948,0.032783,1.982454,2.641601,3.376734,2.805012,0.000000,0.000000,0.000000,0.000000,0.000000,0.000000
0.838191,0.422776,0.423753,0.785355,0.466708,0.875387,0.187803,0.630036,0.065279,0.401493,1.892750,2.726885,2.346107,1.904346,0.000000,0.000000,0.000000,0.000000,0.000000,0.000000
0.923427,0.186064,0.896393,0.010943,0.228547,0.569695,0.670460,0.370244,0.013904,0.969568,2.425525,2.280230,2.941804,1.944268,0.000000,0.000000,0.000000,0.000000,0.000000,0.000000
0.833815,0.681145,0.556255,0.114663,0.621044,0.365688,0.398307,0.741557,0.354124,0.499213,1.974058,2.282549,2.901951,1.794081,0.000000,0.000000,0.000000,0.000000,0.000000,0.000000
0.661189,0.749806,0.664204,0.671427,0.664023,0.921036,0.563625,0.285047,0.836846,0.067558,2.010013,3.289502,2.702444,2.294571,0.000000,0.000000,0.000000,0.000000,0.000000,0.000000
0.584154,0.411357,0.071397,0.110640,0.125964,0.160998,0.710107,0.623876,0.577063,0.107574,1.681583,1.460489,1.534014,1.742042,0.000000,0.000000,0.000000,0.000000,0.000000,0.000000
0.803631,0.760086,0.408348,0.759675,0.372049,0.399497,0.227311,0.397252,0.140289,0.180154,2.004002,1.951495,2.026004,1.748146,0.000000,0.000000,0.000000,0.000000,0.000000,0.000000
0.520290,0.481877,0.028749,0.643507,0.157829,0.970409,0.504251,0.619149,0.904317,0.716885,2.254528,2.912342,1.444774,2.833797,0.000000,0.000000,0.000000,0.000000,0.000000,0.000000
0.604723,0.422814,0.695054,0.872980,0.418777,0.609238,0.418768,0.311453,0.249097,0.463102,2.294844,1.939133,2.560553,2.119919,0.000000,0.000000,0.000000,0.000000,0.000000,0.000000
0.908049,0.059460,0.955825,0.965472,0.653909,0.979976,0.587001,0.836044,0.643344,0.115159,2.328816,3.560424,3.890228,3.065564,0.000000,0.000000,0.000000,0.000000,0.000000,0.000000
0.754113,0.150179,0.675591,0.648961,0.346635,0.333550,0.301838,0.207451,0.152145,0.889349,2.161211,1.784817,2.435868,2.278572,0.000000,0.000000,0.000000,0.000000,0.000000,0.000000
0.167920,0.050981,0.892721,0.428626,0.985896,0.095866,0.127842,0.208032,0.155142,0.503643,1.553872,1.999616,3.787003,1.468487,0.000000,0.000000,0.000000,0.000000,0.000000,0.000000
0.547979,0.485060,0.469320,0.885252,0.941561,0.542622,0.686825,0.695774,0.071531,0.822746,3.022743,2.326534,3.257469,2.646484,0.000000,0.000000,0.000000,0.000000,0.000000,0.000000
0.073156,0.846072,0.019864,0.211264,0.576816,0.899883,0.023072,0.003974,0.050455,0.674478,2.282654,2.386762,1.231659,1.401921,0.000000,0.000000,0.000000,0.000000,0.000000,0.000000
0.281230,0.847063,0.388492,0.191709,0.554978,0.444067,0.184104,0.328223,0.012641,0.765766,2.408793,1.758431,2.055649,1.510044,0.000000,0.000000,0.000000,0.000000,0.000000,0.000000
0.515426,0.471125,0.802170,0.493779,0.381554,0.476733,0.445394,0.662973,0.144121,0.774041,2.136434,1.682399,3.099420,2.044886,0.000000,0.000000,0.000000,0.000000,0.000000,0.000000
0.054323,0.329874,0.771622,0.705859,0.309476,0.651480,0.776543,0.901199,0.605457,0.332668,2.219823,1.955858,3.385044,2.800112,0.000000,0.000000,0.000000,0.000000,0.000000,0.000000
0.389758,0.184570,0.174244,0.440934,0.056067,0.556441,0.912233,0.804465,0.272019,0.644280,2.520537,1.408898,1.995829,2.152702,0.000000,0.000000,0.000000,0.000000,0.000000,0.000000
0.813075,0.242340,0.113685,0.641342,0.848120,0.757814,0.309957,0.016531,0.962832,0.807579,2.087068,3.752033,1.837702,2.900842,0.000000,0.000000,0.000000,0.000000,0.000000,0.000000
0.558714,0.580992,0.132374,0.969249,0.236457,0.580715,0.103991,0.279607,0.690325,0.750570,2.840052,2.000104,1.356148,3.058717,0.000000,0.000000,0.000000,0.000000,0.000000,0.000000
0.807717,0.230490,0.502016,0.753581,0.979255,0.509042,0.373905,0.119013,0.296833,0.332035,1.806578,2.690166,2.957243,1.901525,0.000000,0.000000,0.000000,0.000000,0.000000,0.000000
0.453328,0.206093,0.237670,0.842073,0.366930,0.524121,0.324719,0.362779,0.874375,0.185042,1.802042,2.352352,1.656352,2.607118,0.000000,0.000000,0.000000,0.000000,0.000000,0.000000
0.030030,0.044826,0.280278,0.920677,0.616004,0.762909,0.848558,0.398648,0.909851,0.423124,2.861767,2.951235,1.953224,2.858506,0.000000,0.000000,0.000000,0.000000,0.000000,0.000000
0.449736,0.043990,0.237409,0.349945,0.929436,0.199632,0.974750,0.027211,0.328572,0.414447,2.379667,2.045672,2.278453,1.522221,0.000000,0.000000,0.000000,0.000000,0.000000,0.000000
0.266657,0.793581,0.865208,0.908123,0.224028,0.169918,0.062568,0.458992,0.859379,0.503495,2.687294,1.892636,2.952334,2.856090,0.000000,0.000000,0.000000,0.000000,0.000000,0.000000
0.039265,0.633160,0.161224,0.310941,0.377245,0.254883,0.017117,0.722014,0.738611,0.373853,1.637322,1.845160,1.897440,2.159306,0.000000,0.000000,0.000000,0.000000,0.000000,0.000000
0.459694,0.644192,0.477874,0.323556,0.525405,0.626614,0.883005,0.433628,0.902280,0.897220,2.955206,2.697260,2.288819,2.764589,0.000000,0.000000,0.000000,0.000000,0.000000,0.000000
0.516164,0.041746,0.606890,0.308331,0.096542,0.133336,0.239856,0.486894,0.677283,0.061372,1.128014,1.495981,2.451746,1.828783,0.000000,0.000000,0.000000,0.000000,0.000000,0.000000
0.422153,0.610457,0.356157,0.671174,0.882738,0.383115,0.119742,0.605324,0.543998,0.999135,2.443892,2.222262,2.766585,3.126139,0.000000,0.000000,0.000000,0.000000,0.000000,0.000000
0.816721,0.272215,0.685987,0.216801,0.653834,0.036289,0.743223,0.569054,0.081869,0.446546,2.021307,2.100634,2.975311,1.322776,0.000000,0.000000,0.000000,0.000000,0.000000,0.000000
0.474752,0.379989,0.967510,0.402383,0.976670,0.853863,0.675399,0.208632,0.289666,0.732790,2.270036,2.780857,3.910178,1.846967,0.000000,0.000000,0.000000,0.000000,0.000000,0.000000
0.587052,0.735762,0.152028,0.133725,0.280161,0.902677,0.997050,0.046035,0.887100,0.175034,2.567764,2.911857,1.328166,1.910349,0.000000,0.000000,0.000000,0.000000,0.000000,0.000000
0.850237,0.802701,0.419389,0.281567,0.024491,0.424747,0.146847,0.279763,0.488801,0.598370,2.143423,1.844277,1.917060,1.788452,0.000000,0.000000,0.000000,0.000000,0.000000,0.000000
0.631219,0.436877,0.993857,0.571856,0.734090,0.218911,0.237210,0.967021,0.563931,0.215986,1.462579,2.120105,4.318436,2.775493,0.000000,0.000000,0.000000,0.000000,0.000000,0.000000
0.819307,0.454560,0.723744,0.993468,0.531125,0.538608,0.827365,0.797712,0.787988,0.845297,3.597881,2.761100,3.233659,3.783890,0.000000,0.000000,0.000000,0.000000,0.000000,0.000000
0.718108,0.773205,0.682347,0.302003,0.914821,0.326100,0.775577,0.738289,0.742284,0.212293,2.284388,2.696076,3.675378,2.140160,0.000000,0.000000,0.000000,0.000000,0.000000,0.000000
0.415377,0.748351,0.264872,0.030243,0.607939,0.385904,0.234086,0.431008,0.156005,0.896409,2.370304,1.790427,1.940200,1.911737,0.000000,0.000000,0.000000,0.000000,0.000000,0.000000
0.768250,0.094723,0.685241,0.871577,0.984601,0.289607,0.406909,0.005411,0.817930,0.680554,2.424042,2.964022,3.325022,2.892778,0.000000,0.000000,0.000000,0.000000,0.000000,0.000000
0.018097,0.395110,0.994905,0.795575,0.486345,0.293696,0.255430,0.611674,0.593320,0.409627,1.937165,1.781468,3.478990,2.434976,0.000000,0.000000,0.000000,0.000000,0.000000,0.000000
0.978169,0.306796,0.572867,0.889068,0.673991,0.363934,0.710422,0.426185,0.164844,0.218623,2.376998,2.726411,2.633538,1.998726,0.000000,0.000000,0.000000,0.000000,0.000000,0.000000
0.654068,0.619818,0.175454,0.929929,0.709750,0.642220,0.612806,0.367432,0.994704,0.976499,3.337972,3.289410,1.843447,3.808839,0.000000,0.000000,0.000000,0.000000,0.000000,0.000000
0.632427,0.249299,0.102903,0.097490,0.782245,0.667887,0.510230,0.166853,0.213630,0.798711,2.074630,2.398038,1.712307,1.733439,0.000000,0.000000,0.000000,0.000000,0.000000,0.000000
0.787806,0.966982,0.028570,0.195139,0.442042,0.792799,0.226702,0.483325,0.552882,0.544282,2.501306,2.624768,1.377118,1.806772,0.000000,0.000000,0.000000,0.000000,0.000000,0.000000
0.813406,0.122851,0.731306,0.590950,0.061303,0.004761,0.805351,0.433151,0.514543,0.122180,1.894581,1.635307,2.650462,1.900790,0.000000,0.000000,0.000000,0.000000,0.000000,0.000000
0.962632,0.209653,0.633104,0.429231,0.188390,0.275377,0.330093,0.990611,0.880423,0.758377,1.910497,2.805376,3.254203,3.463799,0.000000,0.000000,0.000000,0.000000,0.000000,0.000000
0.917604,0.597504,0.408176,0.814517,0.991932,0.994030,0.875364,0.649964,0.596451,0.674346,3.094075,3.901177,3.214796,2.745011,0.000000,0.000000,0.000000,0.000000,0.000000,0.000000
0.837892,0.748300,0.331882,0.406172,0.687982,0.429550,0.096671,0.980816,0.008920,0.600365,2.055940,2.365387,2.951400,2.315734,0.000000,0.000000,0.000000,0.000000,0.000000,0.000000
0.785582,0.234502,0.491868,0.190058,0.881322,0.514438,0.762836,0.601104,0.563997,0.488446,2.084564,2.706233,3.029609,1.847208,0.000000,0.000000,0.000000,0.000000,0.000000,0.000000
0.883714,0.347616,0.792992,0.665227,0.293864,0.082095,0.653415,0.956945,0.503214,0.293598,1.958385,2.037912,3.527105,2.809636,0.000000,0.000000,0.000000,0.000000,0.000000,0.000000
0.412515,0.019461,0.406591,0.447506,0.374648,0.656490,0.102079,0.780344,0.493379,0.372530,1.423062,1.954685,2.474705,2.116145,0.000000,0.000000,0.000000,0.000000,0.000000,0.000000
0.835049,0.524865,0.680499,0.233470,0.571737,0.580770,0.666979,0.634296,0.790343,0.178348,1.770772,2.888950,2.950221,2.012395,0.000000,0.000000,0.000000,0.000000,0.000000,0.000000
0.632966,0.313917,0.198609,0.150539,0.586055,0.056249,0.353380,0.507204,0.196617,0.404578,1.560904,1.757337,1.855760,1.351682,0.000000,0.000000,0.000000,0.000000,0.000000,0.000000
0.708418,0.373841,0.996726,0.212747,0.513122,0.505066,0.125588,0.517260,0.392598,0.387807,1.457875,2.080586,3.396113,1.567771,0.000000,0.000000,0.000000,0.000000,0.000000,0.000000
0.180895,0.347539,0.980699,0.369463,0.933484,0.021683,0.154322,0.191010,0.244682,0.210738,1.295163,1.949674,3.811313,1.391875,0.000000,0.000000,0.000000,0.000000,0.000000,0.000000
0.310912,0.706602,0.206875,0.104180,0.860369,0.499637,0.734670,0.334631,0.571101,0.014723,1.907376,2.305619,2.162604,1.594497,0.000000,0.000000,0.000000,0.000000,0.000000,0.000000
0.347080,0.154865,0.958325,0.816022,0.770283,0.028370,0.071128,0.819795,0.509896,0.782298,2.234483,1.918170,4.045751,3.106217,0.000000,0.000000,0.000000,0.000000,0.000000,0.000000
0.992777,0.357158,0.882997,0.690799,0.448457,0.824732,0.916198,0.512967,0.148935,0.881726,2.994427,3.103362,3.119321,2.380868,0.000000,0.000000,0.000000,0.000000,0.000000,0.000000
0.909911,0.770533,0.844036,0.128042,0.217980,0.295583,0.303486,0.313858,0.644642,0.511956,2.061810,2.258721,2.796937,1.804924,0.000000,0.000000,0.000000,0.000000,0.000000,0.000000
0.075984,0.280153,0.362610,0.123933,0.064050,0.622791,0.728654,0.790546,0.804660,0.589694,2.142855,1.972951,2.350447,2.415659,0.000000,0.000000,0.000000,0.000000,0.000000,0.000000
0.864015,0.706726,0.593832,0.244826,0.223270,0.098198,0.593939,0.554532,0.968050,0.072851,1.782189,2.697387,2.506299,2.122936,0.000000,0.000000,0.000000,0.000000,0.000000,0.000000
0.523763,0.866480,0.569711,0.710045,0.920312,0.222195,0.990728,0.517303,0.808227,0.184034,3.070299,2.572896,3.186504,2.390234,0.000000,0.000000,0.000000,0.000000,0.000000,0.000000
0.522434,0.319251,0.070803,0.823574,0.824171,0.383547,0.652673,0.011167,0.164553,0.755228,2.673804,2.050230,1.701555,2.273586,0.000000,0.000000,0.000000,0.000000,0.000000,0.000000
0.702457,0.528919,0.859009,0.006766,0.483781,0.988173,0.177002,0.228800,0.721733,0.498258,1.677556,3.079705,2.883593,1.848217,0.000000,0.000000,0.000000,0.000000,0.000000,0.000000
0.846773,0.108445,0.907189,0.534308,0.226568,0.036015,0.457065,0.427876,0.925822,0.293625,1.585310,2.535554,3.009086,2.270139,0.000000,0.000000,0.000000,0.000000,0.000000,0.000000
0.611426,0.649409,0.282932,0.693472,0.185105,0.495540,0.943105,0.361649,0.465894,0.475408,2.870000,1.671549,1.702997,2.071352,0.000000,0.000000,0.000000,0.000000,0.000000,0.000000
0.188303,0.557386,0.233128,0.471878,0.794048,0.169147,0.240624,0.939374,0.774974,0.162598,1.443247,2.289353,2.849336,2.780613,0.000000,0.000000,0.000000,0.000000,0.000000,0.000000
0.004674,0.422697,0.992171,0.965875,0.950780,0.734334,0.874850,0.363936,0.377210,0.412702,3.123920,2.543698,3.976279,2.397961,0.000000,0.000000,0.000000,0.000000,0.000000,0.000000
0.204100,0.023241,0.604054,0.464527,0.433707,0.381027,0.529915,0.036990,0.781851,0.962866,2.290252,2.058562,2.291058,2.890322,0.000000,0.000000,0.000000,0.000000,0.000000,0.000000
0.681549,0.207879,0.811361,0.695110,0.994000,0.520002,0.290272,0.482347,0.950491,0.301054,1.627756,3.338875,3.837487,2.515084,0.000000,0.000000,0.000000,0.000000,0.000000,0.000000
0.955196,0.241509,0.896281,0.109135,0.013133,0.020600,0.861559,0.257134,0.119063,0.381206,2.137719,1.847716,2.858681,1.190741,0.000000,0.000000,0.000000,0.000000,0.000000,0.000000
0.922213,0.918417,0.278479,0.842425,0.110187,0.135115,0.299834,0.590347,0.472917,0.017593,2.385814,1.957521,1.906806,2.304062,0.000000,0.000000,0.000000,0.000000,0.000000,0.000000
0.105148,0.363031,0.826518,0.297477,0.483934,0.094680,0.085965,0.805882,0.676528,0.692108,1.755174,1.802661,3.415815,2.518330,0.000000,0.000000,0.000000,0.000000,0.000000,0.000000
0.373991,0.515203,0.296420,0.125747,0.373761,0.685536,0.897265,0.452258,0.204907,0.539797,2.481883,1.871887,1.849591,1.419841,0.000000,0.000000,0.000000,0.000000,0.000000,0.000000
0.110115,0.809542,0.124186,0.722866,0.938594,0.344941,0.862732,0.128884,0.181239,0.058934,2.606824,2.063679,2.091847,1.704255,0.000000,0.000000,0.000000,0.000000,0.000000,0.000000
0.203515,0.725131,0.346888,0.049162,0.169240,0.402402,0.880595,0.379402,0.532684,0.469997,2.626735,1.484033,1.842570,1.659643,0.000000,0.000000,0.000000,0.000000,0.000000,0.000000
0.974116,0.832838,0.513369,0.746535,0.073800,0.190943,0.702896,0.421416,0.735517,0.942777,3.325110,2.408576,2.204731,3.162336,0.000000,0.000000,0.000000,0.000000,0.000000,0.000000
0.987110,0.879111,0.465308,0.261728,0.074784,0.648625,0.893146,0.070053,0.047069,0.228983,2.710795,2.445032,1.935943,1.127601,0.000000,0.000000,0.000000,0.000000,0.000000,0.000000
0.704589,0.693138,0.314326,0.878615,0.936737,0.396247,0.475641,0.250352,0.401768,0.612759,2.767933,2.405060,2.513294,2.407735,0.000000,0.000000,0.000000,0.000000,0.000000,0.000000
0.083929,0.334708,0.901372,0.072123,0.017392,0.387801,0.966476,0.055349,0.991159,0.022558,1.994158,2.141541,2.805812,1.996381,0.000000,0.000000,0.000000,0.000000,0.000000,0.000000
0.433524,0.671359,0.048316,0.317070,0.770629,0.206013,0.818105,0.651225,0.034987,0.609125,2.591124,1.848436,1.978379,1.541381,0.000000,0.000000,0.000000,0.000000,0.000000,0.000000
0.267675,0.003426,0.790463,0.968498,0.566050,0.576203,0.907847,0.952055,0.061148,0.919284,3.623291,1.903422,3.668704,3.597582,0.000000,0.000000,0.000000,0.000000,0.000000,0.000000
0.872500,0.899341,0.886709,0.006605,0.776625,0.360558,0.462550,0.802881,0.961159,0.407327,2.348678,3.374082,3.886455,2.444317,0.000000,0.000000,0.000000,0.000000,0.000000,0.000000
0.541161,0.081164,0.128255,0.482532,0.159693,0.205553,0.188045,0.942491,0.382054,0.318163,1.408272,1.343476,2.148872,2.436157,0.000000,0.000000,0.000000,0.000000,0.000000,0.000000
0.045373,0.807606,0.448106,0.941960,0.797565,0.947877,0.564521,0.415742,0.471871,0.157184,2.789894,2.801109,2.576393,2.392918,0.000000,0.000000,0.000000,0.000000,0.000000,0.000000
0.450074,0.905611,0.822967,0.971799,0.852185,0.372763,0.120057,0.764484,0.610275,0.958968,3.607980,2.259458,3.849242,3.778120,0.000000,0.000000,0.000000,0.000000,0.000000,0.000000
0.334565,0.862027,0.479201,0.654553,0.616465,0.444453,0.557358,0.245603,0.372986,0.922902,3.057676,1.878422,2.252998,2.591145,0.000000,0.000000,0.000000,0.000000,0.000000,0.000000
0.920028,0.082784,0.536159,0.325765,0.778613,0.236543,0.137449,0.226825,0.408655,0.706871,1.737592,2.619291,2.595792,1.870624,0.000000,0.000000,0.000000,0.000000,0.000000,0.000000
0.520394,0.100228,0.782643,0.916378,0.738305,0.171061,0.328792,0.813051,0.258324,0.473869,2.288160,1.858144,3.628784,2.641471,0.000000,0.000000,0.000000,0.000000,0.000000,0.000000
0.324847,0.285606,0.383229,0.521358,0.623423,0.916672,0.121207,0.365894,0.149342,0.887678,1.999549,2.478177,2.142634,2.138546,0.000000,0.000000,0.000000,0.000000,0.000000,0.000000
0.322139,0.246599,0.253692,0.317898,0.940730,0.183821,0.910706,0.009641,0.614690,0.503605,2.358199,2.217546,2.339997,1.843473,0.000000,0.000000,0.000000,0.000000,0.000000,0.000000
0.666203,0.289966,0.642286,0.190238,0.563174,0.178271,0.659919,0.312908,0.843277,0.283004,1.744187,2.391604,2.561102,1.911721,0.000000,0.000000,0.000000,0.000000,0.000000,0.000000
0.652829,0.506558,0.689661,0.185122,0.468429,0.988058,0.461711,0.052921,0.122498,0.882969,2.227304,2.628161,2.484908,1.845169,0.000000,0.000000,0.000000,0.000000,0.000000,0.000000
0.566492,0.537832,0.870824,0.853415,0.714516,0.437761,0.919411,0.351125,0.888892,0.171395,2.702731,2.711474,3.229720,2.637443,0.000000,0.000000,0.000000,0.000000,0.000000,0.000000
0.513158,0.635767,0.102824,0.524366,0.017394,0.063870,0.779177,0.480562,0.584672,0.518106,2.457803,1.290681,1.436593,2.052042,0.000000,0.000000,0.000000,0.000000,0.000000,0.000000
0.371823,0.435322,0.481585,0.400415,0.940397,0.198071,0.717978,0.453173,0.008558,0.583083,2.206776,1.998744,3.000174,1.409305,0.000000,0.000000,0.000000,0.000000,0.000000,0.000000
0.700454,0.428700,0.635776,0.290394,0.688290,0.229916,0.956122,0.506804,0.719933,0.938167,2.938236,2.355018,2.854475,2.695967,0.000000,0.000000,0.000000,0.000000,0.000000,0.000000
0.384451,0.679048,0.794362,0.745461,0.278016,0.110224,0.481520,0.609006,0.889099,0.574601,2.428391,2.014841,2.981101,2.772083,0.000000,0.000000,0.000000,0.000000,0.000000,0.000000
0.428002,0.702692,0.086553,0.035373,0.433559,0.712737,0.678647,0.120200,0.946741,0.836951,2.644486,2.823691,1.269052,2.534473,0.000000,0.000000,0.000000,0.000000,0.000000,0.000000
0.156101,0.343510,0.662134,0.056011,0.175702,0.550357,0.079994,0.138280,0.748777,0.618433,1.665376,1.899003,2.348814,1.988805,0.000000,0.000000,0.000000,0.000000,0.000000,0.000000
0.875402,0.564820,0.985535,0.519629,0.060431,0.957182,0.988565,0.442600,0.526844,0.604840,2.835198,2.710122,3.167186,2.056503,0.000000,0.000000,0.000000,0.000000,0.000000,0.000000
0.713426,0.243741,0.854796,0.883295,0.569368,0.844594,0.518583,0.758499,0.872009,0.222474,2.114611,3.204840,3.469491,2.994224,0.000000,0.000000,0.000000,0.000000,0.000000,0.000000
0.296090,0.887619,0.095882,0.725764,0.920981,0.010982,0.237014,0.889118,0.038951,0.000854,2.033805,1.928847,2.763478,2.190623,0.000000,0.000000,0.000000,0.000000,0.000000,0.000000
0.981123,0.478062,0.076826,0.142082,0.384545,0.317244,0.439034,0.286706,0.562124,0.124299,1.426715,2.589413,1.292717,1.590989,0.000000,0.000000,0.000000,0.000000,0.000000,0.000000
0.753445,0.073154,0.518043,0.534989,0.021590,0.274403,0.364514,0.150884,0.556424,0.053758,1.268938,1.591419,2.058862,1.843311,0.000000,0.000000,0.000000,0.000000,0.000000,0.000000
0.644662,0.542927,0.060080,0.543295,0.703309,0.207710,0.095504,0.855777,0.916296,0.597103,1.853387,2.688487,2.200400,2.960695,0.000000,0.000000,0.000000,0.000000,0.000000,0.000000
0.157019,0.472347,0.883125,0.268661,0.638219,0.676858,0.939810,0.468001,0.140730,0.061242,2.055082,2.099750,3.245237,1.261111,0.000000,0.000000,0.000000,0.000000,0.000000,0.000000
0.219369,0.917014,0.919737,0.523300,0.589414,0.599036,0.791578,0.572295,0.363340,0.617964,3.090680,1.998540,3.371763,1.980441,0.000000,0.000000,0.000000,0.000000,0.000000,0.000000
0.998995,0.497329,0.528194,0.340588,0.034242,0.608065,0.743365,0.048504,0.534456,0.273961,1.963016,2.552636,2.058781,1.671024,0.000000,0.000000,0.000000,0.000000,0.000000,0.000000
0.227534,0.350884,0.558146,0.544014,0.853571,0.791800,0.120568,0.960573,0.469187,0.881293,2.026618,2.586484,3.660890,3.300996,0.000000,0.000000,0.000000,0.000000,0.000000,0.000000
0.326469,0.742792,0.317862,0.372844,0.697026,0.837716,0.904332,0.342817,0.024404,0.374408,2.621376,2.410168,2.091895,1.229714,0.000000,0.000000,0.000000,0.000000,0.000000,0.000000
0.470948,0.552915,0.316495,0.331328,0.259009,0.285586,0.379535,0.073903,0.340457,0.430539,1.755671,1.429222,1.655828,1.530071,0.000000,0.000000,0.000000,0.000000,0.000000,0.000000
0.026558,0.242926,0.360071,0.684883,0.787291,0.939678,0.043725,0.143365,0.950364,0.524326,1.760595,3.528645,2.228679,2.563997,0.000000,0.000000,0.000000,0.000000,0.000000,0.000000
0.628027,0.968348,0.667614,0.494737,0.660879,0.411368,0.533263,0.770268,0.044722,0.218924,2.471222,1.985757,3.217186,1.651999,0.000000,0.000000,0.000000,0.000000,0.000000,0.000000
0.168757,0.641705,0.046805,0.662806,0.778211,0.780107,0.682306,0.274285,0.233260,0.976431,2.899212,2.400281,1.640137,2.609176,0.000000,0.000000,0.000000,0.000000,0.000000,0.000000
0.942686,0.838347,0.661319,0.164942,0.368205,0.712162,0.976299,0.433072,0.931723,0.844562,3.387674,3.473924,2.560109,2.596518,0.000000,0.000000,0.000000,0.000000,0.000000,0.000000
0.908182,0.535303,0.421792,0.748584,0.272862,0.193794,0.387074,0.379907,0.286614,0.291253,1.908494,2.014250,2.008228,1.892530,0.000000,0.000000,0.000000,0.000000,0.000000,0.000000
0.717988,0.107672,0.570855,0.068118,0.920320,0.684707,0.361695,0.345945,0.477774,0.847008,1.979101,2.763952,3.040890,2.104400,0.000000,0.000000,0.000000,0.000000,0.000000,0.000000
0.189980,0.409239,0.493820,0.913558,0.297470,0.423258,0.444380,0.200649,0.506933,0.856203,2.818753,1.608192,2.054223,2.970812,0.000000,0.000000,0.000000,0.000000,0.000000,0.000000
0.630395,0.176282,0.078712,0.936743,0.995282,0.160479,0.129823,0.393899,0.993083,0.983485,2.775799,3.158351,2.298491,3.845910,0.000000,0.000000,0.000000,0.000000,0.000000,0.000000
0.813571,0.352691,0.157719,0.976486,0.012555,0.038691,0.215907,0.094322,0.133308,0.128065,2.127761,1.454529,1.324336,2.089012,0.000000,0.000000,0.000000,0.000000,0.000000,0.000000
0.437164,0.534280,0.917089,0.217833,0.728559,0.248736,0.658058,0.493653,0.764475,0.283197,1.871002,2.273730,3.464590,1.894026,0.000000,0.000000,0.000000,0.000000,0.000000,0.000000
0.584082,0.682028,0.509268,0.435301,0.508584,0.315861,0.448659,0.466944,0.652167,0.052398,1.606851,2.002117,2.368123,1.889338,0.000000,0.000000,0.000000,0.000000,0.000000,0.000000
0.976823,0.154175,0.252546,0.848526,0.169205,0.665744,0.467172,0.078904,0.520082,0.558784,2.299093,2.663561,1.516162,2.414591,0.000000,0.000000,0.000000,0.000000,0.000000,0.000000
0.370792,0.281602,0.637183,0.722137,0.216340,0.546729,0.735818,0.166995,0.094627,0.143635,1.979339,1.535003,2.312379,1.619850,0.000000,0.000000,0.000000,0.000000,0.000000,0.000000
0.900155,0.119447,0.645556,0.783520,0.769012,0.150937,0.397231,0.188648,0.905961,0.561037,2.097411,3.191926,2.781477,2.697724,0.000000,0.000000,0.000000,0.000000,0.000000,0.000000
0.827770,0.324719,0.833221,0.955654,0.064717,0.723952,0.030404,0.875777,0.696584,0.635394,2.504628,2.396329,3.433699,3.454650,0.000000,0.000000,0.000000,0.000000,0.000000,0.000000
0.373175,0.422068,0.560173,0.085558,0.460428,0.472042,0.394143,0.974183,0.707906,0.149129,1.379719,2.057399,3.166986,2.619205,0.000000,0.000000,0.000000,0.000000,0.000000,0.000000
0.167382,0.242803,0.291633,0.230222,0.794797,0.100679,0.472371,0.682612,0.175550,0.694928,1.935186,1.811129,2.551301,1.781267,0.000000,0.000000,0.000000,0.000000,0.000000,0.000000
0.260060,0.329801,0.846069,0.549953,0.998268,0.779288,0.147463,0.397608,0.438089,0.274092,1.423185,2.694211,3.845042,1.786122,0.000000,0.000000,0.000000,0.000000,0.000000,0.000000
0.370761,0.566810,0.747217,0.578642,0.556399,0.589270,0.586881,0.986904,0.123712,0.142974,1.781613,1.924428,3.640663,2.410096,0.000000,0.000000,0.000000,0.000000,0.000000,0.000000
0.562785,0.193758,0.742568,0.588949,0.946812,0.182488,0.361831,0.805374,0.110759,0.810776,2.069284,2.081789,3.982536,2.411305,0.000000,0.000000,0.000000,0.000000,0.000000,0.000000
0.696371,0.470546,0.304590,0.906259,0.221876,0.695606,0.487396,0.715777,0.585912,0.713300,2.729583,2.142042,2.132440,3.032631,0.000000,0.000000,0.000000,0.000000,0.000000,0.000000
0.371948,0.207478,0.357835,0.712244,0.794930,0.538096,0.981297,0.848517,0.131459,0.959218,3.188437,2.105889,2.937979,3.039700,0.000000,0.000000,0.000000,0.000000,0.000000,0.000000
0.132206,0.096374,0.533972,0.490072,0.135348,0.166352,0.171186,0.846762,0.261736,0.973312,2.061194,1.181257,2.787431,2.938058,0.000000,0.000000,0.000000,0.000000,0.000000,0.000000
0.709162,0.239679,0.589637,0.529790,0.580829,0.631577,0.647682,0.119508,0.107133,0.559855,2.071896,2.233868,2.389506,1.563494,0.000000,0.000000,0.000000,0.000000,0.000000,0.000000
0.423261,0.672741,0.524702,0.151171,0.063723,0.294355,0.200425,0.607169,0.931099,0.033019,1.378181,1.989676,2.418317,2.089894,0.000000,0.000000,0.000000,0.000000,0.000000,0.000000
0.807016,0.322938,0.254264,0.153560,0.606291,0.032071,0.638193,0.465896,0.839108,0.222906,1.664432,2.622297,1.948453,1.920879,0.000000,0.000000,0.000000,0.000000,0.000000,0.000000
0.115778,0.343850,0.130882,0.218334,0.526608,0.448116,0.499232,0.844152,0.151883,0.237902,1.530062,1.731099,2.120394,1.720805,0.000000,0.000000,0.000000,0.000000,0.000000,0.000000
0.724580,0.841461,0.420799,0.920890,0.931163,0.406084,0.921110,0.421229,0.279169,0.647943,3.811357,2.393466,2.826410,2.430715,0.000000,0.000000,0.000000,0.000000,0.000000,0.000000
0.245747,0.463421,0.814997,0.619145,0.061360,0.351074,0.218217,0.949125,0.297660,0.003540,1.297633,1.214633,3.531063,2.492512,0.000000,0.000000,0.000000,0.000000,0.000000,0.000000
0.743496,0.060926,0.333720,0.646038,0.905192,0.367804,0.329116,0.281594,0.647096,0.072137,1.354874,2.617004,2.488425,2.071125,0.000000,0.000000,0.000000,0.000000,0.000000,0.000000
0.976658,0.070459,0.604962,0.131986,0.512321,0.094980,0.599778,0.901860,0.107227,0.559714,1.920101,2.432426,3.157745,1.961534,0.000000,0.000000,0.000000,0.000000,0.000000,0.000000
0.409859,0.397715,0.081521,0.981897,0.390886,0.231885,0.846419,0.581840,0.635229,0.534175,3.243040,1.729200,1.561303,2.866381,0.000000,0.000000,0.000000,0.000000,0.000000,0.000000
0.986013,0.596288,0.136821,0.956084,0.612224,0.256100,0.207125,0.276941,0.836114,0.620100,2.710590,3.207541,1.579811,2.994537,0.000000,0.000000,0.000000,0.000000,0.000000,0.000000
0.329899,0.453663,0.354956,0.960897,0.004630,0.153988,0.690579,0.647858,0.154511,0.231459,2.654252,1.043876,2.129631,2.266399,0.000000,0.000000,0.000000,0.000000,0.000000,0.000000
0.093719,0.904697,0.266496,0.273289,0.610854,0.149748,0.915973,0.977057,0.013493,0.078915,2.663974,1.633358,2.715569,2.000010,0.000000,0.000000,0.000000,0.000000,0.000000,0.000000
0.128377,0.532289,0.963360,0.569246,0.273447,0.495972,0.422031,0.597240,0.037885,0.088064,1.521991,1.519762,3.303861,1.489840,0.000000,0.000000,0.000000,0.000000,0.000000,0.000000
0.193404,0.568700,0.956845,0.911355,0.702255,0.592272,0.243027,0.658648,0.782353,0.539320,2.472154,2.533301,3.693833,2.957988,0.000000,0.000000,0.000000,0.000000,0.000000,0.000000
0.958451,0.118675,0.530619,0.300040,0.430856,0.992274,0.821506,0.018459,0.875602,0.102830,1.787478,3.930648,2.141562,1.966713,0.000000,0.000000,0.000000,0.000000,0.000000,0.000000
0.347402,0.819987,0.843639,0.489711,0.863815,0.890920,0.094344,0.704423,0.385303,0.379316,1.997070,2.729321,3.828049,1.925923,0.000000,0.000000,0.000000,0.000000,0.000000,0.000000
0.063843,0.284977,0.142125,0.136614,0.815048,0.911674,0.637446,0.575609,0.681365,0.175200,1.605030,2.962544,2.157014,1.815183,0.000000,0.000000,0.000000,0.000000,0.000000,0.000000
0.086250,0.332113,0.893781,0.452652,0.439866,0.774117,0.129621,0.803569,0.069427,0.506417,1.601831,2.039514,3.518392,1.821153,0.000000,0.000000,0.000000,0.000000,0.000000,0.000000
0.260341,0.920322,0.196596,0.622936,0.020334,0.811518,0.185912,0.469342,0.648176,0.375305,2.339957,1.955809,1.613482,2.137614,0.000000,0.000000,0.000000,0.000000,0.000000,0.000000
0.150472,0.716862,0.859822,0.185509,0.620812,0.393038,0.751582,0.393507,0.472755,0.098664,2.033113,1.881462,3.113757,1.532107,0.000000,0.000000,0.000000,0.000000,0.000000,0.000000
0.179766,0.364446,0.637877,0.105511,0.572264,0.856573,0.706418,0.361525,0.594528,0.766574,2.314131,2.517170,2.593863,2.073210,0.000000,0.000000,0.000000,0.000000,0.000000,0.000000
0.273810,0.118632,0.881924,0.258318,0.117381,0.742166,0.119599,0.201567,0.335244,0.663359,1.683785,1.711490,2.806095,1.695531,0.000000,0.000000,0.000000,0.000000,0.000000,0.000000
0.746268,0.287849,0.225985,0.300177,0.955783,0.096245,0.454657,0.392871,0.220435,0.520572,1.759254,2.285913,2.479445,1.475437,0.000000,0.000000,0.000000,0.000000,0.000000,0.000000
0.439754,0.884239,0.496435,0.422505,0.125825,0.276888,0.406702,0.729653,0.212382,0.654911,2.543552,1.249468,2.527255,1.955231,0.000000,0.000000,0.000000,0.000000,0.000000,0.000000
0.124581,0.528059,0.437801,0.223794,0.918277,0.425673,0.136201,0.690541,0.914892,0.663046,1.831353,2.865504,3.126771,2.483853,0.000000,0.000000,0.000000,0.000000,0.000000,0.000000
0.239114,0.733629,0.928993,0.929853,0.836913,0.045656,0.604456,0.446789,0.761280,0.091580,2.599373,2.283465,3.643799,2.666523,0.000000,0.000000,0.000000,0.000000,0.000000,0.000000
0.368144,0.922554,0.087684,0.968289,0.172324,0.322609,0.847313,0.968562,0.358191,0.054040,3.436233,1.340725,2.118596,3.175986,0.000000,0.000000,0.000000,0.000000,0.000000,0.000000
0.788279,0.984830,0.401690,0.804162,0.565023,0.196291,0.406783,0.073727,0.549917,0.081510,2.620350,2.155970,1.989200,2.197165,0.000000,0.000000,0.000000,0.000000,0.000000,0.000000
0.908074,0.855395,0.541737,0.701309,0.357707,0.059338,0.854523,0.833706,0.015826,0.683940,3.281942,2.041194,2.824309,2.310705,0.000000,0.000000,0.000000,0.000000,0.000000,0.000000
0.371395,0.083305,0.526111,0.723501,0.554843,0.394150,0.925080,0.476336,0.084521,0.005182,2.135538,1.729827,2.449927,1.659457,0.000000,0.000000,0.000000,0.000000,0.000000,0.000000
0.043618,0.908121,0.625713,0.732879,0.218154,0.950907,0.184067,0.543303,0.831431,0.304178,2.375460,2.697131,2.556987,2.483816,0.000000,0.000000,0.000000,0.000000,0.000000,0.000000
0.107353,0.004701,0.573809,0.677942,0.926322,0.336420,0.109170,0.666999,0.647924,0.756839,1.979994,2.311635,3.387356,2.738975,0.000000,0.000000,0.000000,0.000000,0.000000,0.000000
