0.553533,0.937812,0.776026,0.219611,0.007750,0.903243,0.834092,0.337246,0.984808,0.805536,3.506885,3.362454,1.944370,2.873193,2.897819,0.000000,0.000000,0.000000,0.000000,0.000000
0.765655,0.780966,0.535409,0.299267,0.156882,0.297589,0.181716,0.584358,0.111175,0.922551,2.050905,2.676616,2.124297,1.980748,1.541600,0.000000,0.000000,0.000000,0.000000,0.000000
0.787217,0.198269,0.797832,0.667211,0.979086,0.198228,0.752309,0.706824,0.195494,0.907388,2.173447,2.967192,3.610016,1.963899,3.113129,0.000000,0.000000,0.000000,0.000000,0.000000
0.783315,0.645904,0.673649,0.918034,0.450734,0.804741,0.371626,0.603772,0.500703,0.167400,2.476753,2.305527,2.600011,2.967998,2.090385,0.000000,0.000000,0.000000,0.000000,0.000000
0.929953,0.310740,0.970262,0.034838,0.493885,0.330759,0.787636,0.070417,0.557159,0.483440,1.677767,3.141576,2.463133,1.174269,2.966433,0.000000,0.000000,0.000000,0.000000,0.000000
0.602954,0.575115,0.286109,0.887822,0.472535,0.768390,0.123087,0.853276,0.478197,0.162727,2.554964,1.651261,2.284884,3.198570,1.589442,0.000000,0.000000,0.000000,0.000000,0.000000
0.350423,0.481595,0.073000,0.450926,0.249281,0.157250,0.377475,0.883342,0.873676,0.610051,2.015648,2.078426,1.591508,2.196208,2.171355,0.000000,0.000000,0.000000,0.000000,0.000000
0.517271,0.090757,0.733024,0.663093,0.080769,0.735872,0.621008,0.144882,0.018857,0.506074,1.925949,1.934584,1.979926,2.205789,1.693483,0.000000,0.000000,0.000000,0.000000,0.000000
0.020638,0.433509,0.399475,0.437948,0.146443,0.835676,0.700292,0.742435,0.696036,0.851558,2.819537,2.501450,1.927833,2.521604,2.187899,0.000000,0.000000,0.000000,0.000000,0.000000
0.487096,0.037519,0.901520,0.441669,0.637089,0.473658,0.357358,0.295374,0.672209,0.227326,1.565364,2.421425,2.567531,1.673685,2.124099,0.000000,0.000000,0.000000,0.000000,0.000000
0.584535,0.423919,0.081787,0.724209,0.477397,0.890863,0.741147,0.820039,0.593088,0.167765,3.053082,1.555009,2.003215,3.046235,2.318449,0.000000,0.000000,0.000000,0.000000,0.000000
0.278414,0.214689,0.585168,0.387569,0.192754,0.585268,0.974890,0.481544,0.864493,0.219781,2.752752,2.349142,1.545672,1.793774,2.735408,0.000000,0.000000,0.000000,0.000000,0.000000
0.866525,0.151464,0.318650,0.780498,0.539904,0.030871,0.072348,0.281309,0.265407,0.511263,1.283167,2.086530,2.249761,1.791188,1.863968,0.000000,0.000000,0.000000,0.000000,0.000000
0.585440,0.601216,0.587904,0.062088,0.693540,0.838118,0.288745,0.557884,0.605047,0.607408,2.415054,2.295557,2.036713,2.078713,2.105889,0.000000,0.000000,0.000000,0.000000,0.000000
0.828825,0.038304,0.163658,0.555172,0.372589,0.504647,0.709408,0.139156,0.531173,0.823496,1.750844,2.476153,2.145069,1.810272,2.515178,0.000000,0.000000,0.000000,0.000000,0.000000
0.560115,0.573612,0.536112,0.727429,0.563077,0.791353,0.417708,0.285214,0.595665,0.734232,2.092597,2.385176,2.536941,2.549022,2.049477,0.000000,0.000000,0.000000,0.000000,0.000000
0.931054,0.153772,0.047371,0.861303,0.329118,0.441503,0.094228,0.551679,0.097176,0.640841,1.748000,2.071442,2.239723,2.152493,1.890769,0.000000,0.000000,0.000000,0.000000,0.000000
0.281332,0.283894,0.108331,0.701462,0.765003,0.274672,0.538544,0.887661,0.850033,0.032501,2.125795,1.837186,2.258323,2.420639,2.715067,0.000000,0.000000,0.000000,0.000000,0.000000
0.504454,0.271610,0.363432,0.841850,0.025747,0.580904,0.112212,0.157601,0.822057,0.579137,1.501906,2.298209,1.894955,2.199954,1.852763,0.000000,0.000000,0.000000,0.000000,0.000000
0.301751,0.773354,0.317035,0.979166,0.754141,0.459439,0.597823,0.518060,0.617461,0.442651,2.300499,1.793316,2.783166,2.724808,2.416273,0.000000,0.000000,0.000000,0.000000,0.000000
0.227271,0.755821,0.521288,0.196823,0.277574,0.675774,0.290869,0.772697,0.739613,0.845410,2.580321,2.675214,1.968791,2.441749,1.861951,0.000000,0.000000,0.000000,0.000000,0.000000
0.690381,0.576517,0.410814,0.158406,0.024761,0.037826,0.437603,0.260218,0.247397,0.740311,1.455920,2.104926,1.419556,1.356041,1.725996,0.000000,0.000000,0.000000,0.000000,0.000000
0.616408,0.292866,0.226835,0.672596,0.991830,0.084738,0.781319,0.951406,0.662075,0.039712,2.442906,1.809610,2.455890,2.524234,3.339721,0.000000,0.000000,0.000000,0.000000,0.000000
0.431605,0.311338,0.292754,0.433733,0.374029,0.229821,0.027932,0.985083,0.462219,0.129504,2.047318,1.543274,1.587525,2.458382,1.328605,0.000000,0.000000,0.000000,0.000000,0.000000
0.061034,0.163314,0.452108,0.037270,0.239213,0.491987,0.299380,0.268767,0.119348,0.680690,1.538362,1.781755,1.547697,1.288895,1.327327,0.000000,0.000000,0.000000,0.000000,0.000000
0.106388,0.268744,0.893207,0.764673,0.143883,0.505711,0.892465,0.317879,0.103145,0.261680,2.289681,1.921893,2.445913,2.050037,1.906210,0.000000,0.000000,0.000000,0.000000,0.000000
0.685202,0.463089,0.829521,0.027111,0.493550,0.382495,0.466912,0.492443,0.583866,0.126480,1.786525,2.392876,2.065338,1.331530,2.148468,0.000000,0.000000,0.000000,0.000000,0.000000
0.425106,0.372911,0.818961,0.992720,0.364780,0.393189,0.171057,0.505787,0.158277,0.335246,1.684728,1.914349,2.912179,2.264620,1.277306,0.000000,0.000000,0.000000,0.000000,0.000000
0.424378,0.670834,0.769401,0.356245,0.647741,0.580282,0.392836,0.280813,0.416061,0.252937,1.880679,1.991126,2.234214,2.001078,1.870150,0.000000,0.000000,0.000000,0.000000,0.000000
0.723038,0.770077,0.056153,0.146351,0.157622,0.264976,0.450539,0.773394,0.335567,0.309076,2.286731,1.471587,1.188344,2.031004,1.840364,0.000000,0.000000,0.000000,0.000000,0.000000
0.773474,0.247038,0.106794,0.521091,0.736728,0.918000,0.086252,0.623835,0.393011,0.637244,2.470925,1.877942,2.174384,2.530345,1.998500,0.000000,0.000000,0.000000,0.000000,0.000000
0.343702,0.574403,0.373807,0.119118,0.761305,0.097237,0.818210,0.807778,0.224028,0.243013,2.473857,1.452302,1.831215,1.743855,2.323595,0.000000,0.000000,0.000000,0.000000,0.000000
0.590064,0.343355,0.703603,0.609515,0.867376,0.055948,0.889694,0.189691,0.564547,0.770685,1.910962,2.601296,2.939992,1.654419,2.982197,0.000000,0.000000,0.000000,0.000000,0.000000
0.896786,0.251824,0.141001,0.699519,0.836609,0.289537,0.640338,0.036314,0.290346,0.869767,1.386727,2.530055,2.901024,1.799322,2.956972,0.000000,0.000000,0.000000,0.000000,0.000000
0.438454,0.929843,0.637179,0.290223,0.857924,0.952650,0.861771,0.214226,0.236536,0.801593,3.509308,2.245150,2.613718,3.003821,2.586138,0.000000,0.000000,0.000000,0.000000,0.000000
0.698370,0.897908,0.056056,0.189595,0.923853,0.283380,0.478406,0.319362,0.941264,0.891025,2.159180,2.887314,2.590294,2.004229,3.390768,0.000000,0.000000,0.000000,0.000000,0.000000
0.402605,0.247635,0.064743,0.956676,0.394366,0.820062,0.880822,0.637388,0.004717,0.277817,2.997032,1.112482,2.315825,2.809413,1.968451,0.000000,0.000000,0.000000,0.000000,0.000000
0.154973,0.520971,0.587605,0.639324,0.345119,0.589433,0.969411,0.187669,0.196964,0.359719,2.519775,1.673523,1.973486,2.129392,2.049889,0.000000,0.000000,0.000000,0.000000,0.000000
0.124801,0.695656,0.123811,0.005904,0.381640,0.303852,0.375267,0.089556,0.058284,0.127685,1.468925,1.129533,1.383839,1.434948,1.434493,0.000000,0.000000,0.000000,0.000000,0.000000
0.932460,0.095160,0.946068,0.663259,0.516941,0.881978,0.645116,0.305330,0.565205,0.455899,2.351778,3.116279,2.846826,2.450697,2.858712,0.000000,0.000000,0.000000,0.000000,0.000000
0.620813,0.468341,0.186542,0.241326,0.058172,0.354672,0.084584,0.710641,0.456292,0.589513,1.885150,1.748154,1.243675,1.724883,1.441523,0.000000,0.000000,0.000000,0.000000,0.000000
0.450621,0.031638,0.471713,0.936414,0.537013,0.331428,0.446824,0.040413,0.524688,0.197998,1.239467,1.796006,2.520383,2.046293,1.918220,0.000000,0.000000,0.000000,0.000000,0.000000
0.334366,0.155604,0.995054,0.873414,0.775832,0.850381,0.485282,0.557956,0.253646,0.590681,2.395973,2.277980,3.645653,2.697246,2.029103,0.000000,0.000000,0.000000,0.000000,0.000000
0.202638,0.228558,0.543835,0.600562,0.730432,0.333115,0.442789,0.866881,0.743897,0.344189,2.067389,2.139679,2.265983,2.288193,2.387565,0.000000,0.000000,0.000000,0.000000,0.000000
0.013661,0.593637,0.428856,0.115329,0.347293,0.920217,0.578685,0.003159,0.587804,0.232553,2.167935,1.786947,1.442393,2.171329,1.966087,0.000000,0.000000,0.000000,0.000000,0.000000
0.381918,0.967894,0.611298,0.622959,0.209963,0.021873,0.348707,0.961222,0.872690,0.096635,2.881732,2.395065,1.826561,3.383858,2.140828,0.000000,0.000000,0.000000,0.000000,0.000000
0.388847,0.383227,0.773456,0.743159,0.019330,0.270950,0.687441,0.148474,0.572541,0.757484,1.568325,2.558751,2.363548,1.873341,2.038114,0.000000,0.000000,0.000000,0.000000,0.000000
0.144428,0.704260,0.989906,0.353659,0.753611,0.281282,0.118212,0.314494,0.945052,0.660935,1.641263,3.172184,3.039534,1.791862,2.439768,0.000000,0.000000,0.000000,0.000000,0.000000
0.446514,0.411481,0.851970,0.144750,0.812412,0.853206,0.587306,0.520761,0.222121,0.738410,2.479968,2.343676,2.749067,2.015925,2.212596,0.000000,0.000000,0.000000,0.000000,0.000000
0.833917,0.369461,0.080214,0.475074,0.779120,0.170402,0.186296,0.825104,0.869307,0.062671,1.879239,2.319760,2.005347,2.018027,2.898543,0.000000,0.000000,0.000000,0.000000,0.000000
0.063215,0.362819,0.100918,0.616553,0.998554,0.087028,0.675988,0.032592,0.961537,0.598264,1.366394,2.239619,2.507826,1.671889,3.596225,0.000000,0.000000,0.000000,0.000000,0.000000
0.627358,0.230596,0.174188,0.369136,0.932100,0.777166,0.534218,0.262371,0.442580,0.536583,2.021646,1.679463,2.156546,1.990124,2.694816,0.000000,0.000000,0.000000,0.000000,0.000000
0.454211,0.182223,0.220627,0.528820,0.545705,0.483840,0.926454,0.965563,0.261886,0.832356,2.995957,1.908444,2.316089,2.638178,2.200108,0.000000,0.000000,0.000000,0.000000,0.000000
0.588103,0.606546,0.788563,0.909332,0.223614,0.917650,0.625794,0.503973,0.696295,0.875095,2.726476,3.063153,3.127289,3.039071,2.241425,0.000000,0.000000,0.000000,0.000000,0.000000
0.388227,0.399022,0.106710,0.812205,0.982375,0.624184,0.764337,0.393969,0.678073,0.684462,2.255459,1.909872,2.862749,2.289433,3.194889,0.000000,0.000000,0.000000,0.000000,0.000000
0.188742,0.783231,0.608316,0.831065,0.887883,0.599613,0.096227,0.189648,0.446351,0.884103,1.926397,2.499863,3.414617,2.672368,1.996675,0.000000,0.000000,0.000000,0.000000,0.000000
0.679881,0.924570,0.806409,0.028751,0.741969,0.957726,0.159491,0.416447,0.867893,0.939255,3.068478,3.601923,3.045476,2.766418,2.534862,0.000000,0.000000,0.000000,0.000000,0.000000
0.486634,0.400994,0.391310,0.988080,0.452192,0.024419,0.571760,0.296714,0.345294,0.201582,1.510080,1.574809,2.490064,2.060906,1.839532,0.000000,0.000000,0.000000,0.000000,0.000000
0.824600,0.568746,0.304858,0.242846,0.559230,0.164942,0.486413,0.968379,0.350272,0.090855,2.215303,1.890652,1.646605,2.333413,2.246350,0.000000,0.000000,0.000000,0.000000,0.000000
0.243590,0.434711,0.501749,0.773903,0.605406,0.517108,0.296620,0.218368,0.022326,0.759039,1.547578,1.943081,2.662586,2.125727,1.522530,0.000000,0.000000,0.000000,0.000000,0.000000
0.572720,0.439195,0.547612,0.482258,0.287329,0.657958,0.275427,0.588148,0.152417,0.807692,2.079158,2.205343,2.109700,2.119543,1.429969,0.000000,0.000000,0.000000,0.000000,0.000000
0.439554,0.764925,0.045318,0.567954,0.741305,0.426588,0.361452,0.493898,0.093725,0.467841,2.065451,1.193831,2.111876,2.257000,1.814938,0.000000,0.000000,0.000000,0.000000,0.000000
0.371471,0.204790,0.192396,0.934991,0.941593,0.477559,0.625576,0.241354,0.620140,0.932671,1.715991,2.407318,3.579604,2.175035,2.864004,0.000000,0.000000,0.000000,0.000000,0.000000
0.694814,0.832251,0.108607,0.914849,0.742085,0.145121,0.465512,0.261791,0.253571,0.451871,1.863482,1.498235,2.622007,2.517059,2.171531,0.000000,0.000000,0.000000,0.000000,0.000000
0.061291,0.008934,0.718477,0.641723,0.366346,0.467734,0.780542,0.635398,0.887326,0.256557,2.329714,2.522726,2.153371,2.023497,2.617071,0.000000,0.000000,0.000000,0.000000,0.000000
0.090622,0.739202,0.124089,0.188510,0.252327,0.962880,0.559399,0.977130,0.335313,0.304623,3.377894,1.264859,1.298385,3.431173,1.687967,0.000000,0.000000,0.000000,0.000000,0.000000
0.608258,0.301692,0.206989,0.802982,0.596783,0.028686,0.834612,0.249506,0.437910,0.297109,1.839985,1.561864,2.258224,1.835140,2.375805,0.000000,0.000000,0.000000,0.000000,0.000000
0.050001,0.415528,0.017064,0.881884,0.986299,0.514470,0.399144,0.316695,0.569910,0.155877,1.674777,1.345655,2.764614,2.228369,2.683404,0.000000,0.000000,0.000000,0.000000,0.000000
0.117106,0.818717,0.547612,0.859612,0.718354,0.951052,0.906339,0.311651,0.361126,0.403573,3.409961,1.743943,2.648032,3.322329,2.407634,0.000000,0.000000,0.000000,0.000000,0.000000
0.283301,0.904617,0.969242,0.284166,0.165890,0.070441,0.734588,0.715675,0.541716,0.576030,2.786701,2.460272,2.267273,2.291744,2.039051,0.000000,0.000000,0.000000,0.000000,0.000000
0.174741,0.013877,0.760596,0.299959,0.369174,0.491881,0.515119,0.885181,0.911486,0.315735,2.263814,2.623809,1.909096,2.155853,2.397171,0.000000,0.000000,0.000000,0.000000,0.000000
0.809214,0.702026,0.720719,0.244573,0.126405,0.751337,0.600055,0.974858,0.359038,0.134446,2.998316,2.280856,1.560915,3.058228,2.159782,0.000000,0.000000,0.000000,0.000000,0.000000
0.986224,0.891165,0.892457,0.094118,0.108396,0.786248,0.346768,0.435553,0.777893,0.421504,2.726149,3.518487,1.859644,2.456031,2.899185,0.000000,0.000000,0.000000,0.000000,0.000000
0.778328,0.884745,0.110079,0.896264,0.034780,0.220060,0.477902,0.100001,0.501437,0.237359,1.870309,1.741877,1.842577,2.637345,2.096369,0.000000,0.000000,0.000000,0.000000,0.000000
0.573121,0.413516,0.382402,0.871203,0.610005,0.685028,0.638678,0.338909,0.281786,0.396643,2.097935,1.632098,2.449670,2.424369,2.052959,0.000000,0.000000,0.000000,0.000000,0.000000
0.958145,0.884501,0.444481,0.803765,0.586108,0.697311,0.716068,0.602097,0.000821,0.243908,3.067565,2.301792,2.323498,3.113411,2.760210,0.000000,0.000000,0.000000,0.000000,0.000000
0.112390,0.539853,0.885106,0.898418,0.425110,0.845722,0.228446,0.795277,0.650128,0.147945,2.607382,2.311170,2.926148,3.171011,1.728096,0.000000,0.000000,0.000000,0.000000,0.000000
0.346094,0.117923,0.288189,0.413372,0.923458,0.419906,0.370140,0.236338,0.773362,0.515407,1.463562,2.037541,2.188837,1.594453,2.770080,0.000000,0.000000,0.000000,0.000000,0.000000
0.704801,0.751215,0.281675,0.914837,0.289726,0.061947,0.913164,0.010217,0.474206,0.419779,2.093975,1.827273,2.180053,2.342604,2.409110,0.000000,0.000000,0.000000,0.000000,0.000000
0.955835,0.205809,0.939214,0.266273,0.638356,0.470425,0.052643,0.831247,0.141352,0.558554,2.054487,2.968157,2.635092,1.973733,2.167456,0.000000,0.000000,0.000000,0.000000,0.000000
0.188370,0.835549,0.500551,0.996285,0.869385,0.115334,0.275794,0.868776,0.966153,0.344732,2.390457,2.476231,3.001506,3.162599,2.867613,0.000000,0.000000,0.000000,0.000000,0.000000
0.116053,0.750391,0.484275,0.864897,0.820394,0.904653,0.392369,0.097980,0.577639,0.410660,2.293851,1.887378,2.710454,3.105921,2.278381,0.000000,0.000000,0.000000,0.000000,0.000000
0.145337,0.006575,0.974320,0.701388,0.164888,0.199474,0.526445,0.719791,0.849832,0.231864,1.905482,2.709446,2.584644,2.009605,2.253588,0.000000,0.000000,0.000000,0.000000,0.000000
0.220679,0.407595,0.837369,0.716143,0.126306,0.741850,0.300561,0.479292,0.017026,0.425351,2.084387,1.916986,2.259052,2.386973,1.305238,0.000000,0.000000,0.000000,0.000000,0.000000
0.940549,0.405442,0.013917,0.512156,0.737064,0.008385,0.076418,0.005335,0.232686,0.390801,1.032873,1.910320,2.022696,1.578874,2.313556,0.000000,0.000000,0.000000,0.000000,0.000000
0.394810,0.831410,0.824060,0.046108,0.438777,0.493216,0.963044,0.508198,0.954434,0.417592,3.122457,2.832121,2.030909,1.930777,2.982761,0.000000,0.000000,0.000000,0.000000,0.000000
0.512654,0.655098,0.509064,0.973973,0.812902,0.804786,0.970635,0.203121,0.914237,0.449863,2.949441,2.505007,2.934404,2.904493,3.412710,0.000000,0.000000,0.000000,0.000000,0.000000
0.756368,0.819601,0.308892,0.367916,0.933104,0.638584,0.672737,0.488678,0.329187,0.610151,2.652174,1.971696,2.236534,2.383297,2.920828,0.000000,0.000000,0.000000,0.000000,0.000000
0.274492,0.632300,0.463137,0.753293,0.548312,0.332368,0.824907,0.954512,0.168166,0.484669,2.786148,1.610944,2.270283,2.946646,2.023711,0.000000,0.000000,0.000000,0.000000,0.000000
0.843862,0.940682,0.650129,0.238833,0.441145,0.157907,0.209513,0.781027,0.878051,0.032021,2.598174,2.928226,1.772975,2.468264,2.573429,0.000000,0.000000,0.000000,0.000000,0.000000
0.042397,0.256731,0.224203,0.741745,0.027932,0.220063,0.592885,0.451473,0.561743,0.193799,1.712652,1.547040,1.590798,1.848640,1.908465,0.000000,0.000000,0.000000,0.000000,0.000000
0.814850,0.511979,0.088800,0.839918,0.117877,0.344643,0.830702,0.852802,0.822196,0.194849,2.613529,2.213074,1.825481,2.621821,2.949217,0.000000,0.000000,0.000000,0.000000,0.000000
0.742001,0.908043,0.459585,0.179799,0.655457,0.970402,0.840647,0.098324,0.838139,0.909421,3.313949,3.217319,2.468862,2.870292,3.127848,0.000000,0.000000,0.000000,0.000000,0.000000
0.651738,0.511727,0.382528,0.577957,0.083418,0.589468,0.410732,0.963635,0.151233,0.986344,2.448971,2.545411,2.419910,2.921716,1.614607,0.000000,0.000000,0.000000,0.000000,0.000000
0.000186,0.453192,0.571473,0.625076,0.163870,0.622453,0.919326,0.427103,0.635284,0.603333,2.633711,2.194680,1.873727,2.138877,2.327313,0.000000,0.000000,0.000000,0.000000,0.000000
0.904130,0.626171,0.365842,0.614652,0.811079,0.714730,0.618602,0.157694,0.828046,0.434053,2.058987,2.801503,2.273336,2.371625,3.506055,0.000000,0.000000,0.000000,0.000000,0.000000
0.940406,0.584452,0.567874,0.246596,0.308685,0.252935,0.570789,0.169924,0.541091,0.448404,1.536543,2.732912,1.593050,1.511045,2.675082,0.000000,0.000000,0.000000,0.000000,0.000000
0.768164,0.966032,0.738702,0.159668,0.007113,0.270295,0.724359,0.738401,0.085464,0.419985,3.062426,2.168276,1.466815,2.431530,2.079854,0.000000,0.000000,0.000000,0.000000,0.000000
0.112904,0.043152,0.836779,0.317395,0.620089,0.739001,0.385671,0.084226,0.231900,0.857872,1.687717,2.522065,2.848355,1.863648,1.678042,0.000000,0.000000,0.000000,0.000000,0.000000
0.669380,0.134512,0.722826,0.521241,0.962075,0.016834,0.507067,0.864616,0.947758,0.693477,1.995602,3.155339,2.842702,2.082805,3.496563,0.000000,0.000000,0.000000,0.000000,0.000000
0.791107,0.577759,0.798621,0.568739,0.443865,0.621656,0.553438,0.135020,0.666835,0.558696,1.802416,2.809370,2.374118,2.148386,2.477244,0.000000,0.000000,0.000000,0.000000,0.000000
0.312610,0.939452,0.211381,0.535579,0.334461,0.179187,0.049903,0.222706,0.709339,0.530350,2.033868,1.873265,1.709865,2.399280,1.600029,0.000000,0.000000,0.000000,0.000000,0.000000
0.024913,0.650883,0.910412,0.241694,0.069226,0.711278,0.790621,0.782367,0.790313,0.323449,2.961964,2.568846,1.893183,2.398020,2.415548,0.000000,0.000000,0.000000,0.000000,0.000000
0.495857,0.879837,0.468060,0.073956,0.755624,0.903489,0.241623,0.664989,0.337742,0.090663,3.094639,1.643329,1.863703,2.766892,1.847583,0.000000,0.000000,0.000000,0.000000,0.000000
0.834234,0.939949,0.849098,0.903743,0.724647,0.406284,0.757174,0.649183,0.412890,0.516769,3.028926,2.641921,3.224887,3.076869,2.792515,0.000000,0.000000,0.000000,0.000000,0.000000
0.851401,0.302558,0.993824,0.453063,0.837089,0.731512,0.109295,0.449678,0.666455,0.433023,1.994474,3.044639,3.059099,2.056759,2.665476,0.000000,0.000000,0.000000,0.000000,0.000000
0.336909,0.600963,0.908815,0.487156,0.411569,0.471609,0.214189,0.636876,0.719749,0.637995,1.999551,2.699424,2.565199,2.091133,1.814827,0.000000,0.000000,0.000000,0.000000,0.000000
0.990878,0.287972,0.249716,0.407988,0.519754,0.181454,0.724558,0.188064,0.246722,0.462674,1.608248,2.373639,1.747604,1.466045,2.889846,0.000000,0.000000,0.000000,0.000000,0.000000
0.330765,0.583784,0.904645,0.886674,0.443442,0.815328,0.767178,0.041699,0.033435,0.041491,2.274139,1.917803,2.969980,2.750392,1.867465,0.000000,0.000000,0.000000,0.000000,0.000000
0.221895,0.962183,0.320566,0.319752,0.208058,0.969233,0.396007,0.146489,0.492366,0.779959,3.005103,2.039891,1.713313,3.150410,1.649862,0.000000,0.000000,0.000000,0.000000,0.000000
0.488392,0.868397,0.560871,0.998208,0.483091,0.648144,0.519326,0.076280,0.356571,0.155084,2.205119,1.748639,2.656526,3.073202,1.816107,0.000000,0.000000,0.000000,0.000000,0.000000
0.427938,0.301402,0.853380,0.455255,0.666561,0.488927,0.096853,0.871122,0.433963,0.416652,2.119333,2.147572,2.525437,2.297545,1.614870,0.000000,0.000000,0.000000,0.000000,0.000000
0.662297,0.540311,0.937904,0.455610,0.335910,0.369514,0.014280,0.300293,0.717666,0.385425,1.522063,2.702608,2.390599,1.758018,1.759630,0.000000,0.000000,0.000000,0.000000,0.000000
0.989438,0.364831,0.998876,0.808147,0.916867,0.730771,0.365427,0.688004,0.713189,0.438907,2.288545,3.550481,3.603711,2.614793,3.603240,0.000000,0.000000,0.000000,0.000000,0.000000
0.156507,0.120564,0.956246,0.886608,0.197218,0.002631,0.724474,0.662988,0.111963,0.847289,2.043455,2.577649,3.373068,2.081574,1.745281,0.000000,0.000000,0.000000,0.000000,0.000000
0.383035,0.747404,0.142958,0.375888,0.410166,0.442871,0.251470,0.047742,0.546063,0.281314,1.571827,1.484931,1.560642,1.989537,1.640185,0.000000,0.000000,0.000000,0.000000,0.000000
0.566206,0.289819,0.765537,0.587040,0.833990,0.353545,0.111391,0.323499,0.316518,0.057465,1.456930,1.968688,2.627256,1.747329,1.894424,0.000000,0.000000,0.000000,0.000000,0.000000
0.669654,0.160681,0.495678,0.913802,0.518601,0.022124,0.758932,0.464034,0.603355,0.051441,1.902318,2.060946,2.475429,1.964806,2.463540,0.000000,0.000000,0.000000,0.000000,0.000000
0.756793,0.434983,0.632568,0.922016,0.445770,0.690742,0.607684,0.537023,0.688115,0.859463,2.274354,3.068960,3.094643,2.564615,2.497791,0.000000,0.000000,0.000000,0.000000,0.000000
0.692018,0.727284,0.533714,0.870525,0.037398,0.245007,0.438956,0.422561,0.894123,0.892768,1.846948,3.274073,2.582505,2.347127,2.467799,0.000000,0.000000,0.000000,0.000000,0.000000
0.798487,0.199134,0.835137,0.903089,0.589166,0.982744,0.216402,0.671415,0.084172,0.776856,2.648907,2.717568,3.351423,3.079990,1.834506,0.000000,0.000000,0.000000,0.000000,0.000000
0.797494,0.177019,0.411671,0.258455,0.740870,0.461559,0.500082,0.084558,0.302123,0.794948,1.423639,2.409803,2.276787,1.477090,2.402508,0.000000,0.000000,0.000000,0.000000,0.000000
0.923262,0.696465,0.189654,0.522176,0.524856,0.896554,0.580889,0.466232,0.914680,0.771617,2.701339,3.212318,2.158837,2.711066,3.288722,0.000000,0.000000,0.000000,0.000000,0.000000
0.041240,0.030633,0.418462,0.412014,0.682832,0.959225,0.036195,0.657236,0.797148,0.416150,2.577397,2.125978,1.955856,2.518745,1.990019,0.000000,0.000000,0.000000,0.000000,0.000000
0.009576,0.080555,0.927423,0.200548,0.527843,0.308976,0.110887,0.558259,0.227263,0.991705,1.655130,2.954393,3.332983,1.393664,1.309603,0.000000,0.000000,0.000000,0.000000,0.000000
0.766511,0.542594,0.863685,0.025509,0.004201,0.383491,0.831456,0.201959,0.713087,0.582262,2.010502,2.914783,1.764060,1.333983,2.685151,0.000000,0.000000,0.000000,0.000000,0.000000
0.003631,0.741330,0.046887,0.690620,0.561519,0.594707,0.443883,0.186742,0.099656,0.494540,1.929904,1.177768,2.098392,2.452925,1.630863,0.000000,0.000000,0.000000,0.000000,0.000000
0.515757,0.896661,0.511702,0.199112,0.530454,0.285938,0.448634,0.721994,0.548844,0.918522,2.540471,2.658632,2.415885,2.273518,1.969882,0.000000,0.000000,0.000000,0.000000,0.000000
0.302088,0.331139,0.924478,0.774135,0.943608,0.984110,0.316129,0.239430,0.501202,0.972802,2.251519,3.104615,4.228574,2.782204,2.415844,0.000000,0.000000,0.000000,0.000000,0.000000
0.037608,0.846398,0.051739,0.594403,0.945126,0.575461,0.415881,0.662986,0.095567,0.292411,2.579285,1.085876,2.305890,2.725113,2.269262,0.000000,0.000000,0.000000,0.000000,0.000000
0.112143,0.905276,0.573522,0.959146,0.041953,0.280246,0.868810,0.546508,0.522674,0.742545,2.952471,2.256287,2.454574,2.868784,2.142230,0.000000,0.000000,0.000000,0.000000,0.000000
0.103030,0.028383,0.736323,0.299589,0.483180,0.075911,0.239256,0.652456,0.868205,0.432609,1.671916,2.571179,2.007172,1.486595,2.105954,0.000000,0.000000,0.000000,0.000000,0.000000
0.913865,0.794697,0.898137,0.903583,0.053677,0.295910,0.484348,0.488949,0.201703,0.714924,2.088984,3.001703,2.855861,2.550187,2.222660,0.000000,0.000000,0.000000,0.000000,0.000000
0.504494,0.313165,0.744881,0.661299,0.131221,0.014224,0.910110,0.908179,0.466599,0.749344,2.671843,2.448141,2.297133,2.372492,2.194861,0.000000,0.000000,0.000000,0.000000,0.000000
0.121656,0.283432,0.728835,0.439104,0.336993,0.976739,0.579888,0.465731,0.479326,0.249691,2.621203,1.974374,1.920849,2.462940,1.848131,0.000000,0.000000,0.000000,0.000000,0.000000
0.328943,0.354981,0.336751,0.182057,0.953782,0.079973,0.150818,0.581051,0.743901,0.186235,1.606757,1.908308,2.026318,1.347172,2.583572,0.000000,0.000000,0.000000,0.000000,0.000000
0.278087,0.667416,0.466302,0.353259,0.773866,0.930151,0.178809,0.389832,0.618679,0.816259,2.459150,2.398901,2.443976,2.538831,2.030997,0.000000,0.000000,0.000000,0.000000,0.000000
0.319583,0.697569,0.743692,0.366252,0.444691,0.446962,0.344817,0.992660,0.557343,0.567480,2.470216,2.247501,2.093856,2.876429,1.753816,0.000000,0.000000,0.000000,0.000000,0.000000
0.515897,0.181740,0.665020,0.814515,0.884457,0.836007,0.911894,0.787102,0.650114,0.212087,3.245387,2.168044,2.844021,2.903243,3.097258,0.000000,0.000000,0.000000,0.000000,0.000000
0.364235,0.211805,0.698779,0.534346,0.053868,0.695387,0.556249,0.955107,0.847006,0.499180,2.612792,2.558184,1.742692,2.859571,2.291425,0.000000,0.000000,0.000000,0.000000,0.000000
0.306059,0.011908,0.751090,0.795950,0.077695,0.563036,0.552728,0.600173,0.443435,0.837359,2.086046,2.543631,2.626588,2.242710,1.758606,0.000000,0.000000,0.000000,0.000000,0.000000
0.919540,0.055077,0.213450,0.501306,0.628257,0.049914,0.200543,0.510502,0.664017,0.577968,1.521068,2.562398,2.000876,1.571883,2.604400,0.000000,0.000000,0.000000,0.000000,0.000000
0.272156,0.754729,0.494537,0.546266,0.435227,0.270646,0.252871,0.034722,0.115942,0.430529,1.448602,1.593266,1.888938,2.049422,1.354242,0.000000,0.000000,0.000000,0.000000,0.000000
0.164191,0.241070,0.716447,0.010753,0.355695,0.834793,0.334615,0.900640,0.998660,0.214467,2.638362,2.724361,1.725676,2.379609,2.377666,0.000000,0.000000,0.000000,0.000000,0.000000
0.448961,0.549457,0.128398,0.897902,0.894746,0.187888,0.046364,0.460778,0.990245,0.298811,1.587325,2.176292,2.711062,2.144164,2.783884,0.000000,0.000000,0.000000,0.000000,0.000000
0.473343,0.134277,0.879823,0.172764,0.188039,0.269359,0.953078,0.369543,0.004038,0.281810,2.308157,1.952419,1.905253,1.266388,2.009943,0.000000,0.000000,0.000000,0.000000,0.000000
0.901227,0.228685,0.935589,0.597001,0.416012,0.397617,0.257308,0.986643,0.161357,0.701535,2.164513,2.966572,2.833580,2.714693,2.015027,0.000000,0.000000,0.000000,0.000000,0.000000
0.220768,0.580820,0.871327,0.187646,0.393047,0.049959,0.824510,0.860118,0.392293,0.328054,2.536937,2.062902,2.101361,1.933392,2.041500,0.000000,0.000000,0.000000,0.000000,0.000000
0.296761,0.305102,0.146868,0.881330,0.869458,0.441123,0.890043,0.342460,0.873569,0.679937,2.250785,2.232093,2.863103,2.118075,3.318195,0.000000,0.000000,0.000000,0.000000,0.000000
0.485572,0.809584,0.578982,0.863258,0.315205,0.213203,0.129608,0.197173,0.552308,0.595690,1.674389,2.150997,2.380422,2.440847,1.521562,0.000000,0.000000,0.000000,0.000000,0.000000
0.235741,0.622554,0.058973,0.487041,0.847305,0.519662,0.212285,0.136310,0.555157,0.423382,1.566138,1.446153,2.116850,1.998720,2.131875,0.000000,0.000000,0.000000,0.000000,0.000000
0.004665,0.438066,0.841016,0.732887,0.014185,0.041574,0.325210,0.454808,0.159588,0.166104,1.527758,1.871068,2.146928,1.861468,1.350681,0.000000,0.000000,0.000000,0.000000,0.000000
0.781198,0.583247,0.709843,0.484730,0.745097,0.772726,0.714831,0.462985,0.880779,0.067322,2.541078,2.858350,2.337754,2.326191,3.276688,0.000000,0.000000,0.000000,0.000000,0.000000
0.297857,0.102859,0.660538,0.806165,0.301763,0.384879,0.953313,0.949575,0.501519,0.941956,2.964194,2.755708,3.027131,2.768435,2.240183,0.000000,0.000000,0.000000,0.000000,0.000000
0.983354,0.304935,0.909831,0.486847,0.455459,0.540916,0.986466,0.122214,0.543050,0.360677,2.383394,3.186714,2.462552,1.808015,3.310911,0.000000,0.000000,0.000000,0.000000,0.000000
0.283358,0.231751,0.471150,0.663123,0.721360,0.967201,0.981313,0.147584,0.116975,0.691396,3.030927,1.821786,2.494190,2.611523,2.376809,0.000000,0.000000,0.000000,0.000000,0.000000
0.754131,0.842901,0.526661,0.190992,0.725245,0.054773,0.380130,0.546828,0.336365,0.181826,2.109541,1.969250,1.908897,1.882272,2.198172,0.000000,0.000000,0.000000,0.000000,0.000000
0.557275,0.914566,0.754873,0.197978,0.283165,0.205306,0.343675,0.357475,0.581132,0.254286,2.139835,2.205475,1.756693,2.021430,1.800540,0.000000,0.000000,0.000000,0.000000,0.000000
0.744297,0.071946,0.335599,0.381860,0.493722,0.651468,0.859627,0.282830,0.613656,0.972319,2.342496,2.938300,2.571126,1.813041,2.663443,0.000000,0.000000,0.000000,0.000000,0.000000
0.881581,0.967575,0.675913,0.380237,0.807267,0.172248,0.242152,0.998582,0.940406,0.599418,2.918923,3.379664,2.389742,3.310090,3.256611,0.000000,0.000000,0.000000,0.000000,0.000000
0.817488,0.222380,0.754275,0.981004,0.150028,0.346751,0.469716,0.838277,0.999914,0.317693,2.064594,3.232775,2.551713,2.606038,2.919528,0.000000,0.000000,0.000000,0.000000,0.000000
0.766609,0.221376,0.600014,0.882252,0.933244,0.091291,0.391328,0.208441,0.569205,0.434560,1.279104,2.351450,2.963289,1.903323,2.873504,0.000000,0.000000,0.000000,0.000000,0.000000
0.343135,0.818014,0.891003,0.093183,0.621426,0.751208,0.906393,0.732586,0.728438,0.212641,3.489304,2.445102,2.339507,2.492897,2.690853,0.000000,0.000000,0.000000,0.000000,0.000000
0.958103,0.646909,0.962130,0.719578,0.475089,0.790684,0.823540,0.845447,0.829567,0.664506,3.204304,3.786389,3.078503,3.126397,3.461607,0.000000,0.000000,0.000000,0.000000,0.000000
0.512910,0.359189,0.247627,0.467685,0.017684,0.634259,0.146084,0.670737,0.906622,0.369559,2.092785,2.189273,1.270250,2.118711,2.037263,0.000000,0.000000,0.000000,0.000000,0.000000
0.165294,0.727616,0.459576,0.642147,0.342388,0.968355,0.553645,0.158853,0.346284,0.487855,2.546560,1.696345,1.908452,2.965712,1.714442,0.000000,0.000000,0.000000,0.000000,0.000000
0.551418,0.340764,0.339752,0.657622,0.910943,0.131685,0.183833,0.675428,0.646155,0.802967,1.712466,2.367440,2.798338,1.922653,2.449719,0.000000,0.000000,0.000000,0.000000,0.000000
0.921732,0.666220,0.402107,0.185861,0.968246,0.544390,0.729200,0.463641,0.159442,0.440691,2.344743,2.234917,2.105524,1.824132,3.384156,0.000000,0.000000,0.000000,0.000000,0.000000
0.377310,0.269378,0.584078,0.276244,0.689988,0.691171,0.806905,0.887347,0.697268,0.154333,2.895702,2.094204,1.966122,2.393483,2.641846,0.000000,0.000000,0.000000,0.000000,0.000000
0.137988,0.197208,0.003683,0.192005,0.067425,0.777554,0.662092,0.116716,0.852525,0.164335,2.013058,1.735281,1.105020,1.804450,2.389559,0.000000,0.000000,0.000000,0.000000,0.000000
0.494250,0.892244,0.020113,0.763437,0.892790,0.573682,0.176099,0.711742,0.353290,0.857063,2.680087,1.834162,3.015207,3.059482,2.072206,0.000000,0.000000,0.000000,0.000000,0.000000
0.816881,0.631914,0.451865,0.591462,0.964347,0.874545,0.898667,0.678471,0.305153,0.793900,3.328518,2.490643,2.803687,2.820521,3.333878,0.000000,0.000000,0.000000,0.000000,0.000000
0.865863,0.324328,0.033892,0.043053,0.752385,0.660706,0.784242,0.901300,0.298503,0.259410,2.831233,1.702530,1.758806,2.173599,2.861335,0.000000,0.000000,0.000000,0.000000,0.000000
0.774301,0.447645,0.112951,0.178680,0.078294,0.683550,0.637340,0.220697,0.720351,0.380550,1.986982,2.046417,1.132634,1.737996,2.516175,0.000000,0.000000,0.000000,0.000000,0.000000
0.599050,0.954084,0.318873,0.488383,0.363644,0.983504,0.139742,0.286368,0.805435,0.388533,3.084980,2.155032,1.657372,3.330868,1.965335,0.000000,0.000000,0.000000,0.000000,0.000000
0.466951,0.205543,0.115041,0.565546,0.265225,0.340859,0.174849,0.579149,0.581328,0.553144,1.702465,1.669771,1.680206,1.802917,1.578991,0.000000,0.000000,0.000000,0.000000,0.000000
0.473140,0.078833,0.643525,0.122163,0.700109,0.455075,0.948156,0.919014,0.097465,0.062646,2.978539,1.703384,1.981548,2.043073,2.350930,0.000000,0.000000,0.000000,0.000000,0.000000
0.028944,0.647265,0.367663,0.530841,0.438539,0.839530,0.658790,0.143086,0.767964,0.567444,2.309335,2.140144,1.873709,2.507244,2.332897,0.000000,0.000000,0.000000,0.000000,0.000000
0.223854,0.294057,0.538298,0.400434,0.761258,0.226548,0.952542,0.964979,0.935405,0.310145,2.888056,2.445625,2.086838,2.344288,3.271196,0.000000,0.000000,0.000000,0.000000,0.000000
0.974477,0.861454,0.891875,0.529375,0.649326,0.738728,0.440660,0.712694,0.910790,0.847844,2.894697,4.232629,3.155727,2.972376,3.445722,0.000000,0.000000,0.000000,0.000000,0.000000
0.402601,0.501211,0.164450,0.818248,0.363544,0.750751,0.124911,0.149011,0.796047,0.288068,1.777694,1.848318,2.044408,2.508279,1.832922,0.000000,0.000000,0.000000,0.000000,0.000000
0.030313,0.639708,0.462453,0.883710,0.940437,0.558861,0.898324,0.067415,0.518644,0.268670,2.272142,1.750839,2.825491,2.457841,2.999058,0.000000,0.000000,0.000000,0.000000,0.000000
0.846560,0.887932,0.538643,0.741595,0.774041,0.900758,0.090796,0.048698,0.170738,0.776610,2.482422,2.549794,2.844042,3.253031,2.097314,0.000000,0.000000,0.000000,0.000000,0.000000
0.707224,0.322016,0.028168,0.649442,0.084582,0.961807,0.023731,0.458422,0.041412,0.793905,2.394261,1.780435,1.903638,2.652070,1.276217,0.000000,0.000000,0.000000,0.000000,0.000000
0.922432,0.669678,0.405528,0.642469,0.788428,0.922259,0.687674,0.511065,0.037695,0.422955,2.887948,2.206609,2.299886,2.861578,2.903194,0.000000,0.000000,0.000000,0.000000,0.000000
0.261304,0.268938,0.176627,0.284413,0.123757,0.237489,0.920622,0.012521,0.283078,0.089402,1.854421,1.262137,1.210223,1.360266,2.007313,0.000000,0.000000,0.000000,0.000000,0.000000
0.791648,0.867976,0.058591,0.974274,0.491784,0.145111,0.551930,0.385862,0.348576,0.233958,2.142637,1.585663,2.444190,2.671417,2.185135,0.000000,0.000000,0.000000,0.000000,0.000000
0.951607,0.568344,0.508817,0.756391,0.426515,0.809901,0.190153,0.972428,0.455177,0.738243,2.739581,2.938381,2.427401,3.490103,2.294961,0.000000,0.000000,0.000000,0.000000,0.000000
0.087755,0.349225,0.808949,0.232791,0.908535,0.211798,0.083725,0.219443,0.783430,0.203677,1.279762,2.431220,2.493823,1.322559,2.447484,0.000000,0.000000,0.000000,0.000000,0.000000
0.708893,0.571969,0.382337,0.677736,0.373449,0.459125,0.120431,0.215902,0.450672,0.977375,1.535470,2.771626,2.801191,2.077824,1.628154,0.000000,0.000000,0.000000,0.000000,0.000000
0.027286,0.013973,0.487344,0.486876,0.386995,0.607494,0.142371,0.245519,0.307519,0.506470,1.617453,1.711828,1.805588,1.859561,1.294898,0.000000,0.000000,0.000000,0.000000,0.000000
0.601999,0.866500,0.830192,0.156689,0.598917,0.526581,0.314522,0.504036,0.246199,0.630934,2.376170,2.273302,2.354117,2.149106,1.721304,0.000000,0.000000,0.000000,0.000000,0.000000
0.802251,0.263355,0.192915,0.777996,0.487572,0.654951,0.248722,0.397861,0.800587,0.339015,1.847018,2.287048,2.113238,2.250278,2.419800,0.000000,0.000000,0.000000,0.000000,0.000000
0.628360,0.064023,0.110706,0.203218,0.502224,0.471345,0.518052,0.695500,0.368070,0.010568,2.056716,1.402077,1.544878,1.659631,1.936098,0.000000,0.000000,0.000000,0.000000,0.000000
0.078944,0.168048,0.366186,0.261508,0.989583,0.931787,0.957883,0.956792,0.086080,0.006023,3.704714,1.373635,2.107072,2.972532,2.934405,0.000000,0.000000,0.000000,0.000000,0.000000
0.272192,0.101549,0.944508,0.988456,0.145299,0.177669,0.813457,0.581069,0.943649,0.034072,2.151016,2.840511,2.964938,2.135071,2.712487,0.000000,0.000000,0.000000,0.000000,0.000000
0.337860,0.835231,0.147941,0.101913,0.064001,0.103999,0.726297,0.569951,0.886345,0.289991,2.450554,1.970965,1.084697,1.800919,2.525196,0.000000,0.000000,0.000000,0.000000,0.000000
0.664445,0.606545,0.324313,0.279405,0.287601,0.037050,0.523058,0.413656,0.024852,0.313837,1.693480,1.550752,1.409480,1.533202,1.742376,0.000000,0.000000,0.000000,0.000000,0.000000
0.861273,0.954025,0.867251,0.504639,0.260656,0.408186,0.802181,0.498489,0.950505,0.753941,3.009702,3.749525,2.490706,2.601322,3.273605,0.000000,0.000000,0.000000,0.000000,0.000000
0.505465,0.161355,0.106671,0.405151,0.346096,0.064282,0.707207,0.118876,0.616988,0.249299,1.477389,1.568116,1.515320,1.413684,2.194614,0.000000,0.000000,0.000000,0.000000,0.000000
0.835264,0.756553,0.710533,0.605207,0.377238,0.347592,0.515846,0.175554,0.220889,0.093291,1.761250,2.246874,2.102307,2.160008,2.105060,0.000000,0.000000,0.000000,0.000000,0.000000
0.929951,0.394920,0.043655,0.255642,0.795627,0.618758,0.695724,0.051569,0.440536,0.934191,1.795507,2.800903,2.622692,1.700103,3.141340,0.000000,0.000000,0.000000,0.000000,0.000000
0.849670,0.193612,0.529630,0.744875,0.808736,0.485949,0.815384,0.020954,0.717362,0.655826,1.800615,2.847510,2.697133,1.988279,3.380146,0.000000,0.000000,0.000000,0.000000,0.000000
0.779615,0.548899,0.673498,0.597336,0.293853,0.959573,0.265723,0.979526,0.820037,0.781331,3.009844,3.192364,2.328846,3.604080,2.332977,0.000000,0.000000,0.000000,0.000000,0.000000
0.559778,0.469397,0.077260,0.764090,0.695517,0.988802,0.903395,0.233011,0.949442,0.620739,2.996568,2.316070,2.428281,2.848192,3.239475,0.000000,0.000000,0.000000,0.000000,0.000000
0.991196,0.594682,0.603388,0.124947,0.222886,0.478668,0.773535,0.098880,0.147970,0.184164,1.915918,2.596777,1.459328,1.564472,2.771750,0.000000,0.000000,0.000000,0.000000,0.000000
0.343056,0.151243,0.180172,0.286053,0.503762,0.003266,0.221386,0.572970,0.486127,0.441175,1.584354,1.516210,1.629321,1.397301,1.599399,0.000000,0.000000,0.000000,0.000000,0.000000
0.465025,0.459940,0.907074,0.487365,0.028945,0.685491,0.308442,0.181778,0.346815,0.698626,1.725772,2.415102,2.251014,2.055653,1.475510,0.000000,0.000000,0.000000,0.000000,0.000000
0.176403,0.912149,0.123199,0.328240,0.781673,0.102545,0.944926,0.710652,0.241246,0.017139,3.257127,1.182372,1.891285,2.352729,2.481706,0.000000,0.000000,0.000000,0.000000,0.000000
0.420848,0.937719,0.562804,0.624437,0.049792,0.819869,0.173742,0.498326,0.924991,0.695512,2.948953,2.786225,1.851981,3.182841,2.060842,0.000000,0.000000,0.000000,0.000000,0.000000
0.168352,0.726696,0.068070,0.903855,0.841027,0.144318,0.247074,0.952594,0.455582,0.346772,2.267380,1.318128,2.672758,3.131882,2.050314,0.000000,0.000000,0.000000,0.000000,0.000000
0.289839,0.299724,0.230852,0.378838,0.556759,0.101806,0.567109,0.063878,0.945610,0.628395,1.264702,2.380229,1.868510,1.416145,2.640929,0.000000,0.000000,0.000000,0.000000,0.000000
0.705621,0.733345,0.302702,0.578427,0.478328,0.906306,0.837850,0.731577,0.525155,0.484643,3.430354,1.940228,1.895810,3.080650,2.470983,0.000000,0.000000,0.000000,0.000000,0.000000
0.360659,0.726202,0.053696,0.445135,0.248269,0.097632,0.224670,0.371923,0.374404,0.772981,1.670913,1.672649,1.803575,1.856777,1.397070,0.000000,0.000000,0.000000,0.000000,0.000000
0.068241,0.534728,0.633700,0.167257,0.421355,0.189502,0.200956,0.615054,0.322765,0.137545,1.740838,1.740502,1.704167,1.499169,1.379963,0.000000,0.000000,0.000000,0.000000,0.000000
0.170526,0.932290,0.498533,0.343600,0.970744,0.081327,0.306913,0.840656,0.133573,0.638936,2.631626,1.778059,2.379366,2.659955,2.240374,0.000000,0.000000,0.000000,0.000000,0.000000
0.572733,0.839715,0.433884,0.585468,0.630097,0.459240,0.941996,0.795409,0.685131,0.208771,3.339393,2.019988,2.056451,2.788747,2.769162,0.000000,0.000000,0.000000,0.000000,0.000000
0.858147,0.888780,0.657285,0.007716,0.086546,0.766586,0.644920,0.670106,0.713748,0.705506,3.149986,3.060187,1.618312,2.499082,2.697314,0.000000,0.000000,0.000000,0.000000,0.000000
0.885441,0.280683,0.708924,0.182231,0.015679,0.774196,0.024404,0.663404,0.489490,0.219569,2.269005,2.573774,1.407498,1.997416,1.878672,0.000000,0.000000,0.000000,0.000000,0.000000
0.726355,0.204294,0.981187,0.828028,0.611380,0.398477,0.316851,0.161945,0.553008,0.449377,1.354281,2.656105,3.282407,1.996026,2.129547,0.000000,0.000000,0.000000,0.000000,0.000000
0.623919,0.306154,0.157657,0.974193,0.414205,0.957313,0.090364,0.523247,0.839090,0.021457,2.449218,2.013275,2.367175,2.994296,2.017036,0.000000,0.000000,0.000000,0.000000,0.000000
0.800933,0.637597,0.176431,0.678446,0.996654,0.748301,0.748166,0.494611,0.858828,0.142100,2.638620,2.328400,2.462842,2.557452,3.887261,0.000000,0.000000,0.000000,0.000000,0.000000
0.689150,0.829041,0.912231,0.879583,0.495007,0.300672,0.437107,0.605740,0.171340,0.048866,2.252052,2.167261,3.027807,2.674426,1.813314,0.000000,0.000000,0.000000,0.000000,0.000000
0.968648,0.416423,0.658637,0.171783,0.665745,0.427251,0.763177,0.434759,0.788686,0.323774,2.091877,3.194972,1.991962,1.462265,3.560639,0.000000,0.000000,0.000000,0.000000,0.000000
0.614108,0.086323,0.754081,0.322586,0.954645,0.963751,0.666738,0.708448,0.947188,0.893303,2.933711,3.506320,3.124294,2.503947,3.576142,0.000000,0.000000,0.000000,0.000000,0.000000
0.061674,0.628119,0.218393,0.750572,0.487302,0.024898,0.691885,0.137878,0.871627,0.400783,1.625363,2.042518,2.086878,1.999368,2.567350,0.000000,0.000000,0.000000,0.000000,0.000000
0.095772,0.491103,0.630193,0.160914,0.522710,0.147299,0.079830,0.078107,0.975990,0.393863,1.158482,2.643932,1.822945,1.301093,2.175288,0.000000,0.000000,0.000000,0.000000,0.000000
0.187653,0.378775,0.720847,0.986830,0.330702,0.633110,0.860305,0.029515,0.835897,0.996916,2.087661,3.411587,3.666822,2.442002,2.596436,0.000000,0.000000,0.000000,0.000000,0.000000
0.239796,0.034779,0.334484,0.322407,0.117668,0.554563,0.493447,0.001542,0.235838,0.526269,1.429233,1.539165,1.335743,1.629990,1.554002,0.000000,0.000000,0.000000,0.000000,0.000000
0.360085,0.323363,0.344250,0.995069,0.609520,0.788642,0.316432,0.884602,0.528089,0.166107,2.549176,1.644523,2.641239,3.263175,1.838567,0.000000,0.000000,0.000000,0.000000,0.000000
0.107248,0.189276,0.651353,0.202967,0.135146,0.664679,0.614339,0.282147,0.971488,0.411667,1.957089,2.665039,1.481405,1.657884,2.560728,0.000000,0.000000,0.000000,0.000000,0.000000
0.945765,0.560089,0.012290,0.249547,0.275707,0.463769,0.123107,0.325421,0.626578,0.136325,1.640777,2.207504,1.338328,1.651543,2.336744,0.000000,0.000000,0.000000,0.000000,0.000000
0.504411,0.912572,0.359011,0.186757,0.448201,0.972751,0.619106,0.174341,0.302791,0.259615,3.051419,1.532927,1.533894,2.893904,1.865559,0.000000,0.000000,0.000000,0.000000,0.000000
0.585208,0.343321,0.057711,0.629660,0.617006,0.082410,0.702915,0.146261,0.633382,0.619358,1.514248,1.813758,2.160823,1.677376,2.456265,0.000000,0.000000,0.000000,0.000000,0.000000
0.020616,0.118332,0.670553,0.964958,0.432309,0.570713,0.575120,0.603844,0.031883,0.296351,2.119983,1.697596,2.672674,2.425283,1.656932,0.000000,0.000000,0.000000,0.000000,0.000000
0.192002,0.814547,0.518956,0.842063,0.345577,0.015384,0.654582,0.962987,0.305999,0.000429,2.683912,1.613951,2.194409,3.242709,1.790846,0.000000,0.000000,0.000000,0.000000,0.000000
0.798772,0.596555,0.067807,0.327041,0.865373,0.617094,0.268537,0.125431,0.860822,0.318078,1.652250,2.248093,1.982877,1.920395,3.064695,0.000000,0.000000,0.000000,0.000000,0.000000
0.844169,0.917282,0.229722,0.091886,0.318234,0.078624,0.423943,0.565691,0.878714,0.690302,2.356032,2.838629,1.565868,1.972279,2.736139,0.000000,0.000000,0.000000,0.000000,0.000000
0.754639,0.286193,0.170612,0.146892,0.539069,0.063588,0.075045,0.350343,0.714026,0.820614,1.361518,2.557359,2.019089,1.189442,2.065838,0.000000,0.000000,0.000000,0.000000,0.000000
0.281261,0.178692,0.700663,0.536954,0.137158,0.187785,0.302469,0.842435,0.350959,0.808389,1.906390,2.358369,2.196505,2.081593,1.434480,0.000000,0.000000,0.000000,0.000000,0.000000
0.575903,0.684889,0.266379,0.210472,0.128791,0.496631,0.495946,0.900976,0.555602,0.563712,2.489632,1.864205,1.292970,2.437328,1.916777,0.000000,0.000000,0.000000,0.000000,0.000000
0.448942,0.792176,0.443252,0.581787,0.490671,0.818972,0.767658,0.183682,0.702559,0.576219,2.700587,2.168784,2.026476,2.750765,2.420003,0.000000,0.000000,0.000000,0.000000,0.000000
0.894722,0.937272,0.395551,0.362202,0.594236,0.073202,0.738616,0.364046,0.676405,0.083690,2.544083,2.494503,1.787363,2.208497,3.046816,0.000000,0.000000,0.000000,0.000000,0.000000
0.353309,0.365763,0.736947,0.790900,0.525530,0.737402,0.839514,0.441628,0.977553,0.864548,2.594963,3.354340,3.109954,2.421633,2.955849,0.000000,0.000000,0.000000,0.000000,0.000000
0.652814,0.615281,0.690960,0.699613,0.844731,0.732674,0.181259,0.155411,0.368498,0.069197,1.841493,2.008700,2.664094,2.469934,2.101442,0.000000,0.000000,0.000000,0.000000,0.000000
0.950274,0.271813,0.372835,0.764192,0.141762,0.640670,0.477992,0.824120,0.325544,0.701378,2.349247,2.639291,2.019573,2.656009,2.402268,0.000000,0.000000,0.000000,0.000000,0.000000
0.959734,0.033436,0.481062,0.349467,0.294774,0.216337,0.389159,0.039358,0.939632,0.162146,1.145097,3.216639,1.528920,1.396308,3.146087,0.000000,0.000000,0.000000,0.000000,0.000000
0.019923,0.846455,0.197509,0.589824,0.258673,0.655783,0.857239,0.204536,0.201456,0.235552,2.777890,1.251163,1.617349,2.628099,1.915132,0.000000,0.000000,0.000000,0.000000,0.000000
0.224881,0.764688,0.582395,0.549857,0.967289,0.300895,0.984809,0.701204,0.122650,0.252228,3.088787,1.616042,2.471217,2.329300,2.907450,0.000000,0.000000,0.000000,0.000000,0.000000
0.405030,0.851315,0.368117,0.698523,0.111373,0.406551,0.529781,0.437863,0.772868,0.639760,2.277082,2.254203,1.816712,2.517544,2.155399,0.000000,0.000000,0.000000,0.000000,0.000000
0.733292,0.512133,0.572418,0.219545,0.793858,0.069803,0.527687,0.979436,0.533005,0.253632,2.200035,2.161969,2.033757,2.278987,2.601219,0.000000,0.000000,0.000000,0.000000,0.000000
0.165746,0.836151,0.380690,0.194815,0.350474,0.733444,0.273555,0.850816,0.111396,0.420943,2.898035,1.468442,1.474996,2.841361,1.329768,0.000000,0.000000,0.000000,0.000000,0.000000
0.093044,0.652076,0.461942,0.733164,0.877704,0.861719,0.170268,0.104129,0.791216,0.579740,2.032424,2.282890,2.626769,2.753107,2.472518,0.000000,0.000000,0.000000,0.000000,0.000000
0.319352,0.938869,0.118214,0.614265,0.872883,0.845687,0.620379,0.002745,0.582884,0.562482,2.733695,1.646331,2.351957,3.157041,2.635606,0.000000,0.000000,0.000000,0.000000,0.000000
0.180268,0.495518,0.388755,0.137973,0.409477,0.504335,0.498875,0.763942,0.973307,0.443366,2.202742,2.424292,1.525908,1.854593,2.515915,0.000000,0.000000,0.000000,0.000000,0.000000
0.279443,0.093559,0.230170,0.239480,0.423857,0.340777,0.354427,0.229216,0.645867,0.219774,1.389944,1.664027,1.495734,1.359188,1.853817,0.000000,0.000000,0.000000,0.000000,0.000000
0.518763,0.620030,0.854184,0.374156,0.036052,0.755064,0.907819,0.742355,0.244575,0.971508,3.208433,2.903359,2.690093,2.486341,2.040106,0.000000,0.000000,0.000000,0.000000,0.000000
0.103687,0.092146,0.521343,0.788113,0.142109,0.069528,0.091639,0.418622,0.555284,0.315312,1.424298,1.861148,1.914815,1.824440,1.402964,0.000000,0.000000,0.000000,0.000000,0.000000
0.190833,0.480164,0.122788,0.156168,0.181482,0.088172,0.849255,0.179111,0.643790,0.223562,1.852554,1.549754,1.210219,1.275677,2.271024,0.000000,0.000000,0.000000,0.000000,0.000000
0.311180,0.258792,0.788464,0.071804,0.802469,0.929937,0.229855,0.295805,0.192940,0.478143,2.177216,1.944380,2.350061,1.961575,1.793213,0.000000,0.000000,0.000000,0.000000,0.000000
0.642485,0.561068,0.227339,0.428806,0.076184,0.254182,0.245253,0.731672,0.300744,0.533434,1.910129,1.639969,1.352778,1.956630,1.506536,0.000000,0.000000,0.000000,0.000000,0.000000
0.422292,0.761908,0.636295,0.375267,0.296893,0.074263,0.087601,0.615947,0.637279,0.319834,1.959119,2.106938,1.705799,1.967010,1.551697,0.000000,0.000000,0.000000,0.000000,0.000000
0.936874,0.301010,0.013733,0.166605,0.750558,0.720933,0.990219,0.605608,0.281536,0.492873,3.104505,1.983140,1.837330,1.848137,3.262715,0.000000,0.000000,0.000000,0.000000,0.000000
0.395430,0.276954,0.136052,0.610407,0.754317,0.647505,0.625191,0.954288,0.530157,0.113614,2.623799,1.443036,2.129599,2.880226,2.359911,0.000000,0.000000,0.000000,0.000000,0.000000
0.058470,0.559646,0.535784,0.976515,0.661436,0.054798,0.556242,0.624820,0.339202,0.628547,1.898024,1.899175,2.924904,2.307214,1.960688,0.000000,0.000000,0.000000,0.000000,0.000000
0.210142,0.879659,0.866501,0.211142,0.706666,0.979439,0.822848,0.930164,0.678702,0.629330,4.045365,2.578338,2.558698,3.599703,2.638328,0.000000,0.000000,0.000000,0.000000,0.000000
0.337702,0.964036,0.577504,0.009280,0.673922,0.012648,0.484859,0.911076,0.479476,0.853190,2.888940,2.441471,2.396498,2.594381,2.033838,0.000000,0.000000,0.000000,0.000000,0.000000
0.821297,0.960169,0.552066,0.653043,0.210592,0.769092,0.468648,0.154282,0.384437,0.089572,2.698659,2.155565,1.805379,3.130316,2.080768,0.000000,0.000000,0.000000,0.000000,0.000000
0.769639,0.276854,0.197171,0.563680,0.702217,0.526562,0.469623,0.779126,0.349219,0.625497,2.165841,1.914720,2.180691,2.230661,2.288716,0.000000,0.000000,0.000000,0.000000,0.000000
0.012825,0.608429,0.086330,0.193069,0.268897,0.558345,0.301570,0.727744,0.408812,0.502183,2.203957,1.380101,1.370415,2.010539,1.488140,0.000000,0.000000,0.000000,0.000000,0.000000
0.116651,0.830509,0.642970,0.329431,0.924784,0.250736,0.196618,0.340355,0.540017,0.958568,1.886573,2.815556,3.143409,1.978559,2.279320,0.000000,0.000000,0.000000,0.000000,0.000000
0.840933,0.737964,0.090301,0.421050,0.393355,0.703092,0.085398,0.802432,0.000374,0.081512,2.593972,1.590931,1.571418,2.731880,1.646349,0.000000,0.000000,0.000000,0.000000,0.000000
0.454743,0.591821,0.799958,0.537535,0.097903,0.739008,0.392402,0.802688,0.329219,0.637681,2.531919,2.210411,2.064120,2.706088,1.544489,0.000000,0.000000,0.000000,0.000000,0.000000
0.118169,0.239920,0.143816,0.610962,0.247845,0.799499,0.103593,0.368316,0.979927,0.462890,2.011940,2.203451,1.670005,2.282374,2.079270,0.000000,0.000000,0.000000,0.000000,0.000000
0.212802,0.136659,0.916881,0.376904,0.210476,0.469369,0.261140,0.834086,0.639089,0.669360,2.072551,2.627268,2.324069,2.083763,1.680949,0.000000,0.000000,0.000000,0.000000,0.000000
0.311196,0.012455,0.663792,0.292820,0.365131,0.905538,0.944788,0.539781,0.819697,0.717035,3.203119,2.713728,2.007693,2.197712,2.674748,0.000000,0.000000,0.000000,0.000000,0.000000
0.560234,0.946911,0.116960,0.852786,0.353150,0.169224,0.261550,0.762251,0.602572,0.401714,2.612742,1.643389,2.108036,3.068051,1.767195,0.000000,0.000000,0.000000,0.000000,0.000000
0.285827,0.477848,0.294852,0.895908,0.487304,0.824350,0.992975,0.312240,0.277194,0.172109,3.023005,1.383462,2.316467,2.694078,2.192204,0.000000,0.000000,0.000000,0.000000,0.000000
0.915581,0.332099,0.587105,0.981914,0.177384,0.642605,0.498245,0.445299,0.133259,0.047848,1.994092,2.307699,2.343915,2.470802,2.224311,0.000000,0.000000,0.000000,0.000000,0.000000
0.452943,0.190194,0.585930,0.678366,0.654880,0.298833,0.019560,0.986450,0.051448,0.181633,2.077067,1.636659,2.317307,2.721438,1.345153,0.000000,0.000000,0.000000,0.000000,0.000000
0.832657,0.809618,0.772864,0.692106,0.459341,0.645722,0.934373,0.720446,0.862024,0.363335,3.382815,3.044604,2.417426,2.909158,3.255066,0.000000,0.000000,0.000000,0.000000,0.000000
0.878050,0.042581,0.070023,0.736195,0.814848,0.978671,0.581263,0.026320,0.373716,0.536965,2.180509,1.958907,2.440309,2.694069,2.856364,0.000000,0.000000,0.000000,0.000000,0.000000
0.768885,0.680765,0.264129,0.814658,0.777971,0.425813,0.131420,0.041845,0.263843,0.439953,1.440209,1.768398,2.497531,2.311472,2.021391,0.000000,0.000000,0.000000,0.000000,0.000000
0.805691,0.530447,0.839267,0.147381,0.445404,0.512129,0.543363,0.296897,0.766901,0.286739,1.798769,2.872360,2.065040,1.566681,2.641241,0.000000,0.000000,0.000000,0.000000,0.000000
0.081113,0.354628,0.912296,0.821136,0.020421,0.905565,0.437148,0.308661,0.351257,0.999182,2.228063,3.033268,3.450705,2.694858,1.560582,0.000000,0.000000,0.000000,0.000000,0.000000
0.139931,0.381322,0.257649,0.265095,0.322334,0.491337,0.399458,0.962918,0.904630,0.313393,2.289213,2.107168,1.419359,2.421674,2.251688,0.000000,0.000000,0.000000,0.000000,0.000000
0.411568,0.379728,0.285590,0.039852,0.608382,0.071149,0.508916,0.552360,0.691161,0.478918,1.710021,1.901832,1.685871,1.192756,2.240492,0.000000,0.000000,0.000000,0.000000,0.000000
0.098642,0.266396,0.177679,0.202492,0.941280,0.254476,0.701222,0.256613,0.210866,0.713359,1.671207,1.585253,2.246852,1.290492,2.579762,0.000000,0.000000,0.000000,0.000000,0.000000
0.016496,0.413956,0.519034,0.681046,0.353683,0.632610,0.762702,0.121614,0.587362,0.681697,1.994849,2.180820,2.173288,2.152396,2.151939,0.000000,0.000000,0.000000,0.000000,0.000000
0.905769,0.389363,0.186390,0.962339,0.340111,0.320148,0.059820,0.848042,0.845931,0.874504,1.973734,3.243857,2.857537,2.641074,2.487846,0.000000,0.000000,0.000000,0.000000,0.000000
0.465080,0.136427,0.236880,0.011369,0.265451,0.886771,0.238697,0.594181,0.962769,0.424601,2.394490,2.287140,1.311375,1.924916,2.231112,0.000000,0.000000,0.000000,0.000000,0.000000
0.431498,0.441852,0.315019,0.238646,0.764635,0.142822,0.943351,0.624799,0.904763,0.071066,2.522812,2.168641,1.852874,1.497701,3.243671,0.000000,0.000000,0.000000,0.000000,0.000000
0.589160,0.077568,0.275495,0.838965,0.376996,0.773674,0.733124,0.064212,0.138844,0.237356,2.056852,1.428630,2.104942,2.438021,1.926467,0.000000,0.000000,0.000000,0.000000,0.000000
0.879700,0.299988,0.373017,0.753549,0.628425,0.944844,0.860534,0.308936,0.949777,0.776169,2.847007,3.341565,2.611094,2.682385,3.609664,0.000000,0.000000,0.000000,0.000000,0.000000
0.465254,0.775453,0.020664,0.456050,0.901554,0.324526,0.989510,0.400766,0.650735,0.004711,2.836537,1.490976,2.109545,2.053465,3.192604,0.000000,0.000000,0.000000,0.000000,0.000000
0.565713,0.466839,0.911830,0.337356,0.603760,0.726826,0.580255,0.693644,0.526641,0.686882,2.464787,2.615677,2.698299,2.198872,2.180112,0.000000,0.000000,0.000000,0.000000,0.000000
0.136737,0.003740,0.726635,0.778704,0.465800,0.085304,0.883791,0.138707,0.775279,0.767799,1.836302,2.780671,2.803369,1.786351,2.586263,0.000000,0.000000,0.000000,0.000000,0.000000
0.688446,0.527064,0.207511,0.294812,0.883521,0.850144,0.941913,0.257140,0.118282,0.508441,2.892722,1.577576,2.046199,2.168346,2.870225,0.000000,0.000000,0.000000,0.000000,0.000000
0.851220,0.103792,0.675852,0.684307,0.338257,0.681264,0.574233,0.394433,0.716406,0.644117,2.048018,2.981334,2.287377,2.173750,2.651182,0.000000,0.000000,0.000000,0.000000,0.000000
0.385502,0.367290,0.640164,0.693178,0.185742,0.866073,0.609457,0.098729,0.050243,0.986445,2.093385,2.624657,2.875454,2.492904,1.640475,0.000000,0.000000,0.000000,0.000000,0.000000
0.372213,0.239390,0.854189,0.827215,0.261998,0.505582,0.072013,0.095731,0.521642,0.103302,1.355002,2.146596,2.569646,2.096631,1.381302,0.000000,0.000000,0.000000,0.000000,0.000000
0.361744,0.692508,0.917777,0.964827,0.164851,0.381918,0.515261,0.019706,0.723084,0.725708,1.532352,2.839947,3.146161,2.442793,2.059716,0.000000,0.000000,0.000000,0.000000,0.000000
0.212810,0.092851,0.542511,0.632978,0.386402,0.893418,0.826553,0.260044,0.282481,0.119000,2.623007,1.626043,1.946935,2.436547,1.966092,0.000000,0.000000,0.000000,0.000000,0.000000
0.902266,0.627707,0.756512,0.077554,0.728541,0.916873,0.764440,0.968855,0.368303,0.340439,3.411475,2.594346,2.180947,3.046659,2.949506,0.000000,0.000000,0.000000,0.000000,0.000000
0.528082,0.619616,0.935606,0.671127,0.467968,0.344629,0.153907,0.475257,0.271297,0.657627,1.745070,2.371383,2.924403,2.078798,1.407760,0.000000,0.000000,0.000000,0.000000,0.000000
0.226506,0.822172,0.281017,0.110691,0.123935,0.092554,0.324221,0.746157,0.612459,0.537254,2.245735,1.813828,1.241693,1.984987,1.703862,0.000000,0.000000,0.000000,0.000000,0.000000
0.200687,0.461361,0.764053,0.530521,0.379646,0.961916,0.287538,0.310867,0.875021,0.810808,2.305231,3.064370,2.539322,2.563346,2.109541,0.000000,0.000000,0.000000,0.000000,0.000000
0.010985,0.383787,0.968878,0.983315,0.756286,0.150753,0.366779,0.200695,0.108706,0.383967,1.294458,2.037304,3.654442,2.064193,1.811168,0.000000,0.000000,0.000000,0.000000,0.000000
0.415724,0.128618,0.473619,0.604989,0.698938,0.016641,0.867759,0.200922,0.298228,0.947616,1.854901,2.443365,2.977551,1.609024,2.328009,0.000000,0.000000,0.000000,0.000000,0.000000
0.943037,0.964314,0.513373,0.734759,0.672977,0.534830,0.070845,0.212779,0.097527,0.198824,2.363895,2.321631,2.349711,2.919569,2.176033,0.000000,0.000000,0.000000,0.000000,0.000000
0.216898,0.648098,0.729994,0.334397,0.889030,0.182289,0.540203,0.368421,0.716476,0.355789,1.735718,2.290583,2.405884,1.658271,2.758421,0.000000,0.000000,0.000000,0.000000,0.000000
0.464289,0.515978,0.429694,0.960236,0.311043,0.828529,0.155393,0.911050,0.423838,0.412067,2.672142,1.725770,2.341265,3.472986,1.411592,0.000000,0.000000,0.000000,0.000000,0.000000
0.830603,0.925330,0.845636,0.920507,0.526963,0.566306,0.583330,0.772020,0.867556,0.788185,3.024355,3.563902,3.364944,3.388745,2.958279,0.000000,0.000000,0.000000,0.000000,0.000000
0.807834,0.050007,0.913456,0.927415,0.439519,0.025398,0.262108,0.290882,0.435461,0.944483,1.309541,3.371488,3.857557,1.935344,1.962520,0.000000,0.000000,0.000000,0.000000,0.000000
0.444400,0.387017,0.678529,0.383196,0.645860,0.353906,0.056975,0.494907,0.025310,0.390986,1.642776,1.777942,2.128464,1.626406,1.366029,0.000000,0.000000,0.000000,0.000000,0.000000
0.300222,0.538528,0.884493,0.376894,0.381939,0.931464,0.943285,0.901280,0.419082,0.628990,3.692335,2.317093,2.372474,3.060539,2.182756,0.000000,0.000000,0.000000,0.000000,0.000000
0.983330,0.449714,0.917866,0.268697,0.215700,0.858143,0.299779,0.233168,0.037470,0.809137,2.037421,3.383981,2.489814,2.099013,2.246187,0.000000,0.000000,0.000000,0.000000,0.000000
0.843702,0.406759,0.894614,0.457040,0.124076,0.981340,0.341865,0.354249,0.875018,0.342112,2.384606,3.207019,2.062650,2.503116,2.616139,0.000000,0.000000,0.000000,0.000000,0.000000
0.114125,0.796904,0.465193,0.273152,0.097791,0.160220,0.097538,0.777521,0.918541,0.734799,2.207417,2.705820,1.564597,2.170369,1.942361,0.000000,0.000000,0.000000,0.000000,0.000000
0.257484,0.884385,0.341501,0.559874,0.593015,0.399386,0.083251,0.491972,0.733304,0.266526,2.263796,1.902563,1.951347,2.469675,1.833925,0.000000,0.000000,0.000000,0.000000,0.000000
0.966108,0.548198,0.336872,0.623278,0.694509,0.990746,0.466137,0.455750,0.935847,0.100319,2.628924,3.084862,2.121316,2.812743,3.548109,0.000000,0.000000,0.000000,0.000000,0.000000
0.362785,0.323357,0.033114,0.057968,0.516948,0.110662,0.040833,0.455933,0.938115,0.020985,1.479180,1.930505,1.520345,1.147236,2.076362,0.000000,0.000000,0.000000,0.000000,0.000000
0.796497,0.752144,0.425445,0.597542,0.522273,0.440234,0.350400,0.086689,0.104987,0.844609,1.643558,2.441453,2.465224,2.216908,1.906354,0.000000,0.000000,0.000000,0.000000,0.000000
0.401723,0.345762,0.000984,0.233631,0.325189,0.966223,0.878853,0.397630,0.861607,0.597624,3.024319,1.982838,1.507332,2.233552,2.681651,0.000000,0.000000,0.000000,0.000000,0.000000
0.013133,0.381128,0.213529,0.476136,0.138368,0.002531,0.618645,0.738815,0.921428,0.746528,1.996690,2.478602,1.685397,1.829453,2.470324,0.000000,0.000000,0.000000,0.000000,0.000000
0.668363,0.028902,0.642142,0.507022,0.000957,0.886056,0.985726,0.959426,0.212958,0.326107,3.702306,1.921721,1.534122,3.139456,2.230625,0.000000,0.000000,0.000000,0.000000,0.000000
0.908145,0.123670,0.597558,0.214764,0.988381,0.411314,0.761707,0.798105,0.849039,0.192798,2.409459,3.005766,2.249259,1.791568,4.128296,0.000000,0.000000,0.000000,0.000000,0.000000
0.938296,0.023542,0.396410,0.342179,0.603471,0.764609,0.560753,0.434639,0.308962,0.691694,2.195592,2.597906,2.011756,1.962507,2.651085,0.000000,0.000000,0.000000,0.000000,0.000000
0.936264,0.029091,0.212978,0.191992,0.764283,0.985936,0.115801,0.923574,0.946146,0.640761,2.897199,3.139663,1.979376,2.891679,3.225845,0.000000,0.000000,0.000000,0.000000,0.000000
0.052190,0.057050,0.212584,0.498300,0.531144,0.398533,0.449116,0.138926,0.681882,0.669864,1.388355,1.978133,1.990401,1.657687,2.063930,0.000000,0.000000,0.000000,0.000000,0.000000
0.591663,0.983744,0.329877,0.559092,0.406544,0.548465,0.897104,0.651993,0.980375,0.172563,3.611337,2.418696,1.755911,2.992632,3.047977,0.000000,0.000000,0.000000,0.000000,0.000000
0.584880,0.459696,0.655210,0.073037,0.753635,0.920722,0.657671,0.702756,0.742865,0.585973,2.879604,2.525283,2.158150,2.261812,2.754580,0.000000,0.000000,0.000000,0.000000,0.000000
0.677436,0.119627,0.945187,0.197926,0.289561,0.200561,0.600472,0.507214,0.275130,0.201780,1.764154,2.239706,2.174803,1.306049,1.911054,0.000000,0.000000,0.000000,0.000000,0.000000
0.634105,0.967210,0.734672,0.722392,0.346860,0.565462,0.485373,0.291002,0.679045,0.121812,2.600247,2.359258,2.265464,2.954130,2.149882,0.000000,0.000000,0.000000,0.000000,0.000000
0.049813,0.350716,0.790540,0.975154,0.922657,0.310187,0.047700,0.100998,0.853948,0.032783,1.212452,2.519809,3.367632,2.114612,2.562388,0.000000,0.000000,0.000000,0.000000,0.000000
0.838191,0.422776,0.423753,0.785355,0.466708,0.875387,0.187803,0.630036,0.065279,0.401493,2.434910,1.986330,2.185567,2.784790,1.787318,0.000000,0.000000,0.000000,0.000000,0.000000
0.923427,0.186064,0.896393,0.010943,0.228547,0.569695,0.670460,0.370244,0.013904,0.969568,1.997377,3.535166,2.832652,1.360728,2.409718,0.000000,0.000000,0.000000,0.000000,0.000000
0.833815,0.681145,0.556255,0.114663,0.621044,0.365688,0.398307,0.741557,0.354124,0.499213,2.153733,2.289439,1.868415,1.866812,2.246613,0.000000,0.000000,0.000000,0.000000,0.000000
0.661189,0.749806,0.664204,0.671427,0.664023,0.921036,0.563625,0.285047,0.836846,0.067558,2.628482,2.555941,2.407883,2.947885,2.747840,0.000000,0.000000,0.000000,0.000000,0.000000
0.584154,0.411357,0.071397,0.110640,0.125964,0.160998,0.710107,0.623876,0.577063,0.107574,2.036502,1.522086,1.138703,1.357661,2.161549,0.000000,0.000000,0.000000,0.000000,0.000000
0.803631,0.760086,0.408348,0.759675,0.372049,0.399497,0.227311,0.397252,0.140289,0.180154,1.902369,1.850963,2.018300,2.383303,1.715578,0.000000,0.000000,0.000000,0.000000,0.000000
0.520290,0.481877,0.028749,0.643507,0.157829,0.970409,0.504251,0.619149,0.904317,0.716885,2.742977,2.288242,1.836072,2.844049,2.399251,0.000000,0.000000,0.000000,0.000000,0.000000
0.604723,0.422814,0.695054,0.872980,0.418777,0.609238,0.418768,0.311453,0.249097,0.463102,1.788022,1.990150,2.562645,2.329148,1.687989,0.000000,0.000000,0.000000,0.000000,0.000000
0.908049,0.059460,0.955825,0.965472,0.653909,0.979976,0.587001,0.836044,0.643344,0.115159,2.998671,3.051132,3.459463,3.414592,2.960390,0.000000,0.000000,0.000000,0.000000,0.000000
0.754113,0.150179,0.675591,0.648961,0.346635,0.333550,0.301838,0.207451,0.152145,0.889349,1.346715,2.725567,2.701730,1.765456,1.690042,0.000000,0.000000,0.000000,0.000000,0.000000
0.167920,0.050981,0.892721,0.428626,0.985896,0.095866,0.127842,0.208032,0.155142,0.503643,1.219318,2.045337,2.945413,1.439822,2.110989,0.000000,0.000000,0.000000,0.000000,0.000000
0.547979,0.485060,0.469320,0.885252,0.941561,0.542622,0.686825,0.695774,0.071531,0.822746,2.369567,2.121532,3.286815,2.528172,2.616838,0.000000,0.000000,0.000000,0.000000,0.000000
0.073156,0.846072,0.019864,0.211264,0.576816,0.899883,0.023072,0.003974,0.050455,0.674478,2.326199,1.329272,1.828409,2.626703,1.217562,0.000000,0.000000,0.000000,0.000000,0.000000
0.281230,0.847063,0.388492,0.191709,0.554978,0.444067,0.184104,0.328223,0.012641,0.765766,2.046489,1.843951,1.994227,2.008292,1.361452,0.000000,0.000000,0.000000,0.000000,0.000000
0.515426,0.471125,0.802170,0.493779,0.381554,0.476733,0.445394,0.662973,0.144121,0.774041,2.027868,2.357276,2.500516,2.018812,1.592291,0.000000,0.000000,0.000000,0.000000,0.000000
0.054323,0.329874,0.771622,0.705859,0.309476,0.651480,0.776543,0.901199,0.605457,0.332668,2.805736,2.175025,2.279385,2.825783,2.172770,0.000000,0.000000,0.000000,0.000000,0.000000
0.389758,0.184570,0.174244,0.440934,0.056067,0.556441,0.912233,0.804465,0.272019,0.644280,2.874384,1.538755,1.428085,2.175670,2.009481,0.000000,0.000000,0.000000,0.000000,0.000000
0.813075,0.242340,0.113685,0.641342,0.848120,0.757814,0.309957,0.016531,0.962832,0.807579,1.624040,3.004462,2.686252,2.229856,3.284103,0.000000,0.000000,0.000000,0.000000,0.000000
0.558714,0.580992,0.132374,0.969249,0.236457,0.580715,0.103991,0.279607,0.690325,0.750570,1.731903,2.129203,2.495588,2.508706,1.691205,0.000000,0.000000,0.000000,0.000000,0.000000
0.807717,0.230490,0.502016,0.753581,0.979255,0.509042,0.373905,0.119013,0.296833,0.332035,1.433233,2.052366,2.685812,2.025151,2.826695,0.000000,0.000000,0.000000,0.000000,0.000000
0.453328,0.206093,0.237670,0.842073,0.366930,0.524121,0.324719,0.362779,0.874375,0.185042,1.673524,2.050770,2.090614,2.142850,2.180886,0.000000,0.000000,0.000000,0.000000,0.000000
0.030030,0.044826,0.280278,0.920677,0.616004,0.762909,0.848558,0.398648,0.909851,0.423124,2.591686,2.183860,2.517720,2.528052,2.910136,0.000000,0.000000,0.000000,0.000000,0.000000
0.449736,0.043990,0.237409,0.349945,0.929436,0.199632,0.974750,0.027211,0.328572,0.414447,1.993216,1.457466,2.094782,1.389883,2.926515,0.000000,0.000000,0.000000,0.000000,0.000000
0.266657,0.793581,0.865208,0.908123,0.224028,0.169918,0.062568,0.458992,0.859379,0.503495,1.884721,2.736436,2.760664,2.481153,1.817401,0.000000,0.000000,0.000000,0.000000,0.000000
0.039265,0.633160,0.161224,0.310941,0.377245,0.254883,0.017117,0.722014,0.738611,0.373853,1.947698,1.759025,1.497655,1.901493,1.616353,0.000000,0.000000,0.000000,0.000000,0.000000
0.459694,0.644192,0.477874,0.323556,0.525405,0.626614,0.883005,0.433628,0.902280,0.897220,2.686962,3.058902,2.387252,2.018887,2.886808,0.000000,0.000000,0.000000,0.000000,0.000000
0.516164,0.041746,0.606890,0.308331,0.096542,0.133336,0.239856,0.486894,0.677283,0.061372,1.518475,2.136816,1.415152,1.382383,1.770450,0.000000,0.000000,0.000000,0.000000,0.000000
0.422153,0.610457,0.356157,0.671174,0.882738,0.383115,0.119742,0.605324,0.543998,0.999135,1.892692,2.681256,3.374933,2.179704,2.135289,0.000000,0.000000,0.000000,0.000000,0.000000
0.816721,0.272215,0.685987,0.216801,0.653834,0.036289,0.743223,0.569054,0.081869,0.446546,1.986403,2.226667,2.063410,1.343151,2.474373,0.000000,0.000000,0.000000,0.000000,0.000000
0.474752,0.379989,0.967510,0.402383,0.976670,0.853863,0.675399,0.208632,0.289666,0.732790,2.266655,2.495711,3.332595,2.188227,2.741736,0.000000,0.000000,0.000000,0.000000,0.000000
0.587052,0.735762,0.152028,0.133725,0.280161,0.902677,0.997050,0.046035,0.887100,0.175034,3.145092,2.063107,1.302496,2.346857,2.924756,0.000000,0.000000,0.000000,0.000000,0.000000
0.850237,0.802701,0.419389,0.281567,0.024491,0.424747,0.146847,0.279763,0.488801,0.598370,1.878499,2.395148,1.305734,1.985306,1.908376,0.000000,0.000000,0.000000,0.000000,0.000000
0.631219,0.436877,0.993857,0.571856,0.734090,0.218911,0.237210,0.967021,0.563931,0.215986,2.064719,2.480704,3.044970,2.577628,2.109574,0.000000,0.000000,0.000000,0.000000,0.000000
0.819307,0.454560,0.723744,0.993468,0.531125,0.538608,0.827365,0.797712,0.787988,0.845297,2.696863,3.399251,3.407754,2.782425,3.048711,0.000000,0.000000,0.000000,0.000000,0.000000
0.718108,0.773205,0.682347,0.302003,0.914821,0.326100,0.775577,0.738289,0.742284,0.212293,2.668575,2.508826,2.325757,2.167704,3.358100,0.000000,0.000000,0.000000,0.000000,0.000000
0.415377,0.748351,0.264872,0.030243,0.607939,0.385904,0.234086,0.431008,0.156005,0.896409,1.906390,2.039287,2.273127,1.632773,1.512881,0.000000,0.000000,0.000000,0.000000,0.000000
0.768250,0.094723,0.685241,0.871577,0.984601,0.289607,0.406909,0.005411,0.817930,0.680554,1.156737,3.017798,3.280518,1.956299,3.378774,0.000000,0.000000,0.000000,0.000000,0.000000
0.018097,0.395110,0.994905,0.795575,0.486345,0.293696,0.255430,0.611674,0.593320,0.409627,1.738967,2.415666,3.132232,2.083497,1.722494,0.000000,0.000000,0.000000,0.000000,0.000000
0.978169,0.306796,0.572867,0.889068,0.673991,0.363934,0.710422,0.426185,0.164844,0.218623,1.926042,2.525982,2.654719,2.083383,2.959258,0.000000,0.000000,0.000000,0.000000,0.000000
0.654068,0.619818,0.175454,0.929929,0.709750,0.642220,0.612806,0.367432,0.994704,0.976499,2.157596,3.279047,3.489177,2.598720,3.142792,0.000000,0.000000,0.000000,0.000000,0.000000
0.632427,0.249299,0.102903,0.097490,0.782245,0.667887,0.510230,0.166853,0.213630,0.798711,1.749620,1.818041,2.199805,1.559832,2.194500,0.000000,0.000000,0.000000,0.000000,0.000000
0.787806,0.966982,0.028570,0.195139,0.442042,0.792799,0.226702,0.483325,0.552882,0.544282,2.997832,1.880681,1.567905,2.782420,2.003948,0.000000,0.000000,0.000000,0.000000,0.000000
0.813406,0.122851,0.731306,0.590950,0.061303,0.004761,0.805351,0.433151,0.514543,0.122180,1.955744,2.435638,1.801857,1.628028,2.508090,0.000000,0.000000,0.000000,0.000000,0.000000
0.962632,0.209653,0.633104,0.429231,0.188390,0.275377,0.330093,0.990611,0.880423,0.758377,2.104343,3.703116,1.957171,2.477247,2.970622,0.000000,0.000000,0.000000,0.000000,0.000000
0.917604,0.597504,0.408176,0.814517,0.991932,0.994030,0.875364,0.649964,0.596451,0.674346,3.436275,2.779544,2.930167,3.194395,3.916069,0.000000,0.000000,0.000000,0.000000,0.000000
0.837892,0.748300,0.331882,0.406172,0.687982,0.429550,0.096671,0.980816,0.008920,0.600365,2.479780,2.041248,2.019428,2.935142,1.915277,0.000000,0.000000,0.000000,0.000000,0.000000
0.785582,0.234502,0.491868,0.190058,0.881322,0.514438,0.762836,0.601104,0.563997,0.488446,2.312682,2.307355,2.093364,1.598157,3.146337,0.000000,0.000000,0.000000,0.000000,0.000000
0.883714,0.347616,0.792992,0.665227,0.293864,0.082095,0.653415,0.956945,0.503214,0.293598,2.257263,2.681408,2.242483,2.552558,2.541900,0.000000,0.000000,0.000000,0.000000,0.000000
0.412515,0.019461,0.406591,0.447506,0.374648,0.656490,0.102079,0.780344,0.493379,0.372530,2.212388,1.730670,1.661385,2.249298,1.427046,0.000000,0.000000,0.000000,0.000000,0.000000
0.835049,0.524865,0.680499,0.233470,0.571737,0.580770,0.666979,0.634296,0.790343,0.178348,2.344194,2.797052,1.942382,1.877227,2.964750,0.000000,0.000000,0.000000,0.000000,0.000000
0.632966,0.313917,0.198609,0.150539,0.586055,0.056249,0.353380,0.507204,0.196617,0.404578,1.564208,1.464007,1.643343,1.250818,1.753842,0.000000,0.000000,0.000000,0.000000,0.000000
0.708418,0.373841,0.996726,0.212747,0.513122,0.505066,0.125588,0.517260,0.392598,0.387807,1.793866,2.461043,2.571213,1.591673,1.666683,0.000000,0.000000,0.000000,0.000000,0.000000
0.180895,0.347539,0.980699,0.369463,0.933484,0.021683,0.154322,0.191010,0.244682,0.210738,1.209744,2.050998,3.015167,1.413242,2.028692,0.000000,0.000000,0.000000,0.000000,0.000000
0.310912,0.706602,0.206875,0.104180,0.860369,0.499637,0.734670,0.334631,0.571101,0.014723,2.230084,1.542379,1.880077,1.719152,2.707047,0.000000,0.000000,0.000000,0.000000,0.000000
0.347080,0.154865,0.958325,0.816022,0.770283,0.028370,0.071128,0.819795,0.509896,0.782298,1.821535,2.711589,3.690819,2.272212,1.802671,0.000000,0.000000,0.000000,0.000000,0.000000
0.992777,0.357158,0.882997,0.690799,0.448457,0.824732,0.916198,0.512967,0.148935,0.881726,2.978495,3.562086,3.218533,2.485782,2.999988,0.000000,0.000000,0.000000,0.000000,0.000000
0.909911,0.770533,0.844036,0.128042,0.217980,0.295583,0.303486,0.313858,0.644642,0.511956,1.781685,3.079265,1.904359,1.682596,2.414889,0.000000,0.000000,0.000000,0.000000,0.000000
0.075984,0.280153,0.362610,0.123933,0.064050,0.622791,0.728654,0.790546,0.804660,0.589694,2.571444,2.215181,1.248010,1.924368,2.376428,0.000000,0.000000,0.000000,0.000000,0.000000
0.864015,0.706726,0.593832,0.244826,0.223270,0.098198,0.593939,0.554532,0.968050,0.072851,2.023156,3.088634,1.492645,1.702010,3.099484,0.000000,0.000000,0.000000,0.000000,0.000000
0.523763,0.866480,0.569711,0.710045,0.920312,0.222195,0.990728,0.517303,0.808227,0.184034,3.102797,2.304430,2.610534,2.481569,3.498694,0.000000,0.000000,0.000000,0.000000,0.000000
0.522434,0.319251,0.070803,0.823574,0.824171,0.383547,0.652673,0.011167,0.164553,0.755228,1.446691,1.603134,2.828121,2.003221,2.314071,0.000000,0.000000,0.000000,0.000000,0.000000
0.702457,0.528919,0.859009,0.006766,0.483781,0.988173,0.177002,0.228800,0.721733,0.498258,2.289095,2.747094,2.179319,2.133961,2.054615,0.000000,0.000000,0.000000,0.000000,0.000000
0.846773,0.108445,0.907189,0.534308,0.226568,0.036015,0.457065,0.427876,0.925822,0.293625,1.524796,3.303774,2.266094,1.570398,2.839966,0.000000,0.000000,0.000000,0.000000,0.000000
0.611426,0.649409,0.282932,0.693472,0.185105,0.495540,0.943105,0.361649,0.465894,0.475408,2.623908,1.747196,1.739739,2.230014,2.306263,0.000000,0.000000,0.000000,0.000000,0.000000
0.188303,0.557386,0.233128,0.471878,0.794048,0.169147,0.240624,0.939374,0.774974,0.162598,2.078438,1.839269,2.030086,2.452328,2.343122,0.000000,0.000000,0.000000,0.000000,0.000000
0.004674,0.422697,0.992171,0.965875,0.950780,0.734334,0.874850,0.363936,0.377210,0.412702,2.604683,2.204751,3.889401,2.598189,2.876625,0.000000,0.000000,0.000000,0.000000,0.000000
0.204100,0.023241,0.604054,0.464527,0.433707,0.381027,0.529915,0.036990,0.781851,0.962866,1.330978,3.109764,2.729436,1.609723,2.224522,0.000000,0.000000,0.000000,0.000000,0.000000
0.681549,0.207879,0.811361,0.695110,0.994000,0.520002,0.290272,0.482347,0.950491,0.301054,1.779075,2.957848,3.019516,2.028625,3.391580,0.000000,0.000000,0.000000,0.000000,0.000000
0.955196,0.241509,0.896281,0.109135,0.013133,0.020600,0.861559,0.257134,0.119063,0.381206,1.900482,2.798324,1.766160,1.128018,2.708209,0.000000,0.000000,0.000000,0.000000,0.000000
0.922213,0.918417,0.278479,0.842425,0.110187,0.135115,0.299834,0.590347,0.472917,0.017593,2.347032,2.225446,1.841464,2.756814,2.248133,0.000000,0.000000,0.000000,0.000000,0.000000
0.105148,0.363031,0.826518,0.297477,0.483934,0.094680,0.085965,0.805882,0.676528,0.692108,1.832850,2.615860,2.366502,1.776066,1.657112,0.000000,0.000000,0.000000,0.000000,0.000000
0.373991,0.515203,0.296420,0.125747,0.373761,0.685536,0.897265,0.452258,0.204907,0.539797,2.715046,1.515257,1.500521,1.774294,2.011028,0.000000,0.000000,0.000000,0.000000,0.000000
0.110115,0.809542,0.124186,0.722866,0.938594,0.344941,0.862732,0.128884,0.181239,0.058934,2.319500,1.157386,2.463057,2.372667,2.722590,0.000000,0.000000,0.000000,0.000000,0.000000
0.203515,0.725131,0.346888,0.049162,0.169240,0.402402,0.880595,0.379402,0.532684,0.469997,2.500666,1.736177,1.262194,1.613095,2.170910,0.000000,0.000000,0.000000,0.000000,0.000000
0.974116,0.832838,0.513369,0.746535,0.073800,0.190943,0.702896,0.421416,0.735517,0.942777,2.286256,3.792734,2.556426,2.392204,3.144696,0.000000,0.000000,0.000000,0.000000,0.000000
0.987110,0.879111,0.465308,0.261728,0.074784,0.648625,0.893146,0.070053,0.047069,0.228983,2.800516,2.428959,1.246779,2.361876,2.845209,0.000000,0.000000,0.000000,0.000000,0.000000
0.704589,0.693138,0.314326,0.878615,0.936737,0.396247,0.475641,0.250352,0.401768,0.612759,1.745793,1.952277,2.880737,2.372566,2.705482,0.000000,0.000000,0.000000,0.000000,0.000000
0.083929,0.334708,0.901372,0.072123,0.017392,0.387801,0.966476,0.055349,0.991159,0.022558,2.121051,2.883828,1.754932,1.260019,2.948927,0.000000,0.000000,0.000000,0.000000,0.000000
0.433524,0.671359,0.048316,0.317070,0.770629,0.206013,0.818105,0.651225,0.034987,0.609125,2.444371,1.310868,2.008941,1.841964,2.312305,0.000000,0.000000,0.000000,0.000000,0.000000
0.267675,0.003426,0.790463,0.968498,0.566050,0.576203,0.907847,0.952055,0.061148,0.919284,3.032299,2.576206,3.712109,3.122083,2.098089,0.000000,0.000000,0.000000,0.000000,0.000000
0.872500,0.899341,0.886709,0.006605,0.776625,0.360558,0.462550,0.802881,0.961159,0.407327,2.686026,3.457628,2.501375,2.279538,3.434305,0.000000,0.000000,0.000000,0.000000,0.000000
0.541161,0.081164,0.128255,0.482532,0.159693,0.205553,0.188045,0.942491,0.382054,0.318163,1.991436,1.392192,1.404887,2.314377,1.423847,0.000000,0.000000,0.000000,0.000000,0.000000
0.045373,0.807606,0.448106,0.941960,0.797565,0.947877,0.564521,0.415742,0.471871,0.157184,2.919519,1.674656,2.775444,3.397050,2.294526,0.000000,0.000000,0.000000,0.000000,0.000000
0.450074,0.905611,0.822967,0.971799,0.852185,0.372763,0.120057,0.764484,0.610275,0.958968,2.577782,3.118323,4.199654,3.195036,2.152398,0.000000,0.000000,0.000000,0.000000,0.000000
0.334565,0.862027,0.479201,0.654553,0.616465,0.444453,0.557358,0.245603,0.372986,0.922902,2.168468,2.416930,2.880421,2.496295,1.943281,0.000000,0.000000,0.000000,0.000000,0.000000
0.920028,0.082784,0.536159,0.325765,0.778613,0.236543,0.137449,0.226825,0.408655,0.706871,1.285421,2.772837,2.288530,1.384932,2.492954,0.000000,0.000000,0.000000,0.000000,0.000000
0.520394,0.100228,0.782643,0.916378,0.738305,0.171061,0.328792,0.813051,0.258324,0.473869,1.877957,2.029121,3.107870,2.383636,1.871308,0.000000,0.000000,0.000000,0.000000,0.000000
0.324847,0.285606,0.383229,0.521358,0.623423,0.916672,0.121207,0.365894,0.149342,0.887678,2.214615,2.116134,2.572421,2.402866,1.396943,0.000000,0.000000,0.000000,0.000000,0.000000
0.322139,0.246599,0.253692,0.317898,0.940730,0.183821,0.910706,0.009641,0.614690,0.503605,1.802454,1.770028,2.122439,1.366684,3.131839,0.000000,0.000000,0.000000,0.000000,0.000000
0.666203,0.289966,0.642286,0.190238,0.563174,0.178271,0.659919,0.312908,0.843277,0.283004,1.639148,2.573050,1.870742,1.255986,2.746636,0.000000,0.000000,0.000000,0.000000,0.000000
0.652829,0.506558,0.689661,0.185122,0.468429,0.988058,0.461711,0.052921,0.122498,0.882969,2.193450,2.574694,2.438554,2.291373,1.761137,0.000000,0.000000,0.000000,0.000000,0.000000
0.566492,0.537832,0.870824,0.853415,0.714516,0.437761,0.919411,0.351125,0.888892,0.171395,2.403625,2.768972,3.104071,2.215824,3.177308,0.000000,0.000000,0.000000,0.000000,0.000000
0.513158,0.635767,0.102824,0.524366,0.017394,0.063870,0.779177,0.480562,0.584672,0.518106,2.121071,1.653086,1.365497,1.838756,2.190367,0.000000,0.000000,0.000000,0.000000,0.000000
0.371823,0.435322,0.481585,0.400415,0.940397,0.198071,0.717978,0.453173,0.008558,0.583083,1.898428,1.699012,2.328011,1.564317,2.568803,0.000000,0.000000,0.000000,0.000000,0.000000
0.700454,0.428700,0.635776,0.290394,0.688290,0.229916,0.956122,0.506804,0.719933,0.938167,2.467500,3.220536,2.804281,1.488015,3.041221,0.000000,0.000000,0.000000,0.000000,0.000000
0.384451,0.679048,0.794362,0.745461,0.278016,0.110224,0.481520,0.609006,0.889099,0.574601,1.945420,2.796419,2.443989,2.208281,2.315351,0.000000,0.000000,0.000000,0.000000,0.000000
0.428002,0.702692,0.086553,0.035373,0.433559,0.712737,0.678647,0.120200,0.946741,0.836951,2.184567,2.602701,1.926141,1.890548,2.690020,0.000000,0.000000,0.000000,0.000000,0.000000
0.156101,0.343510,0.662134,0.056011,0.175702,0.550357,0.079994,0.138280,0.748777,0.618433,1.455609,2.459920,1.615408,1.399804,1.646679,0.000000,0.000000,0.000000,0.000000,0.000000
0.875402,0.564820,0.985535,0.519629,0.060431,0.957182,0.988565,0.442600,0.526844,0.604840,3.426658,3.071630,2.421508,2.654391,2.853611,0.000000,0.000000,0.000000,0.000000,0.000000
0.713426,0.243741,0.854796,0.883295,0.569368,0.844594,0.518583,0.758499,0.872009,0.222474,2.614829,2.885266,2.976607,2.942108,2.722618,0.000000,0.000000,0.000000,0.000000,0.000000
0.296090,0.887619,0.095882,0.725764,0.920981,0.010982,0.237014,0.889118,0.038951,0.000854,2.523290,1.105085,2.448596,3.050151,2.027399,0.000000,0.000000,0.000000,0.000000,0.000000
0.981123,0.478062,0.076826,0.142082,0.384545,0.317244,0.439034,0.286706,0.562124,0.124299,1.524205,2.321333,1.405424,1.358740,2.738485,0.000000,0.000000,0.000000,0.000000,0.000000
0.753445,0.073154,0.518043,0.534989,0.021590,0.274403,0.364514,0.150884,0.556424,0.053758,1.274643,2.150066,1.446838,1.611195,1.996391,0.000000,0.000000,0.000000,0.000000,0.000000
0.644662,0.542927,0.060080,0.543295,0.703309,0.207710,0.095504,0.855777,0.916296,0.597103,1.986681,2.285278,2.125810,2.282820,2.455703,0.000000,0.000000,0.000000,0.000000,0.000000
0.157019,0.472347,0.883125,0.268661,0.638219,0.676858,0.939810,0.468001,0.140730,0.061242,2.805998,1.903767,2.399169,1.880155,2.220185,0.000000,0.000000,0.000000,0.000000,0.000000
0.219369,0.917014,0.919737,0.523300,0.589414,0.599036,0.791578,0.572295,0.363340,0.617964,3.134276,2.290056,2.787108,2.760545,2.130677,0.000000,0.000000,0.000000,0.000000,0.000000
0.998995,0.497329,0.528194,0.340588,0.034242,0.608065,0.743365,0.048504,0.534456,0.273961,1.890199,2.830386,1.303236,1.833344,3.025035,0.000000,0.000000,0.000000,0.000000,0.000000
0.227534,0.350884,0.558146,0.544014,0.853571,0.791800,0.120568,0.960573,0.469187,0.881293,2.604432,2.465444,2.926628,3.065539,1.965282,0.000000,0.000000,0.000000,0.000000,0.000000
0.326469,0.742792,0.317862,0.372844,0.697026,0.837716,0.904332,0.342817,0.024404,0.374408,3.088578,1.382302,1.887805,2.498251,2.254934,0.000000,0.000000,0.000000,0.000000,0.000000
0.470948,0.552915,0.316495,0.331328,0.259009,0.285586,0.379535,0.073903,0.340457,0.430539,1.303594,1.561404,1.434849,1.581951,1.562013,0.000000,0.000000,0.000000,0.000000,0.000000
0.026558,0.242926,0.360071,0.684883,0.787291,0.939678,0.043725,0.143365,0.950364,0.524326,2.029925,2.407409,2.378618,2.582635,2.434900,0.000000,0.000000,0.000000,0.000000,0.000000
0.628027,0.968348,0.667614,0.494737,0.660879,0.411368,0.533263,0.770268,0.044722,0.218924,2.970413,1.835672,2.205502,2.923999,1.979474,0.000000,0.000000,0.000000,0.000000,0.000000
0.168757,0.641705,0.046805,0.662806,0.778211,0.780107,0.682306,0.274285,0.233260,0.976431,2.370061,2.032971,3.126628,2.541278,2.208822,0.000000,0.000000,0.000000,0.000000,0.000000
0.942686,0.838347,0.661319,0.164942,0.368205,0.712162,0.976299,0.433072,0.931723,0.844562,3.364779,3.921550,2.193411,2.296504,3.684035,0.000000,0.000000,0.000000,0.000000,0.000000
0.908182,0.535303,0.421792,0.748584,0.272862,0.193794,0.387074,0.379907,0.286614,0.291253,1.557568,2.208933,1.915476,1.960362,2.169824,0.000000,0.000000,0.000000,0.000000,0.000000
0.717988,0.107672,0.570855,0.068118,0.920320,0.684707,0.361695,0.345945,0.477774,0.847008,1.862221,2.672534,2.625684,1.552512,2.635212,0.000000,0.000000,0.000000,0.000000,0.000000
0.189980,0.409239,0.493820,0.913558,0.297470,0.423258,0.444380,0.200649,0.506933,0.856203,1.495599,2.379774,2.789893,2.162864,1.728987,0.000000,0.000000,0.000000,0.000000,0.000000
0.630395,0.176282,0.078712,0.936743,0.995282,0.160479,0.129823,0.393899,0.993083,0.983485,1.422806,3.174117,3.808813,1.992048,3.259873,0.000000,0.000000,0.000000,0.000000,0.000000
0.813571,0.352691,0.157719,0.976486,0.012555,0.038691,0.215907,0.094322,0.133308,0.128065,1.121356,1.615698,1.970272,2.021933,1.671788,0.000000,0.000000,0.000000,0.000000,0.000000
0.437164,0.534280,0.917089,0.217833,0.728559,0.248736,0.658058,0.493653,0.764475,0.283197,1.921973,2.560748,2.553762,1.491602,2.665723,0.000000,0.000000,0.000000,0.000000,0.000000
0.584082,0.682028,0.509268,0.435301,0.508584,0.315861,0.448659,0.466944,0.652167,0.052398,1.873401,2.051118,1.830159,1.899863,2.121914,0.000000,0.000000,0.000000,0.000000,0.000000
0.976823,0.154175,0.252546,0.848526,0.169205,0.665744,0.467172,0.078904,0.520082,0.558784,1.624644,2.607972,2.002802,2.295444,2.652968,0.000000,0.000000,0.000000,0.000000,0.000000
0.370792,0.281602,0.637183,0.722137,0.216340,0.546729,0.735818,0.166995,0.094627,0.143635,1.870590,1.668004,1.996946,2.044159,1.773801,0.000000,0.000000,0.000000,0.000000,0.000000
0.900155,0.119447,0.645556,0.783520,0.769012,0.150937,0.397231,0.188648,0.905961,0.561037,1.274314,3.299465,2.751021,1.809273,3.329325,0.000000,0.000000,0.000000,0.000000,0.000000
0.827770,0.324719,0.833221,0.955654,0.064717,0.723952,0.030404,0.875777,0.696584,0.635394,2.411030,3.044479,2.719457,3.102266,1.985407,0.000000,0.000000,0.000000,0.000000,0.000000
0.373175,0.422068,0.560173,0.085558,0.460428,0.472042,0.394143,0.974183,0.707906,0.149129,2.289970,2.084014,1.644022,2.284231,2.012275,0.000000,0.000000,0.000000,0.000000,0.000000
0.167382,0.242803,0.291633,0.230222,0.794797,0.100679,0.472371,0.682612,0.175550,0.694928,1.801626,1.658834,2.105819,1.471790,2.006050,0.000000,0.000000,0.000000,0.000000,0.000000
0.260060,0.329801,0.846069,0.549953,0.998268,0.779288,0.147463,0.397608,0.438089,0.274092,2.019935,2.063157,2.912005,2.218108,2.338771,0.000000,0.000000,0.000000,0.000000,0.000000
0.370761,0.566810,0.747217,0.578642,0.556399,0.589270,0.586881,0.986904,0.123712,0.142974,2.639499,1.784341,2.308840,3.056617,1.793332,0.000000,0.000000,0.000000,0.000000,0.000000
0.562785,0.193758,0.742568,0.588949,0.946812,0.182488,0.361831,0.805374,0.110759,0.810776,1.887456,2.388121,3.135249,2.050241,2.323187,0.000000,0.000000,0.000000,0.000000,0.000000
0.696371,0.470546,0.304590,0.906259,0.221876,0.695606,0.487396,0.715777,0.585912,0.713300,2.364452,2.245968,2.330314,2.756801,2.076771,0.000000,0.000000,0.000000,0.000000,0.000000
0.371948,0.207478,0.357835,0.712244,0.794930,0.538096,0.981297,0.848517,0.131459,0.959218,3.084850,2.276833,3.194624,2.529096,2.520045,0.000000,0.000000,0.000000,0.000000,0.000000
0.132206,0.096374,0.533972,0.490072,0.135348,0.166352,0.171186,0.846762,0.261736,0.973312,1.879538,2.524838,2.425215,2.032738,1.242476,0.000000,0.000000,0.000000,0.000000,0.000000
0.709162,0.239679,0.589637,0.529790,0.580829,0.631577,0.647682,0.119508,0.107133,0.559855,1.793396,2.029513,2.164750,1.942652,2.108029,0.000000,0.000000,0.000000,0.000000,0.000000
0.423261,0.672741,0.524702,0.151171,0.063723,0.294355,0.200425,0.607169,0.931099,0.033019,1.906694,2.423778,1.231034,1.678191,2.099725,0.000000,0.000000,0.000000,0.000000,0.000000
0.807016,0.322938,0.254264,0.153560,0.606291,0.032071,0.638193,0.465896,0.839108,0.222906,1.737731,2.393601,1.648779,1.235382,2.989321,0.000000,0.000000,0.000000,0.000000,0.000000
0.115778,0.343850,0.130882,0.218334,0.526608,0.448116,0.499232,0.844152,0.151883,0.237902,2.183363,1.167595,1.579723,1.967584,1.668517,0.000000,0.000000,0.000000,0.000000,0.000000
0.724580,0.841461,0.420799,0.920890,0.931163,0.406084,0.921110,0.421229,0.279169,0.647943,2.868988,2.046402,3.029969,2.713079,3.082066,0.000000,0.000000,0.000000,0.000000,0.000000
0.245747,0.463421,0.814997,0.619145,0.061360,0.351074,0.218217,0.949125,0.297660,0.003540,2.128891,1.907246,1.986037,2.653433,1.310696,0.000000,0.000000,0.000000,0.000000,0.000000
0.743496,0.060926,0.333720,0.646038,0.905192,0.367804,0.329116,0.281594,0.647096,0.072137,1.452537,2.058401,2.359751,1.787832,2.795111,0.000000,0.000000,0.000000,0.000000,0.000000
0.976658,0.070459,0.604962,0.131986,0.512321,0.094980,0.599778,0.901860,0.107227,0.559714,2.126666,2.701656,1.849289,1.802897,2.655597,0.000000,0.000000,0.000000,0.000000,0.000000
0.409859,0.397715,0.081521,0.981897,0.390886,0.231885,0.846419,0.581840,0.635229,0.534175,2.267027,1.665678,2.436969,2.213184,2.337878,0.000000,0.000000,0.000000,0.000000,0.000000
0.986013,0.596288,0.136821,0.956084,0.612224,0.256100,0.207125,0.276941,0.836114,0.620100,1.477837,3.019565,2.676741,2.239569,3.080898,0.000000,0.000000,0.000000,0.000000,0.000000
0.329899,0.453663,0.354956,0.960897,0.004630,0.153988,0.690579,0.647858,0.154511,0.231459,2.043264,1.403074,1.975545,2.254143,1.726297,0.000000,0.000000,0.000000,0.000000,0.000000
0.093719,0.904697,0.266496,0.273289,0.610854,0.149748,0.915973,0.977057,0.013493,0.078915,3.437894,1.267247,1.704506,2.947525,2.144168,0.000000,0.000000,0.000000,0.000000,0.000000
0.128377,0.532289,0.963360,0.569246,0.273447,0.495972,0.422031,0.597240,0.037885,0.088064,1.998673,1.965750,2.491606,2.093280,1.444184,0.000000,0.000000,0.000000,0.000000,0.000000
0.193404,0.568700,0.956845,0.911355,0.702255,0.592272,0.243027,0.658648,0.782353,0.539320,2.128388,2.727191,3.493469,2.634267,2.202829,0.000000,0.000000,0.000000,0.000000,0.000000
0.958451,0.118675,0.530619,0.300040,0.430856,0.992274,0.821506,0.018459,0.875602,0.102830,2.557676,3.142264,1.670391,2.286319,3.512047,0.000000,0.000000,0.000000,0.000000,0.000000
0.347402,0.819987,0.843639,0.489711,0.863815,0.890920,0.094344,0.704423,0.385303,0.379316,2.951094,2.061240,2.724774,3.081017,1.901926,0.000000,0.000000,0.000000,0.000000,0.000000
0.063843,0.284977,0.142125,0.136614,0.815048,0.911674,0.637446,0.575609,0.681365,0.175200,2.672373,1.611778,1.837524,2.100684,2.643160,0.000000,0.000000,0.000000,0.000000,0.000000
0.086250,0.332113,0.893781,0.452652,0.439866,0.774117,0.129621,0.803569,0.069427,0.506417,2.417170,2.028531,2.424523,2.505499,1.219602,0.000000,0.000000,0.000000,0.000000,0.000000
0.260341,0.920322,0.196596,0.622936,0.020334,0.811518,0.185912,0.469342,0.648176,0.375305,2.851725,1.674186,1.435822,3.109527,1.610647,0.000000,0.000000,0.000000,0.000000,0.000000
0.150472,0.716862,0.859822,0.185509,0.620812,0.393038,0.751582,0.393507,0.472755,0.098664,2.236620,2.084793,2.290981,1.732355,2.214857,0.000000,0.000000,0.000000,0.000000,0.000000
0.179766,0.364446,0.637877,0.105511,0.572264,0.856573,0.706418,0.361525,0.594528,0.766574,2.465405,2.442851,2.188257,1.904716,2.248334,0.000000,0.000000,0.000000,0.000000,0.000000
0.273810,0.118632,0.881924,0.258318,0.117381,0.742166,0.119599,0.201567,0.335244,0.663359,1.754287,2.291842,2.063701,1.812449,1.239225,0.000000,0.000000,0.000000,0.000000,0.000000
0.746268,0.287849,0.225985,0.300177,0.955783,0.096245,0.454657,0.392871,0.220435,0.520572,1.502983,1.725804,2.130868,1.357114,2.686532,0.000000,0.000000,0.000000,0.000000,0.000000
0.439754,0.884239,0.496435,0.422505,0.125825,0.276888,0.406702,0.729653,0.212382,0.654911,2.484926,1.859835,1.610643,2.473983,1.491197,0.000000,0.000000,0.000000,0.000000,0.000000
0.124581,0.528059,0.437801,0.223794,0.918277,0.425673,0.136201,0.690541,0.914892,0.663046,1.952021,2.566564,2.245549,1.779622,2.747791,0.000000,0.000000,0.000000,0.000000,0.000000
0.239114,0.733629,0.928993,0.929853,0.836913,0.045656,0.604456,0.446789,0.761280,0.091580,1.959394,2.512577,3.503355,2.366633,2.773466,0.000000,0.000000,0.000000,0.000000,0.000000
0.368144,0.922554,0.087684,0.968289,0.172324,0.322609,0.847313,0.968562,0.358191,0.054040,3.405336,1.234511,2.110591,3.737609,1.999099,0.000000,0.000000,0.000000,0.000000,0.000000
0.788279,0.984830,0.401690,0.804162,0.565023,0.196291,0.406783,0.073727,0.549917,0.081510,2.120254,2.090757,2.276559,2.797898,2.275692,0.000000,0.000000,0.000000,0.000000,0.000000
0.908074,0.855395,0.541737,0.701309,0.357707,0.059338,0.854523,0.833706,0.015826,0.683940,2.996592,2.541879,2.227341,2.813838,2.580506,0.000000,0.000000,0.000000,0.000000,0.000000
0.371395,0.083305,0.526111,0.723501,0.554843,0.394150,0.925080,0.476336,0.084521,0.005182,2.423398,1.552281,2.223921,1.930916,2.122059,0.000000,0.000000,0.000000,0.000000,0.000000
0.043618,0.908121,0.625713,0.732879,0.218154,0.950907,0.184067,0.543303,0.831431,0.304178,3.133865,2.345139,2.008804,3.473144,1.885731,0.000000,0.000000,0.000000,0.000000,0.000000
0.107353,0.004701,0.573809,0.677942,0.926322,0.336420,0.109170,0.666999,0.647924,0.756839,1.781478,2.427269,2.902963,1.989045,2.323959,0.000000,0.000000,0.000000,0.000000,0.000000
