0.553533,0.937812,0.776026,0.219611,0.007750,0.903243,0.834092,0.337246,0.984808,0.805536,3.376670,2.832121,3.612594,2.202557,3.018671,2.466312,0.000000,0.000000,0.000000,0.000000
0.765655,0.780966,0.535409,0.299267,0.156882,0.297589,0.181716,0.584358,0.111175,0.922551,2.079763,2.389924,2.612897,2.066833,2.149014,2.140613,0.000000,0.000000,0.000000,0.000000
0.787217,0.198269,0.797832,0.667211,0.979086,0.198228,0.752309,0.706824,0.195494,0.907388,2.751864,2.690320,2.362935,3.679571,2.806964,2.400888,0.000000,0.000000,0.000000,0.000000
0.783315,0.645904,0.673649,0.918034,0.450734,0.804741,0.371626,0.603772,0.500703,0.167400,2.777348,2.569456,3.016127,2.263780,2.728999,2.927285,0.000000,0.000000,0.000000,0.000000
0.929953,0.310740,0.970262,0.034838,0.493885,0.330759,0.787636,0.070417,0.557159,0.483440,3.292405,1.493830,1.901589,2.554521,2.553231,2.225390,0.000000,0.000000,0.000000,0.000000
0.602954,0.575115,0.286109,0.887822,0.472535,0.768390,0.123087,0.853276,0.478197,0.162727,2.138716,2.707561,2.827194,2.137491,2.260562,2.916865,0.000000,0.000000,0.000000,0.000000
0.350423,0.481595,0.073000,0.450926,0.249281,0.157250,0.377475,0.883342,0.873676,0.610051,1.379943,2.915034,2.029219,2.072722,2.109198,2.294175,0.000000,0.000000,0.000000,0.000000
0.517271,0.090757,0.733024,0.663093,0.080769,0.735872,0.621008,0.144882,0.018857,0.506074,2.601801,1.468178,1.586518,1.668980,1.913331,1.924761,0.000000,0.000000,0.000000,0.000000
0.020638,0.433509,0.399475,0.437948,0.146443,0.835676,0.700292,0.742435,0.696036,0.851558,2.004317,2.881196,2.472062,2.233312,2.465458,1.992887,0.000000,0.000000,0.000000,0.000000
0.487096,0.037519,0.901520,0.441669,0.637089,0.473658,0.357358,0.295374,0.672209,0.227326,2.422408,1.797039,1.587185,1.703389,2.573775,1.972902,0.000000,0.000000,0.000000,0.000000
0.584535,0.423919,0.081787,0.724209,0.477397,0.890863,0.741147,0.820039,0.593088,0.167765,2.599976,2.451592,2.782768,2.621004,1.980401,2.401152,0.000000,0.000000,0.000000,0.000000
0.278414,0.214689,0.585168,0.387569,0.192754,0.585268,0.974890,0.481544,0.864493,0.219781,2.724592,2.262072,1.667009,2.454915,2.267465,1.619044,0.000000,0.000000,0.000000,0.000000
0.866525,0.151464,0.318650,0.780498,0.539904,0.030871,0.072348,0.281309,0.265407,0.511263,1.968120,1.856485,1.594453,2.022158,1.910731,1.799258,0.000000,0.000000,0.000000,0.000000
0.585440,0.601216,0.587904,0.062088,0.693540,0.838118,0.288745,0.557884,0.605047,0.607408,2.526752,2.148081,3.272159,2.073270,2.087038,1.905136,0.000000,0.000000,0.000000,0.000000
0.828825,0.038304,0.163658,0.555172,0.372589,0.504647,0.709408,0.139156,0.531173,0.823496,2.237398,2.074747,1.343949,2.231050,2.188950,1.351278,0.000000,0.000000,0.000000,0.000000
0.560115,0.573612,0.536112,0.727429,0.563077,0.791353,0.417708,0.285214,0.595665,0.734232,2.373552,2.315854,2.959857,1.735942,2.558626,2.263469,0.000000,0.000000,0.000000,0.000000
0.931054,0.153772,0.047371,0.861303,0.329118,0.441503,0.094228,0.551679,0.097176,0.640841,2.019436,2.374633,1.501922,2.379385,1.907028,1.988350,0.000000,0.000000,0.000000,0.000000
0.281332,0.283894,0.108331,0.701462,0.765003,0.274672,0.538544,0.887661,0.850033,0.032501,1.397908,2.852363,2.173740,2.542450,2.206923,2.398066,0.000000,0.000000,0.000000,0.000000
0.504454,0.271610,0.363432,0.841850,0.025747,0.580904,0.112212,0.157601,0.822057,0.579137,1.832721,2.529893,1.739909,1.298564,2.663261,2.028941,0.000000,0.000000,0.000000,0.000000
0.301751,0.773354,0.317035,0.979166,0.754141,0.459439,0.597823,0.518060,0.617461,0.442651,1.626972,2.905285,3.212418,2.226380,2.695156,2.836018,0.000000,0.000000,0.000000,0.000000
0.227271,0.755821,0.521288,0.196823,0.277574,0.675774,0.290869,0.772697,0.739613,0.845410,1.814777,2.925456,2.897296,1.874977,2.529802,2.292697,0.000000,0.000000,0.000000,0.000000
0.690381,0.576517,0.410814,0.158406,0.024761,0.037826,0.437603,0.260218,0.247397,0.740311,1.895874,1.727788,2.153702,1.780769,1.720509,1.675527,0.000000,0.000000,0.000000,0.000000
0.616408,0.292866,0.226835,0.672596,0.991830,0.084738,0.781319,0.951406,0.662075,0.039712,2.041130,2.594465,2.570068,3.763793,2.017805,2.576261,0.000000,0.000000,0.000000,0.000000
0.431605,0.311338,0.292754,0.433733,0.374029,0.229821,0.027932,0.985083,0.462219,0.129504,1.529449,2.236292,1.774713,2.085835,1.629801,2.466206,0.000000,0.000000,0.000000,0.000000
0.061034,0.163314,0.452108,0.037270,0.239213,0.491987,0.299380,0.268767,0.119348,0.680690,1.392555,1.598402,1.502937,1.361897,1.538484,1.262332,0.000000,0.000000,0.000000,0.000000
0.106388,0.268744,0.893207,0.764673,0.143883,0.505711,0.892465,0.317879,0.103145,0.261680,2.667940,1.688340,1.687523,2.116005,2.352775,2.576296,0.000000,0.000000,0.000000,0.000000
0.685202,0.463089,0.829521,0.027111,0.493550,0.382495,0.466912,0.492443,0.583866,0.126480,2.476793,1.835367,2.225730,2.091490,2.272247,2.093428,0.000000,0.000000,0.000000,0.000000
0.425106,0.372911,0.818961,0.992720,0.364780,0.393189,0.171057,0.505787,0.158277,0.335246,2.157445,2.539712,1.939673,1.629576,2.819923,2.973123,0.000000,0.000000,0.000000,0.000000
0.424378,0.670834,0.769401,0.356245,0.647741,0.580282,0.392836,0.280813,0.416061,0.252937,2.235568,1.486209,2.956633,1.687600,2.057344,2.259432,0.000000,0.000000,0.000000,0.000000
0.723038,0.770077,0.056153,0.146351,0.157622,0.264976,0.450539,0.773394,0.335567,0.309076,1.785999,1.915984,2.583603,2.354990,1.350981,2.149443,0.000000,0.000000,0.000000,0.000000
0.773474,0.247038,0.106794,0.521091,0.736728,0.918000,0.086252,0.623835,0.393011,0.637244,2.558555,2.110796,2.810465,2.388612,1.710812,1.671245,0.000000,0.000000,0.000000,0.000000
0.343702,0.574403,0.373807,0.119118,0.761305,0.097237,0.818210,0.807778,0.224028,0.243013,1.932539,1.872520,2.729311,2.853767,1.368938,2.066589,0.000000,0.000000,0.000000,0.000000
0.590064,0.343355,0.703603,0.609515,0.867376,0.055948,0.889694,0.189691,0.564547,0.770685,2.711858,2.104175,2.439226,2.752710,2.638828,2.064482,0.000000,0.000000,0.000000,0.000000
0.896786,0.251824,0.141001,0.699519,0.836609,0.289537,0.640338,0.036314,0.290346,0.869767,2.109066,2.018030,2.227836,2.657445,2.224805,1.743956,0.000000,0.000000,0.000000,0.000000
0.438454,0.929843,0.637179,0.290223,0.857924,0.952650,0.861771,0.214226,0.236536,0.801593,3.260550,1.792335,4.460290,2.582910,2.079851,2.274871,0.000000,0.000000,0.000000,0.000000
0.698370,0.897908,0.056056,0.189595,0.923853,0.283380,0.478406,0.319362,0.941264,0.891025,1.776652,2.914040,3.672076,2.617315,2.581540,1.944432,0.000000,0.000000,0.000000,0.000000
0.402605,0.247635,0.064743,0.956676,0.394366,0.820062,0.880822,0.637388,0.004717,0.277817,2.560228,2.496499,2.202287,2.502682,1.890445,2.328186,0.000000,0.000000,0.000000,0.000000
0.154973,0.520971,0.587605,0.639324,0.345119,0.589433,0.969411,0.187669,0.196964,0.359719,2.588185,1.440075,2.365836,2.145335,1.820301,2.133834,0.000000,0.000000,0.000000,0.000000
0.124801,0.695656,0.123811,0.005904,0.381640,0.303852,0.375267,0.089556,0.058284,0.127685,1.188015,1.095035,2.565015,1.253540,1.073879,1.697653,0.000000,0.000000,0.000000,0.000000
0.932460,0.095160,0.946068,0.663259,0.516941,0.881978,0.645116,0.305330,0.565205,0.455899,3.686784,1.913066,2.143625,2.603673,2.795225,2.390538,0.000000,0.000000,0.000000,0.000000
0.620813,0.468341,0.186542,0.241326,0.058172,0.354672,0.084584,0.710641,0.456292,0.589513,1.700277,2.127106,1.984680,1.957074,1.625918,1.788107,0.000000,0.000000,0.000000,0.000000
0.450621,0.031638,0.471713,0.936414,0.537013,0.331428,0.446824,0.040413,0.524688,0.197998,1.749400,2.092374,1.388065,1.414731,2.569851,2.013474,0.000000,0.000000,0.000000,0.000000
0.334366,0.155604,0.995054,0.873414,0.775832,0.850381,0.485282,0.557956,0.253646,0.590681,2.994909,2.410326,2.528074,2.193140,3.031797,3.000609,0.000000,0.000000,0.000000,0.000000
0.202638,0.228558,0.543835,0.600562,0.730432,0.333115,0.442789,0.866881,0.743897,0.344189,1.573798,2.591125,2.027610,2.355918,2.270295,2.314800,0.000000,0.000000,0.000000,0.000000
0.013661,0.593637,0.428856,0.115329,0.347293,0.920217,0.578685,0.003159,0.587804,0.232553,2.088961,1.361426,3.087125,1.352585,1.776181,1.685811,0.000000,0.000000,0.000000,0.000000
0.381918,0.967894,0.611298,0.622959,0.209963,0.021873,0.348707,0.961222,0.872690,0.096635,1.770399,2.874318,2.979883,2.140469,2.488220,3.438085,0.000000,0.000000,0.000000,0.000000
0.388847,0.383227,0.773456,0.743159,0.019330,0.270950,0.687441,0.148474,0.572541,0.757484,2.230301,2.215926,1.786720,1.679845,2.910435,2.398706,0.000000,0.000000,0.000000,0.000000
0.144428,0.704260,0.989906,0.353659,0.753611,0.281282,0.118212,0.314494,0.945052,0.660935,2.146793,2.511980,2.998704,1.654024,3.160025,2.809140,0.000000,0.000000,0.000000,0.000000
0.446514,0.411481,0.851970,0.144750,0.812412,0.853206,0.587306,0.520761,0.222121,0.738410,2.912443,1.973155,3.104073,2.390330,2.248304,2.124383,0.000000,0.000000,0.000000,0.000000
0.833917,0.369461,0.080214,0.475074,0.779120,0.170402,0.186296,0.825104,0.869307,0.062671,1.846503,2.631983,2.350898,2.808212,1.982979,2.059157,0.000000,0.000000,0.000000,0.000000
0.063215,0.362819,0.100918,0.616553,0.998554,0.087028,0.675988,0.032592,0.961537,0.598264,1.282871,2.315782,2.723407,2.484032,2.334204,1.743986,0.000000,0.000000,0.000000,0.000000
0.627358,0.230596,0.174188,0.369136,0.932100,0.777166,0.534218,0.262371,0.442580,0.536583,2.208545,1.631309,2.799400,2.549505,1.606120,1.376881,0.000000,0.000000,0.000000,0.000000
0.454211,0.182223,0.220627,0.528820,0.545705,0.483840,0.926454,0.965563,0.261886,0.832356,2.352861,2.689022,1.775506,3.006268,1.938442,2.341819,0.000000,0.000000,0.000000,0.000000
0.588103,0.606546,0.788563,0.909332,0.223614,0.917650,0.625794,0.503973,0.696295,0.875095,3.136036,3.342678,3.035832,2.101495,3.656477,2.988295,0.000000,0.000000,0.000000,0.000000
0.388227,0.399022,0.106710,0.812205,0.982375,0.624184,0.764337,0.393969,0.678073,0.684462,1.984102,2.609589,3.006290,2.968037,2.444735,2.084005,0.000000,0.000000,0.000000,0.000000
0.188742,0.783231,0.608316,0.831065,0.887883,0.599613,0.096227,0.189648,0.446351,0.884103,1.774458,2.556950,3.570380,1.827105,3.001349,2.700300,0.000000,0.000000,0.000000,0.000000
0.679881,0.924570,0.806409,0.028751,0.741969,0.957726,0.159491,0.416447,0.867893,0.939255,3.209288,2.998297,4.278124,2.059222,3.296489,2.479877,0.000000,0.000000,0.000000,0.000000
0.486634,0.400994,0.391310,0.988080,0.452192,0.024419,0.571760,0.296714,0.345294,0.201582,1.746642,2.377299,2.006480,1.780676,2.464733,2.444966,0.000000,0.000000,0.000000,0.000000
0.824600,0.568746,0.304858,0.242846,0.559230,0.164942,0.486413,0.968379,0.350272,0.090855,1.978005,2.095297,2.454716,2.863482,1.457601,2.535441,0.000000,0.000000,0.000000,0.000000
0.243590,0.434711,0.501749,0.773903,0.605406,0.517108,0.296620,0.218368,0.022326,0.759039,1.641358,2.014893,2.374213,1.455140,2.069526,2.162227,0.000000,0.000000,0.000000,0.000000
0.572720,0.439195,0.547612,0.482258,0.287329,0.657958,0.275427,0.588148,0.152417,0.807692,2.163189,2.192380,2.245783,1.858681,1.990038,1.955644,0.000000,0.000000,0.000000,0.000000
0.439554,0.764925,0.045318,0.567954,0.741305,0.426588,0.361452,0.493898,0.093725,0.467841,1.536306,1.709134,3.157012,2.011458,1.326891,2.147094,0.000000,0.000000,0.000000,0.000000
0.371471,0.204790,0.192396,0.934991,0.941593,0.477559,0.625576,0.241354,0.620140,0.932671,1.670552,3.201472,2.405090,2.470012,3.231214,2.089512,0.000000,0.000000,0.000000,0.000000
0.694814,0.832251,0.108607,0.914849,0.742085,0.145121,0.465512,0.261791,0.253571,0.451871,1.756625,2.118839,3.218249,2.117184,2.072741,2.675178,0.000000,0.000000,0.000000,0.000000
0.061291,0.008934,0.718477,0.641723,0.366346,0.467734,0.780542,0.635398,0.887326,0.256557,2.051008,2.609219,1.254405,2.262885,2.672135,1.954624,0.000000,0.000000,0.000000,0.000000
0.090622,0.739202,0.124089,0.188510,0.252327,0.962880,0.559399,0.977130,0.335313,0.304623,2.096666,2.119095,3.434795,2.294856,1.366021,2.688260,0.000000,0.000000,0.000000,0.000000
0.608258,0.301692,0.206989,0.802982,0.596783,0.028686,0.834612,0.249506,0.437910,0.297109,2.136346,1.883239,1.959557,2.297968,2.006293,1.959215,0.000000,0.000000,0.000000,0.000000
0.050001,0.415528,0.017064,0.881884,0.986299,0.514470,0.399144,0.316695,0.569910,0.155877,1.211843,2.250128,2.940011,2.422446,2.256650,2.203312,0.000000,0.000000,0.000000,0.000000
0.117106,0.818717,0.547612,0.859612,0.718354,0.951052,0.906339,0.311651,0.361126,0.403573,2.951992,2.053816,4.013692,2.400997,2.322729,2.731301,0.000000,0.000000,0.000000,0.000000
0.283301,0.904617,0.969242,0.284166,0.165890,0.070441,0.734588,0.715675,0.541716,0.576030,2.514270,2.206785,2.837103,2.278790,2.614190,3.158241,0.000000,0.000000,0.000000,0.000000
0.174741,0.013877,0.760596,0.299959,0.369174,0.491881,0.515119,0.885181,0.911486,0.315735,1.942665,2.755558,1.283053,2.174439,2.526918,2.157806,0.000000,0.000000,0.000000,0.000000
0.809214,0.702026,0.720719,0.244573,0.126405,0.751337,0.600055,0.974858,0.359038,0.134446,2.882432,2.109775,2.844165,2.865075,1.893430,3.039371,0.000000,0.000000,0.000000,0.000000
0.986224,0.891165,0.892457,0.094118,0.108396,0.786248,0.346768,0.435553,0.777893,0.421504,3.283211,2.115635,3.280126,2.515179,2.606771,2.646836,0.000000,0.000000,0.000000,0.000000
0.778328,0.884745,0.110079,0.896264,0.034780,0.220060,0.477902,0.100001,0.501437,0.237359,1.853264,2.010086,2.781356,1.799899,2.236688,2.689468,0.000000,0.000000,0.000000,0.000000
0.573121,0.413516,0.382402,0.871203,0.610005,0.685028,0.638678,0.338909,0.281786,0.396643,2.207201,2.056787,2.520597,2.073533,2.114007,2.241622,0.000000,0.000000,0.000000,0.000000
0.958145,0.884501,0.444481,0.803765,0.586108,0.697311,0.716068,0.602097,0.000821,0.243908,2.757686,2.033973,3.451587,3.112474,1.721186,2.749773,0.000000,0.000000,0.000000,0.000000
0.112390,0.539853,0.885106,0.898418,0.425110,0.845722,0.228446,0.795277,0.650128,0.147945,2.503424,2.872680,2.865323,1.881543,3.159183,3.440424,0.000000,0.000000,0.000000,0.000000
0.346094,0.117923,0.288189,0.413372,0.923458,0.419906,0.370140,0.236338,0.773362,0.515407,1.521955,2.000541,2.162659,2.142023,1.997618,1.315854,0.000000,0.000000,0.000000,0.000000
0.704801,0.751215,0.281675,0.914837,0.289726,0.061947,0.913164,0.010217,0.474206,0.419779,2.479715,2.009507,2.586609,2.201237,2.350251,2.610491,0.000000,0.000000,0.000000,0.000000
0.955835,0.205809,0.939214,0.266273,0.638356,0.470425,0.052643,0.831247,0.141352,0.558554,2.942070,2.030514,1.923221,2.873345,2.139686,2.582655,0.000000,0.000000,0.000000,0.000000
0.188370,0.835549,0.500551,0.996285,0.869385,0.115334,0.275794,0.868776,0.966153,0.344732,1.446242,3.828420,3.428462,2.522801,3.219725,3.523227,0.000000,0.000000,0.000000,0.000000
0.116053,0.750391,0.484275,0.864897,0.820394,0.904653,0.392369,0.097980,0.577639,0.410660,2.114643,2.060475,3.914194,1.706488,2.487584,2.612103,0.000000,0.000000,0.000000,0.000000
0.145337,0.006575,0.974320,0.701388,0.164888,0.199474,0.526445,0.719791,0.849832,0.231864,2.179381,2.696481,1.048274,2.000745,3.147065,2.691867,0.000000,0.000000,0.000000,0.000000
0.220679,0.407595,0.837369,0.716143,0.126306,0.741850,0.300561,0.479292,0.017026,0.425351,2.338298,1.819565,2.239415,1.580631,2.118228,2.560380,0.000000,0.000000,0.000000,0.000000
0.940549,0.405442,0.013917,0.512156,0.737064,0.008385,0.076418,0.005335,0.232686,0.390801,1.940778,1.187966,2.354148,2.138350,1.390545,1.667748,0.000000,0.000000,0.000000,0.000000
0.394810,0.831410,0.824060,0.046108,0.438777,0.493216,0.963044,0.508198,0.954434,0.417592,3.054037,2.491967,2.975326,2.534259,2.664015,2.459834,0.000000,0.000000,0.000000,0.000000
0.512654,0.655098,0.509064,0.973973,0.812902,0.804786,0.970635,0.203121,0.914237,0.449863,3.180658,3.029879,3.492250,2.716657,3.138273,2.737346,0.000000,0.000000,0.000000,0.000000
0.756368,0.819601,0.308892,0.367916,0.933104,0.638584,0.672737,0.488678,0.329187,0.610151,2.317014,1.842515,3.770293,3.132053,1.612999,2.041464,0.000000,0.000000,0.000000,0.000000
0.274492,0.632300,0.463137,0.753293,0.548312,0.332368,0.824907,0.954512,0.168166,0.484669,1.988746,2.418642,2.601961,2.746053,1.865298,3.129180,0.000000,0.000000,0.000000,0.000000
0.843862,0.940682,0.650129,0.238833,0.441145,0.157907,0.209513,0.781027,0.878051,0.032021,2.272393,2.555288,3.079909,2.463712,2.314343,2.644615,0.000000,0.000000,0.000000,0.000000
0.042397,0.256731,0.224203,0.741745,0.027932,0.220063,0.592885,0.451473,0.561743,0.193799,1.226883,2.077011,1.524899,1.803063,2.021518,1.859732,0.000000,0.000000,0.000000,0.000000
0.814850,0.511979,0.088800,0.839918,0.117877,0.344643,0.830702,0.852802,0.822196,0.194849,2.339864,3.033883,2.078789,3.084106,2.424053,2.747065,0.000000,0.000000,0.000000,0.000000
0.742001,0.908043,0.459585,0.179799,0.655457,0.970402,0.840647,0.098324,0.838139,0.909421,3.366435,2.553979,4.159518,2.398109,2.739175,2.037537,0.000000,0.000000,0.000000,0.000000
0.651738,0.511727,0.382528,0.577957,0.083418,0.589468,0.410732,0.963635,0.151233,0.986344,2.031350,3.057673,2.235236,2.409217,2.437102,2.764018,0.000000,0.000000,0.000000,0.000000
0.000186,0.453192,0.571473,0.625076,0.163870,0.622453,0.919326,0.427103,0.635284,0.603333,2.282232,2.202972,2.174405,2.272985,2.338600,2.063821,0.000000,0.000000,0.000000,0.000000
0.904130,0.626171,0.365842,0.614652,0.811079,0.714730,0.618602,0.157694,0.828046,0.434053,2.549518,2.067860,3.275303,2.712210,2.229595,2.053551,0.000000,0.000000,0.000000,0.000000
0.940406,0.584452,0.567874,0.246596,0.308685,0.252935,0.570789,0.169924,0.541091,0.448404,2.385215,1.556559,2.280373,2.336466,1.918994,1.829224,0.000000,0.000000,0.000000,0.000000
0.768164,0.966032,0.738702,0.159668,0.007113,0.270295,0.724359,0.738401,0.085464,0.419985,2.608899,1.820435,2.951863,2.716373,1.666327,2.691904,0.000000,0.000000,0.000000,0.000000
0.112904,0.043152,0.836779,0.317395,0.620089,0.739001,0.385671,0.084226,0.231900,0.857872,2.238812,1.779498,1.874399,1.382255,2.505687,1.729853,0.000000,0.000000,0.000000,0.000000
0.669380,0.134512,0.722826,0.521241,0.962075,0.016834,0.507067,0.864616,0.947758,0.693477,2.257972,3.170178,2.194617,3.278374,2.843128,2.342712,0.000000,0.000000,0.000000,0.000000
0.791107,0.577759,0.798621,0.568739,0.443865,0.621656,0.553438,0.135020,0.666835,0.558696,2.762961,1.858709,2.592777,1.975243,2.586029,2.410912,0.000000,0.000000,0.000000,0.000000
0.312610,0.939452,0.211381,0.535579,0.334461,0.179187,0.049903,0.222706,0.709339,0.530350,1.363052,1.957320,2.996522,1.268260,1.986763,2.238202,0.000000,0.000000,0.000000,0.000000
0.024913,0.650883,0.910412,0.241694,0.069226,0.711278,0.790621,0.782367,0.790313,0.323449,2.604338,2.444212,2.666406,2.407487,2.644227,2.838558,0.000000,0.000000,0.000000,0.000000
0.495857,0.879837,0.468060,0.073956,0.755624,0.903489,0.241623,0.664989,0.337742,0.090663,2.455857,1.779834,4.068153,2.171293,1.557294,2.183399,0.000000,0.000000,0.000000,0.000000
0.834234,0.939949,0.849098,0.903743,0.724647,0.406284,0.757174,0.649183,0.412890,0.516769,2.950952,2.624749,3.472075,3.078821,2.943308,3.546484,0.000000,0.000000,0.000000,0.000000
0.851401,0.302558,0.993824,0.453063,0.837089,0.731512,0.109295,0.449678,0.666455,0.433023,3.230669,2.017171,2.697273,2.569795,2.782298,2.530298,0.000000,0.000000,0.000000,0.000000
0.336909,0.600963,0.908815,0.487156,0.411569,0.471609,0.214189,0.636876,0.719749,0.637995,2.269851,2.470923,2.476207,1.749687,2.826984,2.753434,0.000000,0.000000,0.000000,0.000000
0.990878,0.287972,0.249716,0.407988,0.519754,0.181454,0.724558,0.188064,0.246722,0.462674,2.334819,1.375685,1.852063,2.758908,1.422816,1.471249,0.000000,0.000000,0.000000,0.000000
0.330765,0.583784,0.904645,0.886674,0.443442,0.815328,0.767178,0.041699,0.033435,0.041491,3.037550,1.660983,2.906207,1.705117,2.548914,3.110322,0.000000,0.000000,0.000000,0.000000
0.221895,0.962183,0.320566,0.319752,0.208058,0.969233,0.396007,0.146489,0.492366,0.779959,2.259760,1.873843,3.878164,1.316110,1.997892,2.097827,0.000000,0.000000,0.000000,0.000000
0.488392,0.868397,0.560871,0.998208,0.483091,0.648144,0.519326,0.076280,0.356571,0.155084,2.147986,2.200005,3.242449,1.516939,2.666361,3.041288,0.000000,0.000000,0.000000,0.000000
0.427938,0.301402,0.853380,0.455255,0.666561,0.488927,0.096853,0.871122,0.433963,0.416652,2.273162,2.174733,2.163986,2.156278,2.286713,2.706000,0.000000,0.000000,0.000000,0.000000
0.662297,0.540311,0.937904,0.455610,0.335910,0.369514,0.014280,0.300293,0.717666,0.385425,2.592415,1.915683,2.243911,1.603738,2.713974,2.581064,0.000000,0.000000,0.000000,0.000000
0.989438,0.364831,0.998876,0.808147,0.916867,0.730771,0.365427,0.688004,0.713189,0.438907,3.395275,2.707736,2.960557,3.496871,3.275855,3.238626,0.000000,0.000000,0.000000,0.000000
0.156507,0.120564,0.956246,0.886608,0.197218,0.002631,0.724474,0.662988,0.111963,0.847289,2.346395,2.901703,1.280023,2.193197,3.238688,2.974244,0.000000,0.000000,0.000000,0.000000
0.383035,0.747404,0.142958,0.375888,0.410166,0.442871,0.251470,0.047742,0.546063,0.281314,1.494333,1.388152,2.749907,1.195480,1.625872,1.891623,0.000000,0.000000,0.000000,0.000000
0.566206,0.289819,0.765537,0.587040,0.833990,0.353545,0.111391,0.323499,0.316518,0.057465,2.196597,1.542633,2.319367,2.001201,2.104878,2.094027,0.000000,0.000000,0.000000,0.000000
0.669654,0.160681,0.495678,0.913802,0.518601,0.022124,0.758932,0.464034,0.603355,0.051441,2.247112,2.525489,1.590320,2.412641,2.612115,2.163868,0.000000,0.000000,0.000000,0.000000
0.756793,0.434983,0.632568,0.922016,0.445770,0.690742,0.607684,0.537023,0.688115,0.859463,2.622873,3.368084,2.398247,2.379231,3.417718,2.621385,0.000000,0.000000,0.000000,0.000000
0.692018,0.727284,0.533714,0.870525,0.037398,0.245007,0.438956,0.422561,0.894123,0.892768,2.028703,3.507865,2.470675,1.946645,3.473934,2.669009,0.000000,0.000000,0.000000,0.000000
0.798487,0.199134,0.835137,0.903089,0.589166,0.982744,0.216402,0.671415,0.084172,0.776856,3.447253,2.812491,2.694503,2.347835,2.882376,2.800391,0.000000,0.000000,0.000000,0.000000
0.797494,0.177019,0.411671,0.258455,0.740870,0.461559,0.500082,0.084558,0.302123,0.794948,2.127837,1.682660,2.001255,2.143123,1.888212,1.313636,0.000000,0.000000,0.000000,0.000000
0.923262,0.696465,0.189654,0.522176,0.524856,0.896554,0.580889,0.466232,0.914680,0.771617,2.793750,2.836635,3.389062,2.666552,2.447522,2.023205,0.000000,0.000000,0.000000,0.000000
0.041240,0.030633,0.418462,0.412014,0.682832,0.959225,0.036195,0.657236,0.797148,0.416150,2.098948,2.393566,2.410122,1.876015,2.072191,1.460254,0.000000,0.000000,0.000000,0.000000
0.009576,0.080555,0.927423,0.200548,0.527843,0.308976,0.110887,0.558259,0.227263,0.991705,1.899337,2.586847,1.469226,1.648184,3.062673,2.015590,0.000000,0.000000,0.000000,0.000000
0.766511,0.542594,0.863685,0.025509,0.004201,0.383491,0.831456,0.201959,0.713087,0.582262,3.046783,1.907855,2.141605,2.343633,2.573996,2.189177,0.000000,0.000000,0.000000,0.000000
0.003631,0.741330,0.046887,0.690620,0.561519,0.594707,0.443883,0.186742,0.099656,0.494540,1.254985,1.545109,3.008297,1.483190,1.491064,2.219605,0.000000,0.000000,0.000000,0.000000
0.515757,0.896661,0.511702,0.199112,0.530454,0.285938,0.448634,0.721994,0.548844,0.918522,1.841485,2.799738,3.098083,2.139636,2.530378,2.342019,0.000000,0.000000,0.000000,0.000000
0.302088,0.331139,0.924478,0.774135,0.943608,0.984110,0.316129,0.239430,0.501202,0.972802,3.119818,2.770382,3.505757,2.159739,3.715357,2.723825,0.000000,0.000000,0.000000,0.000000
0.037608,0.846398,0.051739,0.594403,0.945126,0.575461,0.415881,0.662986,0.095567,0.292411,1.260766,1.821953,3.776626,2.633915,1.315566,2.393055,0.000000,0.000000,0.000000,0.000000
0.112143,0.905276,0.573522,0.959146,0.041953,0.280246,0.868810,0.546508,0.522674,0.742545,2.032850,3.075445,2.834322,2.302753,3.037991,3.103089,0.000000,0.000000,0.000000,0.000000
0.103030,0.028383,0.736323,0.299589,0.483180,0.075911,0.239256,0.652456,0.868205,0.432609,1.648915,2.495255,1.290666,1.765299,2.472291,1.698569,0.000000,0.000000,0.000000,0.000000
0.913865,0.794697,0.898137,0.903583,0.053677,0.295910,0.484348,0.488949,0.201703,0.714924,2.801460,2.561652,2.618186,2.486764,3.007334,3.392798,0.000000,0.000000,0.000000,0.000000
0.504494,0.313165,0.744881,0.661299,0.131221,0.014224,0.910110,0.908179,0.466599,0.749344,2.745424,2.737908,1.643552,2.865176,2.625944,2.844054,0.000000,0.000000,0.000000,0.000000
0.121656,0.283432,0.728835,0.439104,0.336993,0.976739,0.579888,0.465731,0.479326,0.249691,2.697762,1.748227,2.612257,1.816698,2.099077,1.910449,0.000000,0.000000,0.000000,0.000000
0.328943,0.354981,0.336751,0.182057,0.953782,0.079973,0.150818,0.581051,0.743901,0.186235,1.443373,2.141999,2.620175,2.466946,1.864540,1.540302,0.000000,0.000000,0.000000,0.000000
0.278087,0.667416,0.466302,0.353259,0.773866,0.930151,0.178809,0.389832,0.618679,0.816259,2.301295,2.332024,3.738449,1.801954,2.324127,1.916694,0.000000,0.000000,0.000000,0.000000
0.319583,0.697569,0.743692,0.366252,0.444691,0.446962,0.344817,0.992660,0.557343,0.567480,1.976089,2.504032,2.682180,2.183304,2.263255,3.213992,0.000000,0.000000,0.000000,0.000000
0.515897,0.181740,0.665020,0.814515,0.884457,0.836007,0.911894,0.787102,0.650114,0.212087,3.233917,2.659437,2.730035,3.367897,2.634767,2.523099,0.000000,0.000000,0.000000,0.000000
0.364235,0.211805,0.698779,0.534346,0.053868,0.695387,0.556249,0.955107,0.847006,0.499180,2.284526,2.878436,1.762774,2.312850,2.549958,2.670699,0.000000,0.000000,0.000000,0.000000
0.306059,0.011908,0.751090,0.795950,0.077695,0.563036,0.552728,0.600173,0.443435,0.837359,2.142018,2.785307,1.208340,1.934387,3.003474,2.198910,0.000000,0.000000,0.000000,0.000000
0.919540,0.055077,0.213450,0.501306,0.628257,0.049914,0.200543,0.510502,0.664017,0.577968,1.966843,2.207644,1.504986,2.484034,1.947146,1.384028,0.000000,0.000000,0.000000,0.000000
0.272156,0.754729,0.494537,0.546266,0.435227,0.270646,0.252871,0.034722,0.115942,0.430529,1.540636,1.217012,2.718705,1.154705,1.557874,2.174084,0.000000,0.000000,0.000000,0.000000
0.164191,0.241070,0.716447,0.010753,0.355695,0.834793,0.334615,0.900640,0.998660,0.214467,2.271774,2.907826,2.190408,2.033040,2.514074,2.266903,0.000000,0.000000,0.000000,0.000000
0.448961,0.549457,0.128398,0.897902,0.894746,0.187888,0.046364,0.460778,0.990245,0.298811,1.472085,3.118045,2.906116,2.194336,2.738616,2.402879,0.000000,0.000000,0.000000,0.000000
0.473343,0.134277,0.879823,0.172764,0.188039,0.269359,0.953078,0.369543,0.004038,0.281810,3.092087,1.392831,1.323456,2.385204,1.789590,1.863834,0.000000,0.000000,0.000000,0.000000
0.901227,0.228685,0.935589,0.597001,0.416012,0.397617,0.257308,0.986643,0.161357,0.701535,2.843799,2.484969,1.693299,2.814788,2.491674,3.351673,0.000000,0.000000,0.000000,0.000000
0.220768,0.580820,0.871327,0.187646,0.393047,0.049959,0.824510,0.860118,0.392293,0.328054,2.442255,2.050557,2.316251,2.574561,2.169693,2.824862,0.000000,0.000000,0.000000,0.000000
0.296761,0.305102,0.146868,0.881330,0.869458,0.441123,0.890043,0.342460,0.873569,0.679937,2.031712,3.023257,2.451999,2.732242,2.793441,2.098766,0.000000,0.000000,0.000000,0.000000
0.485572,0.809584,0.578982,0.863258,0.315205,0.213203,0.129608,0.197173,0.552308,0.595690,1.830766,2.268940,2.728213,1.338331,2.656756,2.750396,0.000000,0.000000,0.000000,0.000000
0.235741,0.622554,0.058973,0.487041,0.847305,0.519662,0.212285,0.136310,0.555157,0.423382,1.381584,1.576668,3.103368,1.709894,1.706296,1.860313,0.000000,0.000000,0.000000,0.000000
0.004665,0.438066,0.841016,0.732887,0.014185,0.041574,0.325210,0.454808,0.159588,0.166104,1.723231,1.773361,1.876405,1.560570,2.261308,2.612834,0.000000,0.000000,0.000000,0.000000
0.781198,0.583247,0.709843,0.484730,0.745097,0.772726,0.714831,0.462985,0.880779,0.067322,3.007580,2.294268,3.183063,2.758924,2.498570,2.221832,0.000000,0.000000,0.000000,0.000000
0.297857,0.102859,0.660538,0.806165,0.301763,0.384879,0.953313,0.949575,0.501519,0.941956,2.617106,3.459248,1.353791,2.893098,3.249024,2.854010,0.000000,0.000000,0.000000,0.000000
0.983354,0.304935,0.909831,0.486847,0.455459,0.540916,0.986466,0.122214,0.543050,0.360677,3.916364,1.520215,1.975580,3.089251,2.503157,2.295329,0.000000,0.000000,0.000000,0.000000
0.283358,0.231751,0.471150,0.663123,0.721360,0.967201,0.981313,0.147584,0.116975,0.691396,3.337457,1.685138,2.888658,2.404085,1.859064,1.776545,0.000000,0.000000,0.000000,0.000000
0.754131,0.842901,0.526661,0.190992,0.725245,0.054773,0.380130,0.546828,0.336365,0.181826,2.052548,1.667311,3.211947,2.396867,1.621797,2.114874,0.000000,0.000000,0.000000,0.000000
0.557275,0.914566,0.754873,0.197978,0.283165,0.205306,0.343675,0.357475,0.581132,0.254286,2.149712,1.713168,2.917968,1.655082,2.162906,2.400243,0.000000,0.000000,0.000000,0.000000
0.744297,0.071946,0.335599,0.381860,0.493722,0.651468,0.859627,0.282830,0.613656,0.972319,2.679474,2.599902,1.664143,2.493533,2.675755,1.261960,0.000000,0.000000,0.000000,0.000000
0.881581,0.967575,0.675913,0.380237,0.807267,0.172248,0.242152,0.998582,0.940406,0.599418,2.346988,3.119220,3.591941,3.167057,2.581337,3.415290,0.000000,0.000000,0.000000,0.000000
0.817488,0.222380,0.754275,0.981004,0.150028,0.346751,0.469716,0.838277,0.999914,0.317693,2.476789,3.796324,1.508962,2.605733,3.523119,3.107679,0.000000,0.000000,0.000000,0.000000
0.766609,0.221376,0.600014,0.882252,0.933244,0.091291,0.391328,0.208441,0.569205,0.434560,2.150838,2.220356,2.314456,2.570650,2.651600,2.217647,0.000000,0.000000,0.000000,0.000000
0.343135,0.818014,0.891003,0.093183,0.621426,0.751208,0.906393,0.732586,0.728438,0.212641,3.235879,2.272898,3.446116,2.743663,2.525177,2.822080,0.000000,0.000000,0.000000,0.000000
0.958103,0.646909,0.962130,0.719578,0.475089,0.790684,0.823540,0.845447,0.829567,0.664506,3.838098,3.095163,3.013849,3.454112,3.322836,3.566252,0.000000,0.000000,0.000000,0.000000
0.512910,0.359189,0.247627,0.467685,0.017684,0.634259,0.146084,0.670737,0.906622,0.369559,1.829838,2.591016,1.973844,1.827013,2.088890,1.795502,0.000000,0.000000,0.000000,0.000000
0.165294,0.727616,0.459576,0.642147,0.342388,0.968355,0.553645,0.158853,0.346284,0.487855,2.378497,1.564911,3.480498,1.483635,1.878929,2.237672,0.000000,0.000000,0.000000,0.000000
0.551418,0.340764,0.339752,0.657622,0.910943,0.131685,0.183833,0.675428,0.646155,0.802967,1.670275,2.797690,2.513628,2.565484,2.461697,2.020569,0.000000,0.000000,0.000000,0.000000
0.921732,0.666220,0.402107,0.185861,0.968246,0.544390,0.729200,0.463641,0.159442,0.440691,2.527498,1.575842,3.431276,3.657375,1.365269,1.811990,0.000000,0.000000,0.000000,0.000000
0.377310,0.269378,0.584078,0.276244,0.689988,0.691171,0.806905,0.887347,0.697268,0.154333,2.472566,2.383029,2.345023,2.818813,2.060063,2.164920,0.000000,0.000000,0.000000,0.000000
0.137988,0.197208,0.003683,0.192005,0.067425,0.777554,0.662092,0.116716,0.852525,0.164335,1.800269,1.849311,1.869063,1.557731,1.860346,1.234259,0.000000,0.000000,0.000000,0.000000
0.494250,0.892244,0.020113,0.763437,0.892790,0.573682,0.176099,0.711742,0.353290,0.857063,1.684421,2.805814,3.770366,2.498816,2.338226,2.731708,0.000000,0.000000,0.000000,0.000000
0.816881,0.631914,0.451865,0.591462,0.964347,0.874545,0.898667,0.678471,0.305153,0.793900,3.342162,2.394346,3.862671,3.896010,2.113494,2.285901,0.000000,0.000000,0.000000,0.000000
0.865863,0.324328,0.033892,0.043053,0.752385,0.660706,0.784242,0.901300,0.298503,0.259410,2.533699,2.007864,2.503158,3.485937,1.304260,1.986118,0.000000,0.000000,0.000000,0.000000
0.774301,0.447645,0.112951,0.178680,0.078294,0.683550,0.637340,0.220697,0.720351,0.380550,2.271442,1.795732,2.220803,2.091163,1.759786,1.483385,0.000000,0.000000,0.000000,0.000000
0.599050,0.954084,0.318873,0.488383,0.363644,0.983504,0.139742,0.286368,0.805435,0.388533,2.652436,2.050636,3.991729,1.538359,2.046391,2.231750,0.000000,0.000000,0.000000,0.000000
0.466951,0.205543,0.115041,0.565546,0.265225,0.340859,0.174849,0.579149,0.581328,0.553144,1.520723,2.188634,1.521034,1.716485,1.869064,1.639410,0.000000,0.000000,0.000000,0.000000
0.473140,0.078833,0.643525,0.122163,0.700109,0.455075,0.948156,0.919014,0.097465,0.062646,2.789710,1.928982,1.742061,3.164182,1.513429,2.073583,0.000000,0.000000,0.000000,0.000000
0.028944,0.647265,0.367663,0.530841,0.438539,0.839530,0.658790,0.143086,0.767964,0.567444,1.944190,1.994974,3.078557,1.614100,2.156406,1.979175,0.000000,0.000000,0.000000,0.000000
0.223854,0.294057,0.538298,0.400434,0.761258,0.226548,0.952542,0.964979,0.935405,0.310145,2.348506,2.895506,2.179256,3.219369,2.298631,2.477488,0.000000,0.000000,0.000000,0.000000
0.974477,0.861454,0.891875,0.529375,0.649326,0.738728,0.440660,0.712694,0.910790,0.847844,3.210763,3.230229,3.547669,3.010012,3.371312,3.109120,0.000000,0.000000,0.000000,0.000000
0.402601,0.501211,0.164450,0.818248,0.363544,0.750751,0.124911,0.149011,0.796047,0.288068,1.853032,2.254877,2.557730,1.247337,2.377819,2.175682,0.000000,0.000000,0.000000,0.000000
0.030313,0.639708,0.462453,0.883710,0.940437,0.558861,0.898324,0.067415,0.518644,0.268670,2.069950,1.965671,3.338384,2.656630,2.427844,2.519573,0.000000,0.000000,0.000000,0.000000
0.846560,0.887932,0.538643,0.741595,0.774041,0.900758,0.090796,0.048698,0.170738,0.776610,2.867608,1.848701,4.105846,2.022609,2.232482,2.594181,0.000000,0.000000,0.000000,0.000000
0.707224,0.322016,0.028168,0.649442,0.084582,0.961807,0.023731,0.458422,0.041412,0.793905,2.597760,2.138417,2.540929,1.812766,1.713383,1.787977,0.000000,0.000000,0.000000,0.000000
0.922432,0.669678,0.405528,0.642469,0.788428,0.922259,0.687674,0.511065,0.037695,0.422955,3.094953,1.758524,3.745411,3.155249,1.499340,2.217353,0.000000,0.000000,0.000000,0.000000
0.261304,0.268938,0.176627,0.284413,0.123757,0.237489,0.920622,0.012521,0.283078,0.089402,2.024227,1.099912,1.566587,1.878142,1.337346,1.355340,0.000000,0.000000,0.000000,0.000000
0.791648,0.867976,0.058591,0.974274,0.491784,0.145111,0.551930,0.385862,0.348576,0.233958,1.890934,2.421171,2.980859,2.245112,2.279794,2.839554,0.000000,0.000000,0.000000,0.000000
0.951607,0.568344,0.508817,0.756391,0.426515,0.809901,0.190153,0.972428,0.455177,0.738243,2.743056,2.909289,2.849848,2.903413,2.443853,3.166390,0.000000,0.000000,0.000000,0.000000
0.087755,0.349225,0.808949,0.232791,0.908535,0.211798,0.083725,0.219443,0.783430,0.203677,1.751704,1.844591,2.533388,1.908473,2.452165,1.935111,0.000000,0.000000,0.000000,0.000000
0.708893,0.571969,0.382337,0.677736,0.373449,0.459125,0.120431,0.215902,0.450672,0.977375,1.952067,2.563636,2.380184,1.606095,2.820681,2.089360,0.000000,0.000000,0.000000,0.000000
0.027286,0.013973,0.487344,0.486876,0.386995,0.607494,0.142371,0.245519,0.307519,0.506470,1.489395,1.526195,1.401907,1.288239,1.726235,1.370401,0.000000,0.000000,0.000000,0.000000
0.601999,0.866500,0.830192,0.156689,0.598917,0.526581,0.314522,0.504036,0.246199,0.630934,2.447017,1.816413,3.237715,1.949792,2.097730,2.527776,0.000000,0.000000,0.000000,0.000000
0.802251,0.263355,0.192915,0.777996,0.487572,0.654951,0.248722,0.397861,0.800587,0.339015,2.124242,2.444125,2.045384,2.032572,2.321916,1.900869,0.000000,0.000000,0.000000,0.000000
0.628360,0.064023,0.110706,0.203218,0.502224,0.471345,0.518052,0.695500,0.368070,0.010568,1.817359,1.832681,1.484992,2.275595,1.388718,1.340662,0.000000,0.000000,0.000000,0.000000
0.078944,0.168048,0.366186,0.261508,0.989583,0.931787,0.957883,0.956792,0.086080,0.006023,2.863919,1.968879,3.124373,3.833803,1.238055,2.123589,0.000000,0.000000,0.000000,0.000000
0.272192,0.101549,0.944508,0.988456,0.145299,0.177669,0.813457,0.581069,0.943649,0.034072,2.607760,3.426200,1.229817,2.263393,3.801513,3.035188,0.000000,0.000000,0.000000,0.000000
0.337860,0.835231,0.147941,0.101913,0.064001,0.103999,0.726297,0.569951,0.886345,0.289991,1.639135,2.380052,2.675683,2.136041,1.916362,1.954379,0.000000,0.000000,0.000000,0.000000
0.664445,0.606545,0.324313,0.279405,0.287601,0.037050,0.523058,0.413656,0.024852,0.313837,1.844526,1.451279,2.295854,1.987432,1.161544,1.748001,0.000000,0.000000,0.000000,0.000000
0.861273,0.954025,0.867251,0.504639,0.260656,0.408186,0.802181,0.498489,0.950505,0.753941,3.095493,2.895362,3.044002,2.785485,3.154250,2.922713,0.000000,0.000000,0.000000,0.000000
0.505465,0.161355,0.106671,0.405151,0.346096,0.064282,0.707207,0.118876,0.616988,0.249299,1.767250,1.541988,1.442759,1.762508,1.698733,1.326916,0.000000,0.000000,0.000000,0.000000
0.835264,0.756553,0.710533,0.605207,0.377238,0.347592,0.515846,0.175554,0.220889,0.093291,2.452925,1.359316,2.697412,2.044637,1.947495,2.482496,0.000000,0.000000,0.000000,0.000000
0.929951,0.394920,0.043655,0.255642,0.795627,0.618758,0.695724,0.051569,0.440536,0.934191,2.403042,2.065194,2.659761,2.740549,2.220778,1.460364,0.000000,0.000000,0.000000,0.000000
0.849670,0.193612,0.529630,0.744875,0.808736,0.485949,0.815384,0.020954,0.717362,0.655826,2.686960,2.125484,2.156032,2.727002,2.596148,1.897016,0.000000,0.000000,0.000000,0.000000
0.779615,0.548899,0.673498,0.597336,0.293853,0.959573,0.265723,0.979526,0.820037,0.781331,3.121755,3.256285,3.067703,2.531440,2.859456,3.131795,0.000000,0.000000,0.000000,0.000000
0.559778,0.469397,0.077260,0.764090,0.695517,0.988802,0.903395,0.233011,0.949442,0.620739,3.198584,2.714493,3.389319,2.458548,2.549981,2.056640,0.000000,0.000000,0.000000,0.000000
0.991196,0.594682,0.603388,0.124947,0.222886,0.478668,0.773535,0.098880,0.147970,0.184164,2.822976,1.127265,2.348716,2.673525,1.515148,1.830069,0.000000,0.000000,0.000000,0.000000
0.343056,0.151243,0.180172,0.286053,0.503762,0.003266,0.221386,0.572970,0.486127,0.441175,1.377920,1.901853,1.556263,1.726757,1.579879,1.346696,0.000000,0.000000,0.000000,0.000000
0.465025,0.459940,0.907074,0.487365,0.028945,0.685491,0.308442,0.181778,0.346815,0.698626,2.618970,1.699460,2.242829,1.377476,2.523579,2.444882,0.000000,0.000000,0.000000,0.000000
0.176403,0.912149,0.123199,0.328240,0.781673,0.102545,0.944926,0.710652,0.241246,0.017139,1.989903,1.780465,3.436389,2.982363,1.291789,2.276812,0.000000,0.000000,0.000000,0.000000
0.420848,0.937719,0.562804,0.624437,0.049792,0.819869,0.173742,0.498326,0.924991,0.695512,2.289611,2.842417,3.429021,1.603056,2.719221,2.567574,0.000000,0.000000,0.000000,0.000000
0.168352,0.726696,0.068070,0.903855,0.841027,0.144318,0.247074,0.952594,0.455582,0.346772,1.179718,2.869264,3.163724,2.518723,2.213085,3.367406,0.000000,0.000000,0.000000,0.000000
0.289839,0.299724,0.230852,0.378838,0.556759,0.101806,0.567109,0.063878,0.945610,0.628395,1.447622,2.226795,1.910485,1.505927,2.209203,1.455562,0.000000,0.000000,0.000000,0.000000
0.705621,0.733345,0.302702,0.578427,0.478328,0.906306,0.837850,0.731577,0.525155,0.484643,3.034473,2.233139,3.439918,2.837247,1.865480,2.382103,0.000000,0.000000,0.000000,0.000000
0.360659,0.726202,0.053696,0.445135,0.248269,0.097632,0.224670,0.371923,0.374404,0.772981,1.367021,2.013219,2.514972,1.473111,1.822494,1.943636,0.000000,0.000000,0.000000,0.000000
0.068241,0.534728,0.633700,0.167257,0.421355,0.189502,0.200956,0.615054,0.322765,0.137545,1.478253,1.722616,2.253802,1.687275,1.729378,1.960286,0.000000,0.000000,0.000000,0.000000
0.170526,0.932290,0.498533,0.343600,0.970744,0.081327,0.306913,0.840656,0.133573,0.638936,1.428472,2.133275,3.807460,2.827821,1.589333,2.673682,0.000000,0.000000,0.000000,0.000000
0.572733,0.839715,0.433884,0.585468,0.630097,0.459240,0.941996,0.795409,0.685131,0.208771,2.645246,2.391406,3.173305,3.028262,2.075969,2.664447,0.000000,0.000000,0.000000,0.000000
0.858147,0.888780,0.657285,0.007716,0.086546,0.766586,0.644920,0.670106,0.713748,0.705506,2.913650,2.530700,3.235537,2.718037,2.393516,2.374441,0.000000,0.000000,0.000000,0.000000
0.885441,0.280683,0.708924,0.182231,0.015679,0.774196,0.024404,0.663404,0.489490,0.219569,2.852051,1.914693,2.025649,2.358190,2.000439,1.863870,0.000000,0.000000,0.000000,0.000000
0.726355,0.204294,0.981187,0.828028,0.611380,0.398477,0.316851,0.161945,0.553008,0.449377,2.762434,2.028599,1.845646,1.785274,3.124237,2.835229,0.000000,0.000000,0.000000,0.000000
0.623919,0.306154,0.157657,0.974193,0.414205,0.957313,0.090364,0.523247,0.839090,0.021457,2.526169,3.128028,2.661202,1.803724,2.788505,2.334084,0.000000,0.000000,0.000000,0.000000
0.800933,0.637597,0.176431,0.678446,0.996654,0.748301,0.748166,0.494611,0.858828,0.142100,2.564398,2.446931,3.687528,3.554840,2.202644,2.163227,0.000000,0.000000,0.000000,0.000000
0.689150,0.829041,0.912231,0.879583,0.495007,0.300672,0.437107,0.605740,0.171340,0.048866,2.585002,2.233775,2.930296,2.184140,2.684016,3.496466,0.000000,0.000000,0.000000,0.000000
0.968648,0.416423,0.658637,0.171783,0.665745,0.427251,0.763177,0.434759,0.788686,0.323774,2.819677,2.091597,2.354054,3.122501,2.238547,1.767378,0.000000,0.000000,0.000000,0.000000
0.614108,0.086323,0.754081,0.322586,0.954645,0.963751,0.666738,0.708448,0.947188,0.893303,3.275509,3.329291,2.979140,3.215138,3.186184,1.871085,0.000000,0.000000,0.000000,0.000000
0.061674,0.628119,0.218393,0.750572,0.487302,0.024898,0.691885,0.137878,0.871627,0.400783,1.338543,2.279361,2.493717,1.673206,2.367965,2.202256,0.000000,0.000000,0.000000,0.000000
0.095772,0.491103,0.630193,0.160914,0.522710,0.147299,0.079830,0.078107,0.975990,0.393863,1.496152,2.092433,2.258628,1.160011,2.401364,1.767310,0.000000,0.000000,0.000000,0.000000
0.187653,0.378775,0.720847,0.986830,0.330702,0.633110,0.860305,0.029515,0.835897,0.996916,2.508828,3.667365,2.120683,1.788209,4.304245,2.727176,0.000000,0.000000,0.000000,0.000000
0.239796,0.034779,0.334484,0.322407,0.117668,0.554563,0.493447,0.001542,0.235838,0.526269,1.581513,1.213722,1.253955,1.259012,1.457937,1.176148,0.000000,0.000000,0.000000,0.000000
0.360085,0.323363,0.344250,0.995069,0.609520,0.788642,0.316432,0.884602,0.528089,0.166107,1.979119,3.148483,2.508741,2.169443,2.632637,2.966659,0.000000,0.000000,0.000000,0.000000
0.107248,0.189276,0.651353,0.202967,0.135146,0.664679,0.614339,0.282147,0.971488,0.411667,1.967604,2.297398,1.690471,1.661127,2.432830,1.513152,0.000000,0.000000,0.000000,0.000000
0.945765,0.560089,0.012290,0.249547,0.275707,0.463769,0.123107,0.325421,0.626578,0.136325,2.045895,1.724432,2.295941,2.192316,1.642614,1.633579,0.000000,0.000000,0.000000,0.000000
0.504411,0.912572,0.359011,0.186757,0.448201,0.972751,0.619106,0.174341,0.302791,0.259615,2.700674,1.284738,3.946488,1.726325,1.442737,1.994646,0.000000,0.000000,0.000000,0.000000
0.585208,0.343321,0.057711,0.629660,0.617006,0.082410,0.702915,0.146261,0.633382,0.619358,1.833222,1.942213,2.067898,1.985696,2.033508,1.740443,0.000000,0.000000,0.000000,0.000000
0.020616,0.118332,0.670553,0.964958,0.432309,0.570713,0.575120,0.603844,0.031883,0.296351,1.765550,2.497918,1.609444,1.969545,2.387753,2.483938,0.000000,0.000000,0.000000,0.000000
0.192002,0.814547,0.518956,0.842063,0.345577,0.015384,0.654582,0.962987,0.305999,0.000429,1.644915,2.559403,2.748520,2.412805,2.172396,3.523348,0.000000,0.000000,0.000000,0.000000
0.798772,0.596555,0.067807,0.327041,0.865373,0.617094,0.268537,0.125431,0.860822,0.318078,2.043562,1.910067,3.176973,2.267996,1.910635,1.704070,0.000000,0.000000,0.000000,0.000000
0.844169,0.917282,0.229722,0.091886,0.318234,0.078624,0.423943,0.565691,0.878714,0.690302,1.929729,2.666841,2.936323,2.357247,2.159330,2.040252,0.000000,0.000000,0.000000,0.000000
0.754639,0.286193,0.170612,0.146892,0.539069,0.063588,0.075045,0.350343,0.714026,0.820614,1.784036,2.413249,1.863239,1.870172,2.199781,1.327802,0.000000,0.000000,0.000000,0.000000
0.281261,0.178692,0.700663,0.536954,0.137158,0.187785,0.302469,0.842435,0.350959,0.808389,1.787181,2.577012,1.382818,1.956527,2.423754,2.314657,0.000000,0.000000,0.000000,0.000000
0.575903,0.684889,0.266379,0.210472,0.128791,0.496631,0.495946,0.900976,0.555602,0.563712,1.829849,2.390764,2.508855,2.338220,1.736862,2.407040,0.000000,0.000000,0.000000,0.000000
0.448942,0.792176,0.443252,0.581787,0.490671,0.818972,0.767658,0.183682,0.702559,0.576219,2.541984,1.983158,3.374407,1.921429,2.206195,2.218877,0.000000,0.000000,0.000000,0.000000
0.894722,0.937272,0.395551,0.362202,0.594236,0.073202,0.738616,0.364046,0.676405,0.083690,2.349204,1.839366,3.228051,2.750539,1.880432,2.147914,0.000000,0.000000,0.000000,0.000000
0.353309,0.365763,0.736947,0.790900,0.525530,0.737402,0.839514,0.441628,0.977553,0.864548,2.794091,3.434718,2.408678,2.266791,3.574042,2.429554,0.000000,0.000000,0.000000,0.000000
0.652814,0.615281,0.690960,0.699613,0.844731,0.732674,0.181259,0.155411,0.368498,0.069197,2.524627,1.531102,3.337439,1.975655,2.188379,2.435204,0.000000,0.000000,0.000000,0.000000
0.950274,0.271813,0.372835,0.764192,0.141762,0.640670,0.477992,0.824120,0.325544,0.701378,2.404450,2.616172,1.826690,2.911119,2.152826,2.368907,0.000000,0.000000,0.000000,0.000000
0.959734,0.033436,0.481062,0.349467,0.294774,0.216337,0.389159,0.039358,0.939632,0.162146,2.224215,1.941444,1.163888,2.082354,2.214423,1.266893,0.000000,0.000000,0.000000,0.000000
0.019923,0.846455,0.197509,0.589824,0.258673,0.655783,0.857239,0.204536,0.201456,0.235552,1.880972,1.379219,3.041843,1.943880,1.448739,2.203803,0.000000,0.000000,0.000000,0.000000
0.224881,0.764688,0.582395,0.549857,0.967289,0.300895,0.984809,0.701204,0.122650,0.252228,2.531913,1.823704,3.492266,3.557861,1.632126,2.506326,0.000000,0.000000,0.000000,0.000000
0.405030,0.851315,0.368117,0.698523,0.111373,0.406551,0.529781,0.437863,0.772868,0.639760,1.686511,2.535116,2.782230,1.785130,2.416732,2.425891,0.000000,0.000000,0.000000,0.000000
0.733292,0.512133,0.572418,0.219545,0.793858,0.069803,0.527687,0.979436,0.533005,0.253632,2.138832,2.282169,2.654817,3.049359,1.875388,2.668140,0.000000,0.000000,0.000000,0.000000
0.165746,0.836151,0.380690,0.194815,0.350474,0.733444,0.273555,0.850816,0.111396,0.420943,1.710820,1.939253,3.189683,1.945289,1.295112,2.453288,0.000000,0.000000,0.000000,0.000000
0.093044,0.652076,0.461942,0.733164,0.877704,0.861719,0.170268,0.104129,0.791216,0.579740,1.947153,2.213940,3.714395,1.727387,2.511666,2.288297,0.000000,0.000000,0.000000,0.000000
0.319352,0.938869,0.118214,0.614265,0.872883,0.845687,0.620379,0.002745,0.582884,0.562482,2.086275,1.662833,4.244487,2.000715,1.928734,2.317842,0.000000,0.000000,0.000000,0.000000
0.180268,0.495518,0.388755,0.137973,0.409477,0.504335,0.498875,0.763942,0.973307,0.443366,1.521617,2.798785,2.286987,2.046790,2.165706,1.913905,0.000000,0.000000,0.000000,0.000000
0.279443,0.093559,0.230170,0.239480,0.423857,0.340777,0.354427,0.229216,0.645867,0.219774,1.387775,1.660264,1.406347,1.408931,1.714912,1.165864,0.000000,0.000000,0.000000,0.000000
0.518763,0.620030,0.854184,0.374156,0.036052,0.755064,0.907819,0.742355,0.244575,0.971508,3.358070,2.738705,2.671837,2.706099,2.917394,2.686962,0.000000,0.000000,0.000000,0.000000
0.103687,0.092146,0.521343,0.788113,0.142109,0.069528,0.091639,0.418622,0.555284,0.315312,1.375892,2.144104,1.204822,1.428543,2.326481,1.885678,0.000000,0.000000,0.000000,0.000000
0.190833,0.480164,0.122788,0.156168,0.181482,0.088172,0.849255,0.179111,0.643790,0.223562,1.726774,1.605345,1.993949,1.908380,1.665174,1.507433,0.000000,0.000000,0.000000,0.000000
0.311180,0.258792,0.788464,0.071804,0.802469,0.929937,0.229855,0.295805,0.192940,0.478143,2.739839,1.442370,2.965735,1.793451,1.867253,1.761773,0.000000,0.000000,0.000000,0.000000
0.642485,0.561068,0.227339,0.428806,0.076184,0.254182,0.245253,0.731672,0.300744,0.533434,1.714208,2.007718,2.144361,2.057065,1.512243,2.043285,0.000000,0.000000,0.000000,0.000000
0.422292,0.761908,0.636295,0.375267,0.296893,0.074263,0.087601,0.615947,0.637279,0.319834,1.827631,2.074620,2.612371,1.706698,2.105461,2.304288,0.000000,0.000000,0.000000,0.000000
0.936874,0.301010,0.013733,0.166605,0.750558,0.720933,0.990219,0.605608,0.281536,0.492873,3.273209,1.805371,2.540058,3.725816,1.345361,1.463283,0.000000,0.000000,0.000000,0.000000
0.395430,0.276954,0.136052,0.610407,0.754317,0.647505,0.625191,0.954288,0.530157,0.113614,1.838190,2.375650,2.394377,2.730739,1.776270,2.481381,0.000000,0.000000,0.000000,0.000000
0.058470,0.559646,0.535784,0.976515,0.661436,0.054798,0.556242,0.624820,0.339202,0.628547,1.441430,2.897519,2.556953,2.125829,2.713536,2.819445,0.000000,0.000000,0.000000,0.000000
0.210142,0.879659,0.866501,0.211142,0.706666,0.979439,0.822848,0.930164,0.678702,0.629330,3.358979,2.642038,4.198273,2.865900,2.595799,3.323409,0.000000,0.000000,0.000000,0.000000
0.337702,0.964036,0.577504,0.009280,0.673922,0.012648,0.484859,0.911076,0.479476,0.853190,1.726480,2.762038,3.382245,2.390948,2.342873,2.845725,0.000000,0.000000,0.000000,0.000000
0.821297,0.960169,0.552066,0.653043,0.210592,0.769092,0.468648,0.154282,0.384437,0.089572,2.629230,1.484666,3.419607,1.929868,1.967779,2.555458,0.000000,0.000000,0.000000,0.000000
0.769639,0.276854,0.197171,0.563680,0.702217,0.526562,0.469623,0.779126,0.349219,0.625497,2.003154,2.246759,2.192814,2.698717,1.720270,1.970747,0.000000,0.000000,0.000000,0.000000
0.012825,0.608429,0.086330,0.193069,0.268897,0.558345,0.301570,0.727744,0.408812,0.502183,1.202612,2.022905,2.463228,1.823919,1.487060,1.926837,0.000000,0.000000,0.000000,0.000000
0.116651,0.830509,0.642970,0.329431,0.924784,0.250736,0.196618,0.340355,0.540017,0.958568,1.547319,2.524533,3.532007,2.112011,2.833468,2.218263,0.000000,0.000000,0.000000,0.000000
0.840933,0.737964,0.090301,0.421050,0.393355,0.703092,0.085398,0.802432,0.000374,0.081512,2.196706,1.834403,2.978222,2.428347,1.083218,2.330586,0.000000,0.000000,0.000000,0.000000
0.454743,0.591821,0.799958,0.537535,0.097903,0.739008,0.392402,0.802688,0.329219,0.637681,2.521983,2.253867,2.596823,2.050796,2.289824,2.807817,0.000000,0.000000,0.000000,0.000000
0.118169,0.239920,0.143816,0.610962,0.247845,0.799499,0.103593,0.368316,0.979927,0.462890,1.650006,2.567089,2.052307,1.384471,2.274577,1.634572,0.000000,0.000000,0.000000,0.000000
0.212802,0.136659,0.916881,0.376904,0.210476,0.469369,0.261140,0.834086,0.639089,0.669360,2.161528,2.562604,1.421024,1.913880,2.734044,2.533509,0.000000,0.000000,0.000000,0.000000
0.311196,0.012455,0.663792,0.292820,0.365131,0.905538,0.944788,0.539781,0.819697,0.717035,3.291132,2.587690,1.900770,2.480316,2.549762,1.475571,0.000000,0.000000,0.000000,0.000000
0.560234,0.946911,0.116960,0.852786,0.353150,0.169224,0.261550,0.762251,0.602572,0.401714,1.583439,2.719053,3.023382,2.022049,2.262476,3.013345,0.000000,0.000000,0.000000,0.000000
0.285827,0.477848,0.294852,0.895908,0.487304,0.824350,0.992975,0.312240,0.277194,0.172109,2.905150,2.038425,2.753350,2.377981,2.084113,2.315639,0.000000,0.000000,0.000000,0.000000
0.915581,0.332099,0.587105,0.981914,0.177384,0.642605,0.498245,0.445299,0.133259,0.047848,2.587258,2.392762,1.961021,2.462057,2.424675,2.537944,0.000000,0.000000,0.000000,0.000000
0.452943,0.190194,0.585930,0.678366,0.654880,0.298833,0.019560,0.986450,0.051448,0.181633,1.822943,2.206855,1.835941,2.263684,1.708021,2.798423,0.000000,0.000000,0.000000,0.000000
0.832657,0.809618,0.772864,0.692106,0.459341,0.645722,0.934373,0.720446,0.862024,0.363335,3.461435,2.740948,3.099469,3.215313,2.808297,3.019682,0.000000,0.000000,0.000000,0.000000
0.878050,0.042581,0.070023,0.736195,0.814848,0.978671,0.581263,0.026320,0.373716,0.536965,2.934474,1.614553,2.686507,2.482003,1.860759,1.584908,0.000000,0.000000,0.000000,0.000000
0.768885,0.680765,0.264129,0.814658,0.777971,0.425813,0.131420,0.041845,0.263843,0.439953,1.916155,1.637069,3.043976,1.879984,1.911734,2.362862,0.000000,0.000000,0.000000,0.000000
0.805691,0.530447,0.839267,0.147381,0.445404,0.512129,0.543363,0.296897,0.766901,0.286739,2.731548,1.909081,2.393597,2.154502,2.481232,2.151093,0.000000,0.000000,0.000000,0.000000
0.081113,0.354628,0.912296,0.821136,0.020421,0.905565,0.437148,0.308661,0.351257,0.999182,2.692521,2.884221,2.452280,1.500293,3.733934,2.797258,0.000000,0.000000,0.000000,0.000000
0.139931,0.381322,0.257649,0.265095,0.322334,0.491337,0.399458,0.962918,0.904630,0.313393,1.350391,2.816992,1.985158,2.136020,1.999289,2.328420,0.000000,0.000000,0.000000,0.000000
0.411568,0.379728,0.285590,0.039852,0.608382,0.071149,0.508916,0.552360,0.691161,0.478918,1.560569,2.139912,2.129945,2.018067,1.825393,1.497696,0.000000,0.000000,0.000000,0.000000
0.098642,0.266396,0.177679,0.202492,0.941280,0.254476,0.701222,0.256613,0.210866,0.713359,1.388472,1.665774,2.435279,2.534295,1.509698,1.317344,0.000000,0.000000,0.000000,0.000000
0.016496,0.413956,0.519034,0.681046,0.353683,0.632610,0.762702,0.121614,0.587362,0.681697,1.877452,1.998532,2.206171,1.718981,2.388599,2.017824,0.000000,0.000000,0.000000,0.000000
0.905769,0.389363,0.186390,0.962339,0.340111,0.320148,0.059820,0.848042,0.845931,0.874504,1.973336,4.090079,1.927214,2.608109,3.356746,2.839147,0.000000,0.000000,0.000000,0.000000
0.465080,0.136427,0.236880,0.011369,0.265451,0.886771,0.238697,0.594181,0.962769,0.424601,2.221762,2.597656,2.040642,1.756719,2.051386,1.274494,0.000000,0.000000,0.000000,0.000000
0.431498,0.441852,0.315019,0.238646,0.764635,0.142822,0.943351,0.624799,0.904763,0.071066,2.325589,2.446998,2.471285,2.936886,2.017617,1.682458,0.000000,0.000000,0.000000,0.000000
0.589160,0.077568,0.275495,0.838965,0.376996,0.773674,0.733124,0.064212,0.138844,0.237356,2.417032,1.592284,1.760362,1.826385,1.808432,1.802357,0.000000,0.000000,0.000000,0.000000
0.879700,0.299988,0.373017,0.753549,0.628425,0.944844,0.860534,0.308936,0.949777,0.776169,3.410701,3.001043,2.838384,2.886190,2.879742,1.928835,0.000000,0.000000,0.000000,0.000000
0.465254,0.775453,0.020664,0.456050,0.901554,0.324526,0.989510,0.400766,0.650735,0.004711,2.458554,1.867479,3.397884,3.141249,1.746012,2.009240,0.000000,0.000000,0.000000,0.000000
0.565713,0.466839,0.911830,0.337356,0.603760,0.726826,0.580255,0.693644,0.526641,0.686882,2.894477,2.308023,2.682169,2.344265,2.619072,2.570273,0.000000,0.000000,0.000000,0.000000
0.136737,0.003740,0.726635,0.778704,0.465800,0.085304,0.883791,0.138707,0.775279,0.767799,2.275452,2.560091,1.225070,1.969426,3.122996,1.994151,0.000000,0.000000,0.000000,0.000000
0.688446,0.527064,0.207511,0.294812,0.883521,0.850144,0.941913,0.257140,0.118282,0.508441,3.133069,1.410123,3.449176,3.079986,1.253795,1.627286,0.000000,0.000000,0.000000,0.000000
0.851220,0.103792,0.675852,0.684307,0.338257,0.681264,0.574233,0.394433,0.716406,0.644117,2.732914,2.394188,1.638190,2.354041,2.665757,1.904985,0.000000,0.000000,0.000000,0.000000
0.385502,0.367290,0.640164,0.693178,0.185742,0.866073,0.609457,0.098729,0.050243,0.986445,2.582905,2.292012,2.418706,1.528647,2.739994,2.110226,0.000000,0.000000,0.000000,0.000000
0.372213,0.239390,0.854189,0.827215,0.261998,0.505582,0.072013,0.095731,0.521642,0.103302,2.231113,1.837188,1.676656,1.157197,2.817445,2.547008,0.000000,0.000000,0.000000,0.000000
0.361744,0.692508,0.917777,0.964827,0.164851,0.381918,0.515261,0.019706,0.723084,0.725708,2.330253,2.791309,2.467900,1.333276,3.740909,3.396457,0.000000,0.000000,0.000000,0.000000
0.212810,0.092851,0.542511,0.632978,0.386402,0.893418,0.826553,0.260044,0.282481,0.119000,2.686999,1.502054,2.048130,1.975164,1.830610,1.657756,0.000000,0.000000,0.000000,0.000000
0.902266,0.627707,0.756512,0.077554,0.728541,0.916873,0.764440,0.968855,0.368303,0.340439,3.586838,2.143995,3.556961,3.569461,1.954512,2.947802,0.000000,0.000000,0.000000,0.000000
0.528082,0.619616,0.935606,0.671127,0.467968,0.344629,0.153907,0.475257,0.271297,0.657627,2.444934,2.036135,2.499156,1.694170,2.635971,2.940035,0.000000,0.000000,0.000000,0.000000
0.226506,0.822172,0.281017,0.110691,0.123935,0.092554,0.324221,0.746157,0.612459,0.537254,1.317320,2.276486,2.660496,1.863132,1.776099,2.166586,0.000000,0.000000,0.000000,0.000000
0.200687,0.461361,0.764053,0.530521,0.379646,0.961916,0.287538,0.310867,0.875021,0.810808,2.681345,2.688777,2.956898,1.422402,3.040302,2.198190,0.000000,0.000000,0.000000,0.000000
0.010985,0.383787,0.968878,0.983315,0.756286,0.150753,0.366779,0.200695,0.108706,0.383967,1.971234,2.204033,2.342969,1.662371,3.019944,3.261829,0.000000,0.000000,0.000000,0.000000
0.415724,0.128618,0.473619,0.604989,0.698938,0.016641,0.867759,0.200922,0.298228,0.947616,2.207062,2.274764,1.745754,2.264422,2.550338,1.602499,0.000000,0.000000,0.000000,0.000000
0.943037,0.964314,0.513373,0.734759,0.672977,0.534830,0.070845,0.212779,0.097527,0.198824,2.359598,1.521611,3.534510,2.261574,1.759317,2.641535,0.000000,0.000000,0.000000,0.000000
0.216898,0.648098,0.729994,0.334397,0.889030,0.182289,0.540203,0.368421,0.716476,0.355789,1.841005,1.939301,3.092629,2.295136,2.302784,2.167351,0.000000,0.000000,0.000000,0.000000
0.464289,0.515978,0.429694,0.960236,0.311043,0.828529,0.155393,0.911050,0.423838,0.412067,2.218262,3.010838,2.697455,2.044641,2.522695,3.206287,0.000000,0.000000,0.000000,0.000000
0.830603,0.925330,0.845636,0.920507,0.526963,0.566306,0.583330,0.772020,0.867556,0.788185,2.843105,3.732295,3.309967,2.762439,3.748565,3.732611,0.000000,0.000000,0.000000,0.000000
0.807834,0.050007,0.913456,0.927415,0.439519,0.025398,0.262108,0.290882,0.435461,0.944483,2.646973,3.062801,1.293207,1.924090,3.863280,2.679455,0.000000,0.000000,0.000000,0.000000
0.444400,0.387017,0.678529,0.383196,0.645860,0.353906,0.056975,0.494907,0.025310,0.390986,1.949139,1.576880,2.235494,1.759920,1.565349,1.906244,0.000000,0.000000,0.000000,0.000000
0.300222,0.538528,0.884493,0.376894,0.381939,0.931464,0.943285,0.901280,0.419082,0.628990,3.682432,2.345934,3.031094,2.839408,2.411470,3.032383,0.000000,0.000000,0.000000,0.000000
0.983330,0.449714,0.917866,0.268697,0.215700,0.858143,0.299779,0.233168,0.037470,0.809137,3.465828,1.769529,2.577900,2.276019,2.327982,2.298148,0.000000,0.000000,0.000000,0.000000
0.843702,0.406759,0.894614,0.457040,0.124076,0.981340,0.341865,0.354249,0.875018,0.342112,3.602752,2.203580,2.773971,2.071933,2.784519,2.347383,0.000000,0.000000,0.000000,0.000000
0.114125,0.796904,0.465193,0.273152,0.097791,0.160220,0.097538,0.777521,0.918541,0.734799,1.334733,3.023545,2.607485,1.788613,2.446850,2.337654,0.000000,0.000000,0.000000,0.000000
0.257484,0.884385,0.341501,0.559874,0.593015,0.399386,0.083251,0.491972,0.733304,0.266526,1.437860,2.146896,3.184143,1.639643,2.030470,2.296252,0.000000,0.000000,0.000000,0.000000
0.966108,0.548198,0.336872,0.623278,0.694509,0.990746,0.466137,0.455750,0.935847,0.100319,3.099296,2.483483,3.551233,2.807420,2.291560,2.018046,0.000000,0.000000,0.000000,0.000000
0.362785,0.323357,0.033114,0.057968,0.516948,0.110662,0.040833,0.455933,0.938115,0.020985,1.365240,2.336013,1.915305,1.576762,1.939407,1.369966,0.000000,0.000000,0.000000,0.000000
0.796497,0.752144,0.425445,0.597542,0.522273,0.440234,0.350400,0.086689,0.104987,0.844609,2.077896,1.827714,2.862378,1.789175,2.008234,2.186264,0.000000,0.000000,0.000000,0.000000
0.401723,0.345762,0.000984,0.233631,0.325189,0.966223,0.878853,0.397630,0.861607,0.597624,2.900351,2.356419,2.699325,2.246025,2.001919,1.425344,0.000000,0.000000,0.000000,0.000000
0.013133,0.381128,0.213529,0.476136,0.138368,0.002531,0.618645,0.738815,0.921428,0.746528,1.205203,3.055283,1.781401,2.121905,2.385553,1.915518,0.000000,0.000000,0.000000,0.000000
0.668363,0.028902,0.642142,0.507022,0.000957,0.886056,0.985726,0.959426,0.212958,0.326107,3.720459,2.105542,1.753442,3.229644,1.766954,2.398073,0.000000,0.000000,0.000000,0.000000
0.908145,0.123670,0.597558,0.214764,0.988381,0.411314,0.761707,0.798105,0.849039,0.192798,2.671436,2.528266,2.293822,4.081603,2.217401,1.788899,0.000000,0.000000,0.000000,0.000000
0.938296,0.023542,0.396410,0.342179,0.603471,0.764609,0.560753,0.434639,0.308962,0.691694,2.641323,1.874741,1.858272,2.707785,1.735073,1.238608,0.000000,0.000000,0.000000,0.000000
0.936264,0.029091,0.212978,0.191992,0.764283,0.985936,0.115801,0.923574,0.946146,0.640761,2.940204,3.083206,2.600710,3.098911,2.167155,1.803204,0.000000,0.000000,0.000000,0.000000
0.052190,0.057050,0.212584,0.498300,0.531144,0.398533,0.449116,0.138926,0.681882,0.669864,1.201366,1.966122,1.459512,1.420362,2.052150,1.315332,0.000000,0.000000,0.000000,0.000000
0.591663,0.983744,0.329877,0.559092,0.406544,0.548465,0.897104,0.651993,0.980375,0.172563,2.513165,2.715974,3.297752,2.691227,2.264843,2.512930,0.000000,0.000000,0.000000,0.000000
0.584880,0.459696,0.655210,0.073037,0.753635,0.920722,0.657671,0.702756,0.742865,0.585973,2.981786,2.455836,3.267879,2.657950,2.290454,1.990216,0.000000,0.000000,0.000000,0.000000
0.677436,0.119627,0.945187,0.197926,0.289561,0.200561,0.600472,0.507214,0.275130,0.201780,2.708890,1.592661,1.331167,2.185699,2.177920,2.069398,0.000000,0.000000,0.000000,0.000000
0.634105,0.967210,0.734672,0.722392,0.346860,0.565462,0.485373,0.291002,0.679045,0.121812,2.410155,2.026239,3.235536,1.796031,2.595989,2.892766,0.000000,0.000000,0.000000,0.000000
0.049813,0.350716,0.790540,0.975154,0.922657,0.310187,0.047700,0.100998,0.853948,0.032783,1.704616,2.734518,2.582572,1.828101,3.406200,2.795794,0.000000,0.000000,0.000000,0.000000
0.838191,0.422776,0.423753,0.785355,0.466708,0.875387,0.187803,0.630036,0.065279,0.401493,2.689813,2.079437,2.734180,2.301632,1.755223,2.273215,0.000000,0.000000,0.000000,0.000000
0.923427,0.186064,0.896393,0.010943,0.228547,0.569695,0.670460,0.370244,0.013904,0.969568,3.113908,2.281890,1.609258,2.609911,2.701140,1.925245,0.000000,0.000000,0.000000,0.000000
0.833815,0.681145,0.556255,0.114663,0.621044,0.365688,0.398307,0.741557,0.354124,0.499213,2.217306,1.991545,2.796889,2.628674,1.727159,2.168807,0.000000,0.000000,0.000000,0.000000
0.661189,0.749806,0.664204,0.671427,0.664023,0.921036,0.563625,0.285047,0.836846,0.067558,2.984594,2.188900,3.721862,2.086188,2.580722,2.500247,0.000000,0.000000,0.000000,0.000000
0.584154,0.411357,0.071397,0.110640,0.125964,0.160998,0.710107,0.623876,0.577063,0.107574,1.847694,1.958272,1.842755,2.327713,1.583649,1.575456,0.000000,0.000000,0.000000,0.000000
0.803631,0.760086,0.408348,0.759675,0.372049,0.399497,0.227311,0.397252,0.140289,0.180154,2.036808,1.755832,2.722352,1.987086,1.746504,2.430188,0.000000,0.000000,0.000000,0.000000
0.520290,0.481877,0.028749,0.643507,0.157829,0.970409,0.504251,0.619149,0.904317,0.716885,2.499597,2.976842,2.902491,2.014882,2.435738,2.042956,0.000000,0.000000,0.000000,0.000000
0.604723,0.422814,0.695054,0.872980,0.418777,0.609238,0.418768,0.311453,0.249097,0.463102,2.344708,2.053608,2.247134,1.738717,2.443483,2.530098,0.000000,0.000000,0.000000,0.000000
0.908049,0.059460,0.955825,0.965472,0.653909,0.979976,0.587001,0.836044,0.643344,0.115159,3.881501,3.120338,2.487638,3.112188,3.457071,3.353396,0.000000,0.000000,0.000000,0.000000
0.754113,0.150179,0.675591,0.648961,0.346635,0.333550,0.301838,0.207451,0.152145,0.889349,2.255946,2.111391,1.457623,1.741849,2.507468,1.881537,0.000000,0.000000,0.000000,0.000000
0.167920,0.050981,0.892721,0.428626,0.985896,0.095866,0.127842,0.208032,0.155142,0.503643,1.966020,1.393606,2.074834,2.173878,2.095182,1.948030,0.000000,0.000000,0.000000,0.000000
0.547979,0.485060,0.469320,0.885252,0.941561,0.542622,0.686825,0.695774,0.071531,0.822746,2.150537,2.871959,3.016426,3.117998,2.443749,2.606459,0.000000,0.000000,0.000000,0.000000
0.073156,0.846072,0.019864,0.211264,0.576816,0.899883,0.023072,0.003974,0.050455,0.674478,1.802265,1.315346,3.753576,1.115598,1.267231,1.890712,0.000000,0.000000,0.000000,0.000000
0.281230,0.847063,0.388492,0.191709,0.554978,0.444067,0.184104,0.328223,0.012641,0.765766,1.520874,1.778778,3.089695,1.479224,1.514476,1.954055,0.000000,0.000000,0.000000,0.000000
0.515426,0.471125,0.802170,0.493779,0.381554,0.476733,0.445394,0.662973,0.144121,0.774041,2.306605,2.206949,2.196182,2.019474,2.266956,2.424308,0.000000,0.000000,0.000000,0.000000
0.054323,0.329874,0.771622,0.705859,0.309476,0.651480,0.776543,0.901199,0.605457,0.332668,2.289861,2.552832,2.032029,2.513551,2.564790,2.947138,0.000000,0.000000,0.000000,0.000000
0.389758,0.184570,0.174244,0.440934,0.056067,0.556441,0.912233,0.804465,0.272019,0.644280,2.284914,2.183699,1.544573,2.695853,1.560414,1.803105,0.000000,0.000000,0.000000,0.000000
0.813075,0.242340,0.113685,0.641342,0.848120,0.757814,0.309957,0.016531,0.962832,0.807579,2.270427,2.639451,2.639186,2.167523,2.664897,1.655129,0.000000,0.000000,0.000000,0.000000
0.558714,0.580992,0.132374,0.969249,0.236457,0.580715,0.103991,0.279607,0.690325,0.750570,1.772188,3.061546,2.413730,1.467957,2.935770,2.528867,0.000000,0.000000,0.000000,0.000000
0.807717,0.230490,0.502016,0.753581,0.979255,0.509042,0.373905,0.119013,0.296833,0.332035,2.211187,1.566222,2.551826,2.705343,1.988955,1.925094,0.000000,0.000000,0.000000,0.000000
0.453328,0.206093,0.237670,0.842073,0.366930,0.524121,0.324719,0.362779,0.874375,0.185042,1.664911,2.636450,1.690800,1.579510,2.529137,1.945925,0.000000,0.000000,0.000000,0.000000
0.030030,0.044826,0.280278,0.920677,0.616004,0.762909,0.848558,0.398648,0.909851,0.423124,2.071094,3.020733,1.913148,2.262715,2.800867,1.939745,0.000000,0.000000,0.000000,0.000000
0.449736,0.043990,0.237409,0.349945,0.929436,0.199632,0.974750,0.027211,0.328572,0.414447,2.416818,1.221355,1.959787,2.814554,1.457293,1.179833,0.000000,0.000000,0.000000,0.000000
0.266657,0.793581,0.865208,0.908123,0.224028,0.169918,0.062568,0.458992,0.859379,0.503495,2.020163,3.005274,2.642257,1.484386,3.421148,3.310334,0.000000,0.000000,0.000000,0.000000
0.039265,0.633160,0.161224,0.310941,0.377245,0.254883,0.017117,0.722014,0.738611,0.373853,1.081816,2.329160,2.425192,1.742621,1.814202,2.005793,0.000000,0.000000,0.000000,0.000000
0.459694,0.644192,0.477874,0.323556,0.525405,0.626614,0.883005,0.433628,0.902280,0.897220,2.542023,2.980961,2.810471,2.386672,2.812545,1.893366,0.000000,0.000000,0.000000,0.000000
0.516164,0.041746,0.606890,0.308331,0.096542,0.133336,0.239856,0.486894,0.677283,0.061372,1.890160,1.954876,1.095182,1.682031,2.074926,1.416541,0.000000,0.000000,0.000000,0.000000
0.422153,0.610457,0.356157,0.671174,0.882738,0.383115,0.119742,0.605324,0.543998,0.999135,1.605439,3.101591,3.056374,2.302090,2.969735,2.240371,0.000000,0.000000,0.000000,0.000000
0.816721,0.272215,0.685987,0.216801,0.653834,0.036289,0.743223,0.569054,0.081869,0.446546,2.592471,1.667009,1.971976,2.848970,1.602400,1.746890,0.000000,0.000000,0.000000,0.000000
0.474752,0.379989,0.967510,0.402383,0.976670,0.853863,0.675399,0.208632,0.289666,0.732790,3.241449,1.712249,3.336398,2.681695,2.579242,2.449460,0.000000,0.000000,0.000000,0.000000
0.587052,0.735762,0.152028,0.133725,0.280161,0.902677,0.997050,0.046035,0.887100,0.175034,3.333942,1.838663,3.285539,2.248620,1.913542,1.757162,0.000000,0.000000,0.000000,0.000000
0.850237,0.802701,0.419389,0.281567,0.024491,0.424747,0.146847,0.279763,0.488801,0.598370,2.103218,1.739220,2.682630,1.915966,1.815209,1.961872,0.000000,0.000000,0.000000,0.000000
0.631219,0.436877,0.993857,0.571856,0.734090,0.218911,0.237210,0.967021,0.563931,0.215986,2.632627,2.402057,2.423134,2.565191,2.740867,3.620047,0.000000,0.000000,0.000000,0.000000
0.819307,0.454560,0.723744,0.993468,0.531125,0.538608,0.827365,0.797712,0.787988,0.845297,2.967946,3.996753,2.347463,3.111792,3.802874,3.225575,0.000000,0.000000,0.000000,0.000000
0.718108,0.773205,0.682347,0.302003,0.914821,0.326100,0.775577,0.738289,0.742284,0.212293,2.580209,2.307161,3.417986,3.410520,2.237458,2.479212,0.000000,0.000000,0.000000,0.000000
0.415377,0.748351,0.264872,0.030243,0.607939,0.385904,0.234086,0.431008,0.156005,0.896409,1.546007,2.175655,2.923761,1.694069,1.871880,1.802358,0.000000,0.000000,0.000000,0.000000
0.768250,0.094723,0.685241,0.871577,0.984601,0.289607,0.406909,0.005411,0.817930,0.680554,2.289511,2.566685,2.183175,2.564225,3.164088,2.176129,0.000000,0.000000,0.000000,0.000000
0.018097,0.395110,0.994905,0.795575,0.486345,0.293696,0.255430,0.611674,0.593320,0.409627,2.037523,2.433047,2.052084,1.732871,3.114861,3.152825,0.000000,0.000000,0.000000,0.000000
0.978169,0.306796,0.572867,0.889068,0.673991,0.363934,0.710422,0.426185,0.164844,0.218623,2.609269,2.088606,2.116057,3.073166,2.198062,2.318230,0.000000,0.000000,0.000000,0.000000
0.654068,0.619818,0.175454,0.929929,0.709750,0.642220,0.612806,0.367432,0.994704,0.976499,2.090757,4.035833,3.008262,2.276536,3.738918,2.508214,0.000000,0.000000,0.000000,0.000000
0.632427,0.249299,0.102903,0.097490,0.782245,0.667887,0.510230,0.166853,0.213630,0.798711,2.008717,1.722111,2.408430,2.054565,1.632113,1.260668,0.000000,0.000000,0.000000,0.000000
0.787806,0.966982,0.028570,0.195139,0.442042,0.792799,0.226702,0.483325,0.552882,0.544282,2.289562,1.951693,3.627663,2.061844,1.648889,2.059655,0.000000,0.000000,0.000000,0.000000
0.813406,0.122851,0.731306,0.590950,0.061303,0.004761,0.805351,0.433151,0.514543,0.122180,2.768885,1.821685,1.249461,2.619929,2.255948,1.898384,0.000000,0.000000,0.000000,0.000000
0.962632,0.209653,0.633104,0.429231,0.188390,0.275377,0.330093,0.990611,0.880423,0.758377,2.396208,3.235868,1.475679,2.992864,2.691105,2.610621,0.000000,0.000000,0.000000,0.000000
0.917604,0.597504,0.408176,0.814517,0.991932,0.994030,0.875364,0.649964,0.596451,0.674346,3.653566,2.752524,4.161133,4.156963,2.510233,2.507415,0.000000,0.000000,0.000000,0.000000
0.837892,0.748300,0.331882,0.406172,0.687982,0.429550,0.096671,0.980816,0.008920,0.600365,2.027382,2.224507,3.049176,2.802444,1.315989,2.875276,0.000000,0.000000,0.000000,0.000000
0.785582,0.234502,0.491868,0.190058,0.881322,0.514438,0.762836,0.601104,0.563997,0.488446,2.502289,2.037034,2.381877,3.271142,1.869716,1.520180,0.000000,0.000000,0.000000,0.000000
0.883714,0.347616,0.792992,0.665227,0.293864,0.082095,0.653415,0.956945,0.503214,0.293598,2.695391,2.431308,1.782141,3.081490,2.433862,3.127392,0.000000,0.000000,0.000000,0.000000
0.412515,0.019461,0.406591,0.447506,0.374648,0.656490,0.102079,0.780344,0.493379,0.372530,1.860874,2.115572,1.462217,1.880663,1.767573,1.657743,0.000000,0.000000,0.000000,0.000000
0.835049,0.524865,0.680499,0.233470,0.571737,0.580770,0.666979,0.634296,0.790343,0.178348,2.691920,2.267582,2.572504,2.768296,2.267160,2.056370,0.000000,0.000000,0.000000,0.000000
0.632966,0.313917,0.198609,0.150539,0.586055,0.056249,0.353380,0.507204,0.196617,0.404578,1.688184,1.612599,1.971472,2.003641,1.266267,1.410594,0.000000,0.000000,0.000000,0.000000
0.708418,0.373841,0.996726,0.212747,0.513122,0.505066,0.125588,0.517260,0.392598,0.387807,2.830969,1.731766,2.139815,1.957881,2.418309,2.480901,0.000000,0.000000,0.000000,0.000000
0.180895,0.347539,0.980699,0.369463,0.933484,0.021683,0.154322,0.191010,0.244682,0.210738,2.143244,1.278871,2.566481,1.980068,2.258858,2.428582,0.000000,0.000000,0.000000,0.000000
0.310912,0.706602,0.206875,0.104180,0.860369,0.499637,0.734670,0.334631,0.571101,0.014723,1.769756,1.660908,3.278166,2.452374,1.615029,1.738848,0.000000,0.000000,0.000000,0.000000
0.347080,0.154865,0.958325,0.816022,0.770283,0.028370,0.071128,0.819795,0.509896,0.782298,2.265515,3.001960,1.903089,2.218713,3.346197,3.152540,0.000000,0.000000,0.000000,0.000000
0.992777,0.357158,0.882997,0.690799,0.448457,0.824732,0.916198,0.512967,0.148935,0.881726,4.038052,2.448361,2.476399,3.371318,2.862684,2.592061,0.000000,0.000000,0.000000,0.000000
0.909911,0.770533,0.844036,0.128042,0.217980,0.295583,0.303486,0.313858,0.644642,0.511956,2.656616,1.863874,2.614406,2.161570,2.427835,2.397920,0.000000,0.000000,0.000000,0.000000
0.075984,0.280153,0.362610,0.123933,0.064050,0.622791,0.728654,0.790546,0.804660,0.589694,1.730924,2.643320,1.805970,2.321938,2.058973,1.733771,0.000000,0.000000,0.000000,0.000000
0.864015,0.706726,0.593832,0.244826,0.223270,0.098198,0.593939,0.554532,0.968050,0.072851,2.342040,2.495632,2.464248,2.554785,2.335390,2.070632,0.000000,0.000000,0.000000,0.000000
0.523763,0.866480,0.569711,0.710045,0.920312,0.222195,0.990728,0.517303,0.808227,0.184034,2.822729,2.430947,3.590903,3.359893,2.491923,2.627166,0.000000,0.000000,0.000000,0.000000
0.522434,0.319251,0.070803,0.823574,0.824171,0.383547,0.652673,0.011167,0.164553,0.755228,1.765331,1.929059,2.374184,2.041133,2.053496,1.997880,0.000000,0.000000,0.000000,0.000000
0.702457,0.528919,0.859009,0.006766,0.483781,0.988173,0.177002,0.228800,0.721733,0.498258,3.406272,1.873396,3.256820,1.661531,2.521262,2.165564,0.000000,0.000000,0.000000,0.000000
0.846773,0.108445,0.907189,0.534308,0.226568,0.036015,0.457065,0.427876,0.925822,0.293625,2.713454,2.391839,1.268270,2.246576,2.908784,2.174056,0.000000,0.000000,0.000000,0.000000
0.611426,0.649409,0.282932,0.693472,0.185105,0.495540,0.943105,0.361649,0.465894,0.475408,2.604278,1.917422,2.454766,2.480847,1.930520,2.170067,0.000000,0.000000,0.000000,0.000000
0.188303,0.557386,0.233128,0.471878,0.794048,0.169147,0.240624,0.939374,0.774974,0.162598,1.250844,2.593839,2.750122,2.401496,1.935094,2.571396,0.000000,0.000000,0.000000,0.000000
0.004674,0.422697,0.992171,0.965875,0.950780,0.734334,0.874850,0.363936,0.377210,0.412702,2.970844,2.446847,3.145363,2.946482,3.291704,3.349852,0.000000,0.000000,0.000000,0.000000
0.204100,0.023241,0.604054,0.464527,0.433707,0.381027,0.529915,0.036990,0.781851,0.962866,1.703154,2.587528,1.289902,1.361685,3.106506,1.459436,0.000000,0.000000,0.000000,0.000000
0.681549,0.207879,0.811361,0.695110,0.994000,0.520002,0.290272,0.482347,0.950491,0.301054,2.487564,2.646526,2.544403,2.859404,2.952873,2.279311,0.000000,0.000000,0.000000,0.000000
0.955196,0.241509,0.896281,0.109135,0.013133,0.020600,0.861559,0.257134,0.119063,0.381206,3.309510,1.326847,1.483200,2.870937,1.944799,1.977791,0.000000,0.000000,0.000000,0.000000
0.922213,0.918417,0.278479,0.842425,0.110187,0.135115,0.299834,0.590347,0.472917,0.017593,2.010312,2.317649,2.851441,2.464715,2.148321,2.771152,0.000000,0.000000,0.000000,0.000000
0.105148,0.363031,0.826518,0.297477,0.483934,0.094680,0.085965,0.805882,0.676528,0.692108,1.789183,2.602933,1.961102,1.869280,2.615439,2.437923,0.000000,0.000000,0.000000,0.000000
0.373991,0.515203,0.296420,0.125747,0.373761,0.685536,0.897265,0.452258,0.204907,0.539797,2.432190,1.651781,2.492276,2.329167,1.379663,1.598895,0.000000,0.000000,0.000000,0.000000
0.110115,0.809542,0.124186,0.722866,0.938594,0.344941,0.862732,0.128884,0.181239,0.058934,1.720572,1.434980,3.541086,2.650614,1.574397,2.334269,0.000000,0.000000,0.000000,0.000000
0.203515,0.725131,0.346888,0.049162,0.169240,0.402402,0.880595,0.379402,0.532684,0.469997,1.990324,1.766982,2.544064,2.164099,1.701930,1.790010,0.000000,0.000000,0.000000,0.000000
0.974116,0.832838,0.513369,0.746535,0.073800,0.190943,0.702896,0.421416,0.735517,0.942777,2.488723,3.110966,2.678083,2.839847,3.205134,2.556987,0.000000,0.000000,0.000000,0.000000
0.987110,0.879111,0.465308,0.261728,0.074784,0.648625,0.893146,0.070053,0.047069,0.228983,3.112850,1.088967,3.036701,2.829622,1.284259,2.048382,0.000000,0.000000,0.000000,0.000000
0.704589,0.693138,0.314326,0.878615,0.936737,0.396247,0.475641,0.250352,0.401768,0.612759,1.916788,2.237773,3.325968,2.596342,2.319808,2.500086,0.000000,0.000000,0.000000,0.000000
0.083929,0.334708,0.901372,0.072123,0.017392,0.387801,0.966476,0.055349,0.991159,0.022558,2.827219,2.037783,1.728039,1.990016,2.804005,2.072257,0.000000,0.000000,0.000000,0.000000
0.433524,0.671359,0.048316,0.317070,0.770629,0.206013,0.818105,0.651225,0.034987,0.609125,1.892559,1.888561,2.945330,2.754680,1.206863,1.951861,0.000000,0.000000,0.000000,0.000000
0.267675,0.003426,0.790463,0.968498,0.566050,0.576203,0.907847,0.952055,0.061148,0.919284,2.763094,3.612485,1.518569,2.898083,3.308583,3.256896,0.000000,0.000000,0.000000,0.000000
0.872500,0.899341,0.886709,0.006605,0.776625,0.360558,0.462550,0.802881,0.961159,0.407327,2.751402,2.794290,3.448701,3.044814,2.774941,3.012095,0.000000,0.000000,0.000000,0.000000
0.541161,0.081164,0.128255,0.482532,0.159693,0.205553,0.188045,0.942491,0.382054,0.318163,1.567546,2.174877,1.196516,2.136985,1.521102,2.105170,0.000000,0.000000,0.000000,0.000000
0.045373,0.807606,0.448106,0.941960,0.797565,0.947877,0.564521,0.415742,0.471871,0.157184,2.199373,2.429570,4.102964,2.139155,2.509072,2.814749,0.000000,0.000000,0.000000,0.000000
0.450074,0.905611,0.822967,0.971799,0.852185,0.372763,0.120057,0.764484,0.610275,0.958968,2.179352,3.910685,3.589237,2.397461,4.051011,3.748944,0.000000,0.000000,0.000000,0.000000
0.334565,0.862027,0.479201,0.654553,0.616465,0.444453,0.557358,0.245603,0.372986,0.922902,1.748497,2.354363,3.191881,1.738123,2.608532,2.404146,0.000000,0.000000,0.000000,0.000000
0.920028,0.082784,0.536159,0.325765,0.778613,0.236543,0.137449,0.226825,0.408655,0.706871,2.221086,1.758285,1.785041,2.392001,1.980359,1.345681,0.000000,0.000000,0.000000,0.000000
0.520394,0.100228,0.782643,0.916378,0.738305,0.171061,0.328792,0.813051,0.258324,0.473869,2.149616,2.691370,1.750556,2.359212,2.690806,2.856358,0.000000,0.000000,0.000000,0.000000
0.324847,0.285606,0.383229,0.521358,0.623423,0.916672,0.121207,0.365894,0.149342,0.887678,2.242195,2.161546,2.730136,1.565918,2.058820,1.631627,0.000000,0.000000,0.000000,0.000000
0.322139,0.246599,0.253692,0.317898,0.940730,0.183821,0.910706,0.009641,0.614690,0.503605,2.080589,1.525421,2.384381,2.655632,1.775498,1.363985,0.000000,0.000000,0.000000,0.000000
0.666203,0.289966,0.642286,0.190238,0.563174,0.178271,0.659919,0.312908,0.843277,0.283004,2.274053,2.048001,1.902763,2.144673,2.269108,1.600706,0.000000,0.000000,0.000000,0.000000
0.652829,0.506558,0.689661,0.185122,0.468429,0.988058,0.461711,0.052921,0.122498,0.882969,3.138507,1.757494,3.197143,1.592472,2.212304,1.868862,0.000000,0.000000,0.000000,0.000000
0.566492,0.537832,0.870824,0.853415,0.714516,0.437761,0.919411,0.351125,0.888892,0.171395,3.123274,2.676733,2.670087,2.638879,3.269645,2.941724,0.000000,0.000000,0.000000,0.000000
0.513158,0.635767,0.102824,0.524366,0.017394,0.063870,0.779177,0.480562,0.584672,0.518106,1.892583,2.037083,2.272098,2.222810,1.811481,1.965147,0.000000,0.000000,0.000000,0.000000
0.371823,0.435322,0.481585,0.400415,0.940397,0.198071,0.717978,0.453173,0.008558,0.583083,1.877250,1.677192,2.762761,2.802140,1.420272,1.749520,0.000000,0.000000,0.000000,0.000000
0.700454,0.428700,0.635776,0.290394,0.688290,0.229916,0.956122,0.506804,0.719933,0.938167,2.952524,2.857953,2.343296,2.989074,2.923308,1.835988,0.000000,0.000000,0.000000,0.000000
0.384451,0.679048,0.794362,0.745461,0.278016,0.110224,0.481520,0.609006,0.889099,0.574601,2.070561,2.898033,2.436727,1.903664,3.043382,2.873569,0.000000,0.000000,0.000000,0.000000
0.428002,0.702692,0.086553,0.035373,0.433559,0.712737,0.678647,0.120200,0.946741,0.836951,2.009677,2.602792,2.955423,1.694500,2.444958,1.704800,0.000000,0.000000,0.000000,0.000000
0.156101,0.343510,0.662134,0.056011,0.175702,0.550357,0.079994,0.138280,0.748777,0.618433,1.761263,1.935482,1.884591,1.149436,2.333649,1.637307,0.000000,0.000000,0.000000,0.000000
0.875402,0.564820,0.985535,0.519629,0.060431,0.957182,0.988565,0.442600,0.526844,0.604840,4.678689,2.014342,3.010259,3.090720,2.772264,2.830440,0.000000,0.000000,0.000000,0.000000
0.713426,0.243741,0.854796,0.883295,0.569368,0.844594,0.518583,0.758499,0.872009,0.222474,3.118907,3.138638,2.414144,2.495637,3.294291,2.979525,0.000000,0.000000,0.000000,0.000000
0.296090,0.887619,0.095882,0.725764,0.920981,0.010982,0.237014,0.889118,0.038951,0.000854,1.308440,2.168083,3.623447,2.690706,1.430428,3.040173,0.000000,0.000000,0.000000,0.000000
0.981123,0.478062,0.076826,0.142082,0.384545,0.317244,0.439034,0.286706,0.562124,0.124299,2.056107,1.605017,2.135927,2.445755,1.571133,1.505459,0.000000,0.000000,0.000000,0.000000
0.753445,0.073154,0.518043,0.534989,0.021590,0.274403,0.364514,0.150884,0.556424,0.053758,2.060130,1.542565,1.167435,1.711469,1.977922,1.498911,0.000000,0.000000,0.000000,0.000000
0.644662,0.542927,0.060080,0.543295,0.703309,0.207710,0.095504,0.855777,0.916296,0.597103,1.657316,2.995387,2.589458,2.377484,2.207385,2.374656,0.000000,0.000000,0.000000,0.000000
0.157019,0.472347,0.883125,0.268661,0.638219,0.676858,0.939810,0.468001,0.140730,0.061242,3.027140,1.493246,2.662111,2.521029,1.940046,2.281255,0.000000,0.000000,0.000000,0.000000
0.219369,0.917014,0.919737,0.523300,0.589414,0.599036,0.791578,0.572295,0.363340,0.617964,2.672866,2.015289,3.396398,2.330140,2.498389,3.076148,0.000000,0.000000,0.000000,0.000000
0.998995,0.497329,0.528194,0.340588,0.034242,0.608065,0.743365,0.048504,0.534456,0.273961,2.808169,1.368166,2.220658,2.598085,1.858587,1.760695,0.000000,0.000000,0.000000,0.000000
0.227534,0.350884,0.558146,0.544014,0.853571,0.791800,0.120568,0.960573,0.469187,0.881293,2.035690,2.952778,2.926769,2.517722,2.544945,2.672090,0.000000,0.000000,0.000000,0.000000
0.326469,0.742792,0.317862,0.372844,0.697026,0.837716,0.904332,0.342817,0.024404,0.374408,2.684210,1.415223,3.559311,2.431475,1.196921,1.927732,0.000000,0.000000,0.000000,0.000000
0.470948,0.552915,0.316495,0.331328,0.259009,0.285586,0.379535,0.073903,0.340457,0.430539,1.615159,1.281672,2.196207,1.326903,1.511359,1.694425,0.000000,0.000000,0.000000,0.000000
0.026558,0.242926,0.360071,0.684883,0.787291,0.939678,0.043725,0.143365,0.950364,0.524326,1.985943,2.410724,2.935407,1.529480,2.476849,1.759096,0.000000,0.000000,0.000000,0.000000
0.628027,0.968348,0.667614,0.494737,0.660879,0.411368,0.533263,0.770268,0.044722,0.218924,2.224214,1.842670,3.443071,2.493102,1.613822,2.862694,0.000000,0.000000,0.000000,0.000000
0.168757,0.641705,0.046805,0.662806,0.778211,0.780107,0.682306,0.274285,0.233260,0.976431,1.862424,2.452635,3.363770,2.111399,2.435632,2.086779,0.000000,0.000000,0.000000,0.000000
0.942686,0.838347,0.661319,0.164942,0.368205,0.712162,0.976299,0.433072,0.931723,0.844562,3.649732,2.904333,3.173459,3.242335,2.882330,2.189952,0.000000,0.000000,0.000000,0.000000
0.908182,0.535303,0.421792,0.748584,0.272862,0.193794,0.387074,0.379907,0.286614,0.291253,2.115817,1.800785,2.152338,2.284341,1.891208,2.191552,0.000000,0.000000,0.000000,0.000000
0.717988,0.107672,0.570855,0.068118,0.920320,0.684707,0.361695,0.345945,0.477774,0.847008,2.381986,2.181898,2.383340,2.564287,2.318662,1.312663,0.000000,0.000000,0.000000,0.000000
0.189980,0.409239,0.493820,0.913558,0.297470,0.423258,0.444380,0.200649,0.506933,0.856203,1.548660,2.781838,1.982793,1.412810,3.050649,2.365871,0.000000,0.000000,0.000000,0.000000
0.630395,0.176282,0.078712,0.936743,0.995282,0.160479,0.129823,0.393899,0.993083,0.983485,1.641007,4.101362,2.347281,2.642530,3.756814,2.078329,0.000000,0.000000,0.000000,0.000000
0.813571,0.352691,0.157719,0.976486,0.012555,0.038691,0.215907,0.094322,0.133308,0.128065,1.840677,2.023402,1.705598,1.679438,2.089555,2.310218,0.000000,0.000000,0.000000,0.000000
0.437164,0.534280,0.917089,0.217833,0.728559,0.248736,0.658058,0.493653,0.764475,0.283197,2.481129,2.103040,2.614748,2.291989,2.622296,2.412437,0.000000,0.000000,0.000000,0.000000
0.584082,0.682028,0.509268,0.435301,0.508584,0.315861,0.448659,0.466944,0.652167,0.052398,1.915468,1.928315,2.654227,1.934403,1.994013,2.051136,0.000000,0.000000,0.000000,0.000000
0.976823,0.154175,0.252546,0.848526,0.169205,0.665744,0.467172,0.078904,0.520082,0.558784,2.383303,2.042258,1.632048,2.230043,2.292290,1.890318,0.000000,0.000000,0.000000,0.000000
0.370792,0.281602,0.637183,0.722137,0.216340,0.546729,0.735818,0.166995,0.094627,0.143635,2.233365,1.450856,1.773433,1.761593,1.877637,2.062561,0.000000,0.000000,0.000000,0.000000
0.900155,0.119447,0.645556,0.783520,0.769012,0.150937,0.397231,0.188648,0.905961,0.561037,2.345234,2.562884,1.833712,2.425547,2.902784,2.003647,0.000000,0.000000,0.000000,0.000000
0.827770,0.324719,0.833221,0.955654,0.064717,0.723952,0.030404,0.875777,0.696584,0.635394,2.901456,3.451602,2.033055,2.443909,3.426611,3.404731,0.000000,0.000000,0.000000,0.000000
0.373175,0.422068,0.560173,0.085558,0.460428,0.472042,0.394143,0.974183,0.707906,0.149129,1.816284,2.478684,2.161312,2.226441,2.022821,2.505829,0.000000,0.000000,0.000000,0.000000
0.167382,0.242803,0.291633,0.230222,0.794797,0.100679,0.472371,0.682612,0.175550,0.694928,1.303241,2.051836,2.118329,2.309484,1.506018,1.537726,0.000000,0.000000,0.000000,0.000000
0.260060,0.329801,0.846069,0.549953,0.998268,0.779288,0.147463,0.397608,0.438089,0.274092,2.449621,1.701596,3.129395,2.430029,2.325899,2.262887,0.000000,0.000000,0.000000,0.000000
0.370761,0.566810,0.747217,0.578642,0.556399,0.589270,0.586881,0.986904,0.123712,0.142974,2.252344,2.117240,2.647818,2.478139,1.876208,3.267468,0.000000,0.000000,0.000000,0.000000
0.562785,0.193758,0.742568,0.588949,0.946812,0.182488,0.361831,0.805374,0.110759,0.810776,2.137411,2.470922,2.290045,2.918172,2.298568,2.370792,0.000000,0.000000,0.000000,0.000000
0.696371,0.470546,0.304590,0.906259,0.221876,0.695606,0.487396,0.715777,0.585912,0.713300,2.182160,3.096537,2.326902,2.293449,2.681877,2.582599,0.000000,0.000000,0.000000,0.000000
0.371948,0.207478,0.357835,0.712244,0.794930,0.538096,0.981297,0.848517,0.131459,0.959218,2.583058,3.005719,2.202674,3.262232,2.467404,2.278962,0.000000,0.000000,0.000000,0.000000
0.132206,0.096374,0.533972,0.490072,0.135348,0.166352,0.171186,0.846762,0.261736,0.973312,1.422795,2.895004,1.215671,1.878713,2.562009,2.002893,0.000000,0.000000,0.000000,0.000000
0.709162,0.239679,0.589637,0.529790,0.580829,0.631577,0.647682,0.119508,0.107133,0.559855,2.484737,1.385245,2.068650,2.009459,1.701748,1.725560,0.000000,0.000000,0.000000,0.000000
0.423261,0.672741,0.524702,0.151171,0.063723,0.294355,0.200425,0.607169,0.931099,0.033019,1.725691,2.474673,2.375046,1.723183,2.209867,1.975956,0.000000,0.000000,0.000000,0.000000
0.807016,0.322938,0.254264,0.153560,0.606291,0.032071,0.638193,0.465896,0.839108,0.222906,2.037585,2.181629,2.013497,2.533898,1.909848,1.410071,0.000000,0.000000,0.000000,0.000000
0.115778,0.343850,0.130882,0.218334,0.526608,0.448116,0.499232,0.844152,0.151883,0.237902,1.285010,1.882957,2.055002,2.171840,1.182624,1.901550,0.000000,0.000000,0.000000,0.000000
0.724580,0.841461,0.420799,0.920890,0.931163,0.406084,0.921110,0.421229,0.279169,0.647943,2.688473,2.490358,3.616952,3.401889,2.413447,2.795493,0.000000,0.000000,0.000000,0.000000
0.245747,0.463421,0.814997,0.619145,0.061360,0.351074,0.218217,0.949125,0.297660,0.003540,1.955505,2.184677,1.973878,2.011599,2.199223,3.199609,0.000000,0.000000,0.000000,0.000000
0.743496,0.060926,0.333720,0.646038,0.905192,0.367804,0.329116,0.281594,0.647096,0.072137,1.916354,1.874897,1.990982,2.472277,2.028126,1.521746,0.000000,0.000000,0.000000,0.000000
0.976658,0.070459,0.604962,0.131986,0.512321,0.094980,0.599778,0.901860,0.107227,0.559714,2.472902,2.089008,1.404248,3.262081,1.573649,1.970822,0.000000,0.000000,0.000000,0.000000
0.409859,0.397715,0.081521,0.981897,0.390886,0.231885,0.846419,0.581840,0.635229,0.534175,1.942239,3.067308,1.960690,2.390460,2.669963,2.476985,0.000000,0.000000,0.000000,0.000000
0.986013,0.596288,0.136821,0.956084,0.612224,0.256100,0.207125,0.276941,0.836114,0.620100,2.023370,3.050045,2.584190,2.418953,2.876647,2.518829,0.000000,0.000000,0.000000,0.000000
0.329899,0.453663,0.354956,0.960897,0.004630,0.153988,0.690579,0.647858,0.154511,0.231459,1.686976,2.536657,1.911000,2.160660,2.170593,2.597873,0.000000,0.000000,0.000000,0.000000
0.093719,0.904697,0.266496,0.273289,0.610854,0.149748,0.915973,0.977057,0.013493,0.078915,1.872030,1.983309,3.185896,2.956123,1.104963,2.909649,0.000000,0.000000,0.000000,0.000000
0.128377,0.532289,0.963360,0.569246,0.273447,0.495972,0.422031,0.597240,0.037885,0.088064,2.210166,1.704360,2.261355,1.783056,2.150466,2.877619,0.000000,0.000000,0.000000,0.000000
0.193404,0.568700,0.956845,0.911355,0.702255,0.592272,0.243027,0.658648,0.782353,0.539320,2.320206,3.117437,2.838324,1.968153,3.539451,3.463508,0.000000,0.000000,0.000000,0.000000
0.958451,0.118675,0.530619,0.300040,0.430856,0.992274,0.821506,0.018459,0.875602,0.102830,3.672461,1.794329,2.399988,2.608254,2.184281,1.358099,0.000000,0.000000,0.000000,0.000000
0.347402,0.819987,0.843639,0.489711,0.863815,0.890920,0.094344,0.704423,0.385303,0.379316,2.766367,1.964970,4.093307,2.312030,2.235173,2.906471,0.000000,0.000000,0.000000,0.000000
0.063843,0.284977,0.142125,0.136614,0.815048,0.911674,0.637446,0.575609,0.681365,0.175200,2.006891,2.045593,2.991995,2.423505,1.705057,1.416288,0.000000,0.000000,0.000000,0.000000
0.086250,0.332113,0.893781,0.452652,0.439866,0.774117,0.129621,0.803569,0.069427,0.506417,2.349273,1.980245,2.321603,1.858447,2.026788,2.667957,0.000000,0.000000,0.000000,0.000000
0.260341,0.920322,0.196596,0.622936,0.020334,0.811518,0.185912,0.469342,0.648176,0.375305,1.834620,2.092921,3.375491,1.521551,1.948397,2.364494,0.000000,0.000000,0.000000,0.000000
0.150472,0.716862,0.859822,0.185509,0.620812,0.393038,0.751582,0.393507,0.472755,0.098664,2.269567,1.619149,2.879847,2.110328,2.218528,2.410915,0.000000,0.000000,0.000000,0.000000
0.179766,0.364446,0.637877,0.105511,0.572264,0.856573,0.706418,0.361525,0.594528,0.766574,2.464163,2.165579,2.684860,1.973608,2.347906,1.652204,0.000000,0.000000,0.000000,0.000000
0.273810,0.118632,0.881924,0.258318,0.117381,0.742166,0.119599,0.201567,0.335244,0.663359,2.460598,1.610317,1.659835,1.236589,2.323911,1.872963,0.000000,0.000000,0.000000,0.000000
0.746268,0.287849,0.225985,0.300177,0.955783,0.096245,0.454657,0.392871,0.220435,0.520572,1.840959,1.590654,2.490110,2.849713,1.371990,1.413319,0.000000,0.000000,0.000000,0.000000
0.439754,0.884239,0.496435,0.422505,0.125825,0.276888,0.406702,0.729653,0.212382,0.654911,1.734789,2.087522,2.805539,1.980351,1.718213,2.468538,0.000000,0.000000,0.000000,0.000000
0.124581,0.528059,0.437801,0.223794,0.918277,0.425673,0.136201,0.690541,0.914892,0.663046,1.393726,2.821571,2.976483,2.422068,2.311045,1.889439,0.000000,0.000000,0.000000,0.000000
0.239114,0.733629,0.928993,0.929853,0.836913,0.045656,0.604456,0.446789,0.761280,0.091580,2.235729,2.774684,3.167777,2.316420,3.428353,3.439850,0.000000,0.000000,0.000000,0.000000
0.368144,0.922554,0.087684,0.968289,0.172324,0.322609,0.847313,0.968562,0.358191,0.054040,1.924844,2.976085,2.908379,2.737276,2.273741,3.740865,0.000000,0.000000,0.000000,0.000000
0.788279,0.984830,0.401690,0.804162,0.565023,0.196291,0.406783,0.073727,0.549917,0.081510,1.984578,1.794868,3.296473,1.830943,2.231349,2.696351,0.000000,0.000000,0.000000,0.000000
0.908074,0.855395,0.541737,0.701309,0.357707,0.059338,0.854523,0.833706,0.015826,0.683940,2.734968,2.395786,2.838952,3.329084,1.873045,2.989333,0.000000,0.000000,0.000000,0.000000
0.371395,0.083305,0.526111,0.723501,0.554843,0.394150,0.925080,0.476336,0.084521,0.005182,2.441770,1.757485,1.535692,2.478110,1.740034,1.803865,0.000000,0.000000,0.000000,0.000000
0.043618,0.908121,0.625713,0.732879,0.218154,0.950907,0.184067,0.543303,0.831431,0.304178,2.296115,2.551213,3.723665,1.579531,2.625147,2.777340,0.000000,0.000000,0.000000,0.000000
0.107353,0.004701,0.573809,0.677942,0.926322,0.336420,0.109170,0.666999,0.647924,0.756839,1.474828,2.731563,1.905550,2.416441,2.616873,1.851162,0.000000,0.000000,0.000000,0.000000
