0.553533,0.937812,0.776026,0.219611,0.007750,0.903243,0.834092,0.337246,0.984808,0.805536,3.548427,2.440734,3.096045,2.957580,2.958053,3.384371,3.221348,0.000000,0.000000,0.000000
0.765655,0.780966,0.535409,0.299267,0.156882,0.297589,0.181716,0.584358,0.111175,0.922551,1.921579,2.406772,1.761093,1.643077,3.168768,2.530135,1.993763,0.000000,0.000000,0.000000
0.787217,0.198269,0.797832,0.667211,0.979086,0.198228,0.752309,0.706824,0.195494,0.907388,2.881329,3.101008,2.577080,2.637848,2.771806,2.654698,2.389310,0.000000,0.000000,0.000000
0.783315,0.645904,0.673649,0.918034,0.450734,0.804741,0.371626,0.603772,0.500703,0.167400,2.353765,2.426514,2.508641,2.323706,2.915488,2.525285,2.767577,0.000000,0.000000,0.000000
0.929953,0.310740,0.970262,0.034838,0.493885,0.330759,0.787636,0.070417,0.557159,0.483440,3.662225,1.736965,2.554692,1.552551,2.139501,3.324784,1.683328,0.000000,0.000000,0.000000
0.602954,0.575115,0.286109,0.887822,0.472535,0.768390,0.123087,0.853276,0.478197,0.162727,1.562352,2.308221,2.452265,2.654273,2.559323,1.957361,2.619333,0.000000,0.000000,0.000000
0.350423,0.481595,0.073000,0.450926,0.249281,0.157250,0.377475,0.883342,0.873676,0.610051,2.083303,1.766924,1.961883,2.535676,1.850739,1.603048,2.304659,0.000000,0.000000,0.000000
0.517271,0.090757,0.733024,0.663093,0.080769,0.735872,0.621008,0.144882,0.018857,0.506074,2.282448,1.628505,2.214598,1.757390,1.848448,2.068105,1.881391,0.000000,0.000000,0.000000
0.020638,0.433509,0.399475,0.437948,0.146443,0.835676,0.700292,0.742435,0.696036,0.851558,1.999174,1.990909,2.809685,2.624734,1.862863,1.512817,2.993043,0.000000,0.000000,0.000000
0.487096,0.037519,0.901520,0.441669,0.637089,0.473658,0.357358,0.295374,0.672209,0.227326,2.531501,1.774925,2.225906,2.023669,1.538304,2.237512,1.929362,0.000000,0.000000,0.000000
0.584535,0.423919,0.081787,0.724209,0.477397,0.890863,0.741147,0.820039,0.593088,0.167765,2.207106,1.917669,3.020832,2.795860,2.044042,2.066518,2.752149,0.000000,0.000000,0.000000
0.278414,0.214689,0.585168,0.387569,0.192754,0.585268,0.974890,0.481544,0.864493,0.219781,2.811309,1.301399,2.867880,2.382844,1.357685,2.428159,2.142652,0.000000,0.000000,0.000000
0.866525,0.151464,0.318650,0.780498,0.539904,0.030871,0.072348,0.281309,0.265407,0.511263,1.860531,2.277281,1.292951,1.272348,2.394202,1.921849,2.008223,0.000000,0.000000,0.000000
0.585440,0.601216,0.587904,0.062088,0.693540,0.838118,0.288745,0.557884,0.605047,0.607408,1.968699,2.193377,2.403862,2.616960,2.171015,2.157049,2.326428,0.000000,0.000000,0.000000
0.828825,0.038304,0.163658,0.555172,0.372589,0.504647,0.709408,0.139156,0.531173,0.823496,2.480348,2.221849,1.751559,1.655341,2.483739,2.087946,2.462694,0.000000,0.000000,0.000000
0.560115,0.573612,0.536112,0.727429,0.563077,0.791353,0.417708,0.285214,0.595665,0.734232,2.011419,2.595355,2.066944,2.177122,2.564970,2.073677,2.912816,0.000000,0.000000,0.000000
0.931054,0.153772,0.047371,0.861303,0.329118,0.441503,0.094228,0.551679,0.097176,0.640841,1.961285,2.379306,1.747446,1.781592,2.768210,1.954885,2.140194,0.000000,0.000000,0.000000
0.281332,0.283894,0.108331,0.701462,0.765003,0.274672,0.538544,0.887661,0.850033,0.032501,2.141051,2.117708,2.119437,3.032403,1.604074,1.447317,2.347808,0.000000,0.000000,0.000000
0.504454,0.271610,0.363432,0.841850,0.025747,0.580904,0.112212,0.157601,0.822057,0.579137,1.871363,1.963218,1.513910,2.062434,2.274740,1.626388,2.838883,0.000000,0.000000,0.000000
0.301751,0.773354,0.317035,0.979166,0.754141,0.459439,0.597823,0.518060,0.617461,0.442651,1.866100,3.246569,1.952905,2.302084,2.905796,2.059423,2.707517,0.000000,0.000000,0.000000
0.227271,0.755821,0.521288,0.196823,0.277574,0.675774,0.290869,0.772697,0.739613,0.845410,1.783416,2.326262,2.327820,2.593460,2.404268,1.947351,2.591131,0.000000,0.000000,0.000000
0.690381,0.576517,0.410814,0.158406,0.024761,0.037826,0.437603,0.260218,0.247397,0.740311,1.987308,1.687267,1.373931,1.109301,2.429118,2.128757,1.678226,0.000000,0.000000,0.000000
0.616408,0.292866,0.226835,0.672596,0.991830,0.084738,0.781319,0.951406,0.662075,0.039712,2.365094,2.305036,2.438197,3.157746,1.906893,2.086510,2.114575,0.000000,0.000000,0.000000
0.431605,0.311338,0.292754,0.433733,0.374029,0.229821,0.027932,0.985083,0.462219,0.129504,1.284950,1.481792,2.045267,2.298179,1.566099,1.553628,1.655305,0.000000,0.000000,0.000000
0.061034,0.163314,0.452108,0.037270,0.239213,0.491987,0.299380,0.268767,0.119348,0.680690,1.395720,1.703315,1.579431,1.578114,1.403097,1.188150,1.494716,0.000000,0.000000,0.000000
0.106388,0.268744,0.893207,0.764673,0.143883,0.505711,0.892465,0.317879,0.103145,0.261680,2.616513,1.664699,2.920979,1.609850,1.538434,2.525630,1.771193,0.000000,0.000000,0.000000
0.685202,0.463089,0.829521,0.027111,0.493550,0.382495,0.466912,0.492443,0.583866,0.126480,2.623423,1.555557,2.214024,1.861433,1.901677,2.517977,1.608029,0.000000,0.000000,0.000000
0.425106,0.372911,0.818961,0.992720,0.364780,0.393189,0.171057,0.505787,0.158277,0.335246,1.901674,2.474827,2.115224,1.698176,2.573043,2.114299,2.205348,0.000000,0.000000,0.000000
0.424378,0.670834,0.769401,0.356245,0.647741,0.580282,0.392836,0.280813,0.416061,0.252937,2.058368,1.959446,2.028602,1.960876,1.906684,2.353680,1.672539,0.000000,0.000000,0.000000
0.723038,0.770077,0.056153,0.146351,0.157622,0.264976,0.450539,0.773394,0.335567,0.309076,1.986181,1.607956,1.935070,1.879711,2.346041,2.357437,1.391441,0.000000,0.000000,0.000000
0.773474,0.247038,0.106794,0.521091,0.736728,0.918000,0.086252,0.623835,0.393011,0.637244,1.709589,2.288028,2.467330,2.730899,2.167007,1.835775,2.633503,0.000000,0.000000,0.000000
0.343702,0.574403,0.373807,0.119118,0.761305,0.097237,0.818210,0.807778,0.224028,0.243013,1.991092,1.930910,2.384523,2.193504,1.688193,2.174059,1.252658,0.000000,0.000000,0.000000
0.590064,0.343355,0.703603,0.609515,0.867376,0.055948,0.889694,0.189691,0.564547,0.770685,2.687773,2.701670,2.142146,1.846071,2.303727,2.682842,2.393818,0.000000,0.000000,0.000000
0.896786,0.251824,0.141001,0.699519,0.836609,0.289537,0.640338,0.036314,0.290346,0.869767,2.454473,2.939419,1.383100,1.883518,2.857617,2.131131,2.444675,0.000000,0.000000,0.000000
0.438454,0.929843,0.637179,0.290223,0.857924,0.952650,0.861771,0.214226,0.236536,0.801593,2.315836,3.272467,2.926595,2.633134,2.825221,3.113282,2.659465,0.000000,0.000000,0.000000
0.698370,0.897908,0.056056,0.189595,0.923853,0.283380,0.478406,0.319362,0.941264,0.891025,2.751259,3.374614,1.509170,2.958840,3.213309,2.557167,2.691067,0.000000,0.000000,0.000000
0.402605,0.247635,0.064743,0.956676,0.394366,0.820062,0.880822,0.637388,0.004717,0.277817,2.043184,2.350888,2.993289,2.287659,2.323017,2.066138,2.393647,0.000000,0.000000,0.000000
0.154973,0.520971,0.587605,0.639324,0.345119,0.589433,0.969411,0.187669,0.196964,0.359719,2.197821,1.809495,2.565330,1.667264,1.639995,2.512417,1.772954,0.000000,0.000000,0.000000
0.124801,0.695656,0.123811,0.005904,0.381640,0.303852,0.375267,0.089556,0.058284,0.127685,1.392752,1.632139,1.234965,1.367469,1.610820,1.630468,1.068924,0.000000,0.000000,0.000000
0.932460,0.095160,0.946068,0.663259,0.516941,0.881978,0.645116,0.305330,0.565205,0.455899,3.463424,2.016642,3.152802,2.215398,2.229794,2.961491,2.704978,0.000000,0.000000,0.000000
0.620813,0.468341,0.186542,0.241326,0.058172,0.354672,0.084584,0.710641,0.456292,0.589513,1.519832,1.467862,1.838250,1.903229,2.048418,1.846698,1.735224,0.000000,0.000000,0.000000
0.450621,0.031638,0.471713,0.936414,0.537013,0.331428,0.446824,0.040413,0.524688,0.197998,1.830634,2.397330,1.288978,1.563716,2.228285,1.596445,2.421387,0.000000,0.000000,0.000000
0.334366,0.155604,0.995054,0.873414,0.775832,0.850381,0.485282,0.557956,0.253646,0.590681,2.586457,2.791607,3.375750,2.632821,2.146612,2.399274,2.745530,0.000000,0.000000,0.000000
0.202638,0.228558,0.543835,0.600562,0.730432,0.333115,0.442789,0.866881,0.743897,0.344189,1.950926,2.068234,2.152132,2.780538,1.425737,1.454159,2.157660,0.000000,0.000000,0.000000
0.013661,0.593637,0.428856,0.115329,0.347293,0.920217,0.578685,0.003159,0.587804,0.232553,1.777125,1.527097,2.077572,2.081495,1.378819,1.557082,2.330752,0.000000,0.000000,0.000000
0.381918,0.967894,0.611298,0.622959,0.209963,0.021873,0.348707,0.961222,0.872690,0.096635,2.303019,2.338688,2.143743,2.535094,2.470244,2.561956,2.261672,0.000000,0.000000,0.000000
0.388847,0.383227,0.773456,0.743159,0.019330,0.270950,0.687441,0.148474,0.572541,0.757484,2.408806,2.025116,1.904641,1.400457,2.275359,2.221746,2.564845,0.000000,0.000000,0.000000
0.144428,0.704260,0.989906,0.353659,0.753611,0.281282,0.118212,0.314494,0.945052,0.660935,2.906763,2.480678,2.355497,2.605855,1.944774,2.610629,2.365107,0.000000,0.000000,0.000000
0.446514,0.411481,0.851970,0.144750,0.812412,0.853206,0.587306,0.520761,0.222121,0.738410,2.407521,2.389362,2.978163,2.663034,2.018888,2.353212,2.175617,0.000000,0.000000,0.000000
0.833917,0.369461,0.080214,0.475074,0.779120,0.170402,0.186296,0.825104,0.869307,0.062671,2.453304,1.908902,1.860648,2.895220,2.021603,1.972139,2.096092,0.000000,0.000000,0.000000
0.063215,0.362819,0.100918,0.616553,0.998554,0.087028,0.675988,0.032592,0.961537,0.598264,2.535812,2.608177,1.349169,2.938558,1.553488,1.404693,2.555863,0.000000,0.000000,0.000000
0.627358,0.230596,0.174188,0.369136,0.932100,0.777166,0.534218,0.262371,0.442580,0.536583,1.971449,2.273148,2.019739,2.694190,1.853593,1.767264,2.098136,0.000000,0.000000,0.000000
0.454211,0.182223,0.220627,0.528820,0.545705,0.483840,0.926454,0.965563,0.261886,0.832356,2.148204,2.387508,2.997224,2.583363,2.142290,2.234862,2.173010,0.000000,0.000000,0.000000
0.588103,0.606546,0.788563,0.909332,0.223614,0.917650,0.625794,0.503973,0.696295,0.875095,2.697070,2.876667,2.977802,2.417877,3.309879,2.599720,3.902422,0.000000,0.000000,0.000000
0.388227,0.399022,0.106710,0.812205,0.982375,0.624184,0.764337,0.393969,0.678073,0.684462,2.127673,3.012007,2.230238,2.938848,2.303282,1.889963,2.810205,0.000000,0.000000,0.000000
0.188742,0.783231,0.608316,0.831065,0.887883,0.599613,0.096227,0.189648,0.446351,0.884103,1.396649,3.619835,1.687011,2.375222,2.970266,2.027385,2.957335,0.000000,0.000000,0.000000
0.679881,0.924570,0.806409,0.028751,0.741969,0.957726,0.159491,0.416447,0.867893,0.939255,2.713502,3.354927,2.760627,3.106991,3.363323,3.059762,3.538660,0.000000,0.000000,0.000000
0.486634,0.400994,0.391310,0.988080,0.452192,0.024419,0.571760,0.296714,0.345294,0.201582,1.882707,2.483348,1.507672,1.219137,2.608787,1.814219,2.329788,0.000000,0.000000,0.000000
0.824600,0.568746,0.304858,0.242846,0.559230,0.164942,0.486413,0.968379,0.350272,0.090855,2.209765,1.686440,2.119307,2.292645,2.152300,2.232384,1.410736,0.000000,0.000000,0.000000
0.243590,0.434711,0.501749,0.773903,0.605406,0.517108,0.296620,0.218368,0.022326,0.759039,1.482272,2.680768,1.575246,1.786684,2.228589,1.566620,2.130068,0.000000,0.000000,0.000000
0.572720,0.439195,0.547612,0.482258,0.287329,0.657958,0.275427,0.588148,0.152417,0.807692,1.768193,2.089062,2.131878,2.028137,2.346613,1.935584,2.099310,0.000000,0.000000,0.000000
0.439554,0.764925,0.045318,0.567954,0.741305,0.426588,0.361452,0.493898,0.093725,0.467841,1.554830,2.485740,1.723102,2.077972,2.231115,2.041825,1.551812,0.000000,0.000000,0.000000
0.371471,0.204790,0.192396,0.934991,0.941593,0.477559,0.625576,0.241354,0.620140,0.932671,1.918585,3.630602,1.715603,2.518521,2.988956,1.573683,3.357667,0.000000,0.000000,0.000000
0.694814,0.832251,0.108607,0.914849,0.742085,0.145121,0.465512,0.261791,0.253571,0.451871,1.953693,3.191708,1.383867,1.626449,3.180206,2.435697,2.183230,0.000000,0.000000,0.000000
0.061291,0.008934,0.718477,0.641723,0.366346,0.467734,0.780542,0.635398,0.887326,0.256557,2.775099,1.696434,2.596185,2.540548,1.247844,1.803435,2.363884,0.000000,0.000000,0.000000
0.090622,0.739202,0.124089,0.188510,0.252327,0.962880,0.559399,0.977130,0.335313,0.304623,1.582164,1.650396,3.079556,2.946370,1.666572,1.736876,2.258701,0.000000,0.000000,0.000000
0.608258,0.301692,0.206989,0.802982,0.596783,0.028686,0.834612,0.249506,0.437910,0.297109,2.250232,2.211088,1.833536,1.340258,2.141243,2.193364,2.108917,0.000000,0.000000,0.000000
0.050001,0.415528,0.017064,0.881884,0.986299,0.514470,0.399144,0.316695,0.569910,0.155877,1.507143,2.726268,1.644964,2.679715,1.831300,1.248052,2.421472,0.000000,0.000000,0.000000
0.117106,0.818717,0.547612,0.859612,0.718354,0.951052,0.906339,0.311651,0.361126,0.403573,2.101278,2.965720,3.050591,2.435880,2.399156,2.626401,2.983911,0.000000,0.000000,0.000000
0.283301,0.904617,0.969242,0.284166,0.165890,0.070441,0.734588,0.715675,0.541716,0.576030,2.811498,2.190314,2.999562,1.673313,2.299287,3.303356,1.813624,0.000000,0.000000,0.000000
0.174741,0.013877,0.760596,0.299959,0.369174,0.491881,0.515119,0.885181,0.911486,0.315735,2.675900,1.495851,2.598482,3.015980,1.214504,1.685351,2.091475,0.000000,0.000000,0.000000
0.809214,0.702026,0.720719,0.244573,0.126405,0.751337,0.600055,0.974858,0.359038,0.134446,2.645867,1.402002,3.025238,2.720322,2.308063,2.806069,1.739952,0.000000,0.000000,0.000000
0.986224,0.891165,0.892457,0.094118,0.108396,0.786248,0.346768,0.435553,0.777893,0.421504,3.396398,1.917608,2.729817,2.343394,2.855364,3.505683,2.243790,0.000000,0.000000,0.000000
0.778328,0.884745,0.110079,0.896264,0.034780,0.220060,0.477902,0.100001,0.501437,0.237359,2.148251,2.423812,1.257722,1.293324,3.219747,2.614597,2.320444,0.000000,0.000000,0.000000
0.573121,0.413516,0.382402,0.871203,0.610005,0.685028,0.638678,0.338909,0.281786,0.396643,2.029369,2.457809,2.090079,2.033179,2.382591,1.966425,2.323392,0.000000,0.000000,0.000000
0.958145,0.884501,0.444481,0.803765,0.586108,0.697311,0.716068,0.602097,0.000821,0.243908,2.721922,2.776922,2.494536,2.261172,3.172363,3.091217,1.897800,0.000000,0.000000,0.000000
0.112390,0.539853,0.885106,0.898418,0.425110,0.845722,0.228446,0.795277,0.650128,0.147945,2.113127,2.257099,3.136180,2.733658,2.058569,2.099959,2.972096,0.000000,0.000000,0.000000
0.346094,0.117923,0.288189,0.413372,0.923458,0.419906,0.370140,0.236338,0.773362,0.515407,1.871567,2.259932,1.470267,2.620975,1.526114,1.402705,2.112243,0.000000,0.000000,0.000000
0.704801,0.751215,0.281675,0.914837,0.289726,0.061947,0.913164,0.010217,0.474206,0.419779,2.482823,2.550054,1.781808,1.136938,3.043543,2.986809,2.385119,0.000000,0.000000,0.000000
0.955835,0.205809,0.939214,0.266273,0.638356,0.470425,0.052643,0.831247,0.141352,0.558554,2.795165,1.971011,2.830833,2.421925,2.177479,2.826702,1.435486,0.000000,0.000000,0.000000
0.188370,0.835549,0.500551,0.996285,0.869385,0.115334,0.275794,0.868776,0.966153,0.344732,2.308025,3.464524,1.965832,3.398547,2.912703,2.017711,2.999883,0.000000,0.000000,0.000000
0.116053,0.750391,0.484275,0.864897,0.820394,0.904653,0.392369,0.097980,0.577639,0.410660,1.630744,2.953086,2.031784,2.577750,2.307968,1.816415,3.064714,0.000000,0.000000,0.000000
0.145337,0.006575,0.974320,0.701388,0.164888,0.199474,0.526445,0.719791,0.849832,0.231864,2.994082,1.563693,2.806651,2.243650,1.399855,2.147109,2.355825,0.000000,0.000000,0.000000
0.220679,0.407595,0.837369,0.716143,0.126306,0.741850,0.300561,0.479292,0.017026,0.425351,1.936412,1.702112,2.548449,1.973587,1.726796,1.982126,1.909719,0.000000,0.000000,0.000000
0.940549,0.405442,0.013917,0.512156,0.737064,0.008385,0.076418,0.005335,0.232686,0.390801,1.963985,2.051152,1.005851,1.411765,2.233421,2.104969,1.554675,0.000000,0.000000,0.000000
0.394810,0.831410,0.824060,0.046108,0.438777,0.493216,0.963044,0.508198,0.954434,0.417592,3.508336,2.091074,3.105782,2.665776,2.158878,3.505822,2.088557,0.000000,0.000000,0.000000
0.512654,0.655098,0.509064,0.973973,0.812902,0.804786,0.970635,0.203121,0.914237,0.449863,3.063982,3.123385,2.832425,3.081829,2.932736,2.961343,3.373392,0.000000,0.000000,0.000000
0.756368,0.819601,0.308892,0.367916,0.933104,0.638584,0.672737,0.488678,0.329187,0.610151,2.286045,2.806432,2.210035,2.701570,2.673587,2.662411,1.857992,0.000000,0.000000,0.000000
0.274492,0.632300,0.463137,0.753293,0.548312,0.332368,0.824907,0.954512,0.168166,0.484669,2.000394,2.370514,2.672314,2.409108,2.110145,2.236678,1.861670,0.000000,0.000000,0.000000
0.843862,0.940682,0.650129,0.238833,0.441145,0.157907,0.209513,0.781027,0.878051,0.032021,2.790806,2.238809,1.993806,2.448163,2.732030,3.005458,1.935747,0.000000,0.000000,0.000000
0.042397,0.256731,0.224203,0.741745,0.027932,0.220063,0.592885,0.451473,0.561743,0.193799,1.705528,1.477931,1.710834,1.523488,1.418291,1.243139,2.121552,0.000000,0.000000,0.000000
0.814850,0.511979,0.088800,0.839918,0.117877,0.344643,0.830702,0.852802,0.822196,0.194849,2.952367,1.817081,2.544883,2.530536,2.582047,2.553864,2.549164,0.000000,0.000000,0.000000
0.742001,0.908043,0.459585,0.179799,0.655457,0.970402,0.840647,0.098324,0.838139,0.909421,2.981761,3.168185,2.678692,2.755144,3.319722,3.163024,3.509361,0.000000,0.000000,0.000000
0.651738,0.511727,0.382528,0.577957,0.083418,0.589468,0.410732,0.963635,0.151233,0.986344,1.891992,2.317921,2.401811,2.519164,2.984768,1.998036,2.565592,0.000000,0.000000,0.000000
0.000186,0.453192,0.571473,0.625076,0.163870,0.622453,0.919326,0.427103,0.635284,0.603333,2.268841,1.814293,2.698184,1.972152,1.577851,2.106498,2.395740,0.000000,0.000000,0.000000
0.904130,0.626171,0.365842,0.614652,0.811079,0.714730,0.618602,0.157694,0.828046,0.434053,2.955146,2.385429,1.923166,2.743294,2.520727,2.491620,2.548576,0.000000,0.000000,0.000000
0.940406,0.584452,0.567874,0.246596,0.308685,0.252935,0.570789,0.169924,0.541091,0.448404,2.724002,1.641426,1.523857,1.396942,2.375847,2.571265,1.696152,0.000000,0.000000,0.000000
0.768164,0.966032,0.738702,0.159668,0.007113,0.270295,0.724359,0.738401,0.085464,0.419985,2.717584,2.058468,2.489296,1.815585,2.776113,3.379784,1.190375,0.000000,0.000000,0.000000
0.112904,0.043152,0.836779,0.317395,0.620089,0.739001,0.385671,0.084226,0.231900,0.857872,1.987222,2.388011,2.177992,1.987418,1.756261,1.722802,2.262235,0.000000,0.000000,0.000000
0.669380,0.134512,0.722826,0.521241,0.962075,0.016834,0.507067,0.864616,0.947758,0.693477,3.139643,2.584929,2.268258,3.461724,2.094790,2.131244,2.552950,0.000000,0.000000,0.000000
0.791107,0.577759,0.798621,0.568739,0.443865,0.621656,0.553438,0.135020,0.666835,0.558696,2.886376,2.051399,2.097773,1.925065,2.403933,2.728085,2.314039,0.000000,0.000000,0.000000
0.312610,0.939452,0.211381,0.535579,0.334461,0.179187,0.049903,0.222706,0.709339,0.530350,1.410245,2.548291,1.256935,1.519372,2.426632,2.204631,2.146387,0.000000,0.000000,0.000000
0.024913,0.650883,0.910412,0.241694,0.069226,0.711278,0.790621,0.782367,0.790313,0.323449,2.935955,1.367442,3.469479,2.713825,1.485813,2.593885,2.138520,0.000000,0.000000,0.000000
0.495857,0.879837,0.468060,0.073956,0.755624,0.903489,0.241623,0.664989,0.337742,0.090663,1.603051,2.363499,2.543384,2.790148,2.270746,2.375921,2.010291,0.000000,0.000000,0.000000
0.834234,0.939949,0.849098,0.903743,0.724647,0.406284,0.757174,0.649183,0.412890,0.516769,3.094355,3.510411,2.768141,2.237307,3.522826,3.658597,2.394893,0.000000,0.000000,0.000000
0.851401,0.302558,0.993824,0.453063,0.837089,0.731512,0.109295,0.449678,0.666455,0.433023,3.013044,2.125976,2.961616,2.717566,2.066272,2.924670,2.239260,0.000000,0.000000,0.000000
0.336909,0.600963,0.908815,0.487156,0.411569,0.471609,0.214189,0.636876,0.719749,0.637995,2.346690,2.064652,2.551301,2.215299,2.014074,2.450800,2.266226,0.000000,0.000000,0.000000
0.990878,0.287972,0.249716,0.407988,0.519754,0.181454,0.724558,0.188064,0.246722,0.462674,2.725674,1.808609,1.605259,1.360935,2.200556,2.364986,1.513304,0.000000,0.000000,0.000000
0.330765,0.583784,0.904645,0.886674,0.443442,0.815328,0.767178,0.041699,0.033435,0.041491,2.616930,2.258405,2.827740,1.904267,2.289735,2.758320,2.261602,0.000000,0.000000,0.000000
0.221895,0.962183,0.320566,0.319752,0.208058,0.969233,0.396007,0.146489,0.492366,0.779959,1.536956,2.706184,2.158564,2.058468,2.632622,2.205227,2.951579,0.000000,0.000000,0.000000
0.488392,0.868397,0.560871,0.998208,0.483091,0.648144,0.519326,0.076280,0.356571,0.155084,1.950456,3.070464,1.735390,1.782870,3.239088,2.491681,2.533197,0.000000,0.000000,0.000000
0.427938,0.301402,0.853380,0.455255,0.666561,0.488927,0.096853,0.871122,0.433963,0.416652,1.936931,1.942768,2.641441,2.579403,1.634068,2.140351,1.770696,0.000000,0.000000,0.000000
0.662297,0.540311,0.937904,0.455610,0.335910,0.369514,0.014280,0.300293,0.717666,0.385425,2.543230,1.664265,2.210646,1.762863,2.054579,2.779275,2.001145,0.000000,0.000000,0.000000
0.989438,0.364831,0.998876,0.808147,0.916867,0.730771,0.365427,0.688004,0.713189,0.438907,3.599760,2.655024,3.266341,3.233594,2.633632,3.137004,2.736026,0.000000,0.000000,0.000000
0.156507,0.120564,0.956246,0.886608,0.197218,0.002631,0.724474,0.662988,0.111963,0.847289,2.623524,2.612267,2.879385,1.450011,2.397222,2.320923,2.506304,0.000000,0.000000,0.000000
0.383035,0.747404,0.142958,0.375888,0.410166,0.442871,0.251470,0.047742,0.546063,0.281314,1.490022,1.854462,1.260196,1.603069,1.983874,1.948569,1.748086,0.000000,0.000000,0.000000
0.566206,0.289819,0.765537,0.587040,0.833990,0.353545,0.111391,0.323499,0.316518,0.057465,1.890657,2.046650,1.793325,2.048305,1.769151,2.098995,1.676947,0.000000,0.000000,0.000000
0.669654,0.160681,0.495678,0.913802,0.518601,0.022124,0.758932,0.464034,0.603355,0.051441,2.461678,2.284970,1.962019,1.509451,2.392890,2.149010,2.438525,0.000000,0.000000,0.000000
0.756793,0.434983,0.632568,0.922016,0.445770,0.690742,0.607684,0.537023,0.688115,0.859463,2.657741,3.004065,2.398667,2.291920,3.303561,2.335488,3.400741,0.000000,0.000000,0.000000
0.692018,0.727284,0.533714,0.870525,0.037398,0.245007,0.438956,0.422561,0.894123,0.892768,2.709003,2.773908,1.648308,2.062746,3.506810,2.410116,3.367107,0.000000,0.000000,0.000000
0.798487,0.199134,0.835137,0.903089,0.589166,0.982744,0.216402,0.671415,0.084172,0.776856,2.436502,2.930776,3.133775,2.638101,2.972133,2.422803,3.301320,0.000000,0.000000,0.000000
0.797494,0.177019,0.411671,0.258455,0.740870,0.461559,0.500082,0.084558,0.302123,0.794948,2.214178,2.391059,1.451378,1.883696,2.335653,1.961138,1.916669,0.000000,0.000000,0.000000
0.923262,0.696465,0.189654,0.522176,0.524856,0.896554,0.580889,0.466232,0.914680,0.771617,3.140091,2.497915,2.467346,2.958477,2.942089,2.529008,3.292872,0.000000,0.000000,0.000000
0.041240,0.030633,0.418462,0.412014,0.682832,0.959225,0.036195,0.657236,0.797148,0.416150,1.514962,1.925956,2.608060,3.113352,1.143065,1.115457,2.885580,0.000000,0.000000,0.000000
0.009576,0.080555,0.927423,0.200548,0.527843,0.308976,0.110887,0.558259,0.227263,0.991705,1.911335,2.519431,2.394882,1.770363,1.993005,1.813905,2.251918,0.000000,0.000000,0.000000
0.766511,0.542594,0.863685,0.025509,0.004201,0.383491,0.831456,0.201959,0.713087,0.582262,3.321827,1.429923,2.480270,1.682843,2.258323,3.183109,1.932769,0.000000,0.000000,0.000000
0.003631,0.741330,0.046887,0.690620,0.561519,0.594707,0.443883,0.186742,0.099656,0.494540,1.444098,2.437511,1.627882,1.806727,1.901637,1.592126,1.822648,0.000000,0.000000,0.000000
0.515757,0.896661,0.511702,0.199112,0.530454,0.285938,0.448634,0.721994,0.548844,0.918522,1.939362,3.028450,1.962612,2.047214,3.096273,2.494253,2.370116,0.000000,0.000000,0.000000
0.302088,0.331139,0.924478,0.774135,0.943608,0.984110,0.316129,0.239430,0.501202,0.972802,2.260602,3.365903,2.969938,2.944724,2.691490,2.211842,3.959031,0.000000,0.000000,0.000000
0.037608,0.846398,0.051739,0.594403,0.945126,0.575461,0.415881,0.662986,0.095567,0.292411,1.417518,2.753854,2.066079,2.859341,1.903830,1.784049,1.583548,0.000000,0.000000,0.000000
0.112143,0.905276,0.573522,0.959146,0.041953,0.280246,0.868810,0.546508,0.522674,0.742545,2.144665,3.147324,2.389044,1.653622,3.187416,2.690084,2.858223,0.000000,0.000000,0.000000
0.103030,0.028383,0.736323,0.299589,0.483180,0.075911,0.239256,0.652456,0.868205,0.432609,2.217269,1.697220,1.965864,2.182600,1.192854,1.506325,2.038955,0.000000,0.000000,0.000000
0.913865,0.794697,0.898137,0.903583,0.053677,0.295910,0.484348,0.488949,0.201703,0.714924,3.045635,2.701381,2.340822,1.536791,3.577427,3.324925,2.391241,0.000000,0.000000,0.000000
0.504494,0.313165,0.744881,0.661299,0.131221,0.014224,0.910110,0.908179,0.466599,0.749344,2.625319,1.991552,2.970080,1.888673,2.214581,2.701942,2.324684,0.000000,0.000000,0.000000
0.121656,0.283432,0.728835,0.439104,0.336993,0.976739,0.579888,0.465731,0.479326,0.249691,2.034632,1.490456,2.896923,2.284701,1.254733,1.702225,2.597858,0.000000,0.000000,0.000000
0.328943,0.354981,0.336751,0.182057,0.953782,0.079973,0.150818,0.581051,0.743901,0.186235,1.603450,2.010379,1.603737,2.591490,1.462512,1.493660,1.783546,0.000000,0.000000,0.000000
0.278087,0.667416,0.466302,0.353259,0.773866,0.930151,0.178809,0.389832,0.618679,0.816259,1.504041,2.682648,2.308009,2.692072,2.282959,1.825944,3.035864,0.000000,0.000000,0.000000
0.319583,0.697569,0.743692,0.366252,0.444691,0.446962,0.344817,0.992660,0.557343,0.567480,1.954761,2.052636,2.539328,2.616765,2.006927,2.231642,1.914141,0.000000,0.000000,0.000000
0.515897,0.181740,0.665020,0.814515,0.884457,0.836007,0.911894,0.787102,0.650114,0.212087,2.650782,2.470907,3.439882,3.326048,1.998613,2.534510,2.811560,0.000000,0.000000,0.000000
0.364235,0.211805,0.698779,0.534346,0.053868,0.695387,0.556249,0.955107,0.847006,0.499180,2.544814,1.457631,2.849208,3.122461,1.615008,1.846041,2.490750,0.000000,0.000000,0.000000
0.306059,0.011908,0.751090,0.795950,0.077695,0.563036,0.552728,0.600173,0.443435,0.837359,2.108782,2.283129,2.404295,1.962378,2.294700,1.823253,2.764597,0.000000,0.000000,0.000000
0.919540,0.055077,0.213450,0.501306,0.628257,0.049914,0.200543,0.510502,0.664017,0.577968,2.250231,2.088294,1.523135,1.752913,2.178797,1.933916,2.108398,0.000000,0.000000,0.000000
0.272156,0.754729,0.494537,0.546266,0.435227,0.270646,0.252871,0.034722,0.115942,0.430529,1.448068,2.108054,1.183953,1.354474,2.010619,1.966807,1.499515,0.000000,0.000000,0.000000
0.164191,0.241070,0.716447,0.010753,0.355695,0.834793,0.334615,0.900640,0.998660,0.214467,2.723975,1.405070,2.898458,3.685598,1.232170,1.602592,2.494280,0.000000,0.000000,0.000000
0.448961,0.549457,0.128398,0.897902,0.894746,0.187888,0.046364,0.460778,0.990245,0.298811,2.211593,2.799092,1.496452,3.078057,2.427547,1.752986,2.824398,0.000000,0.000000,0.000000
0.473343,0.134277,0.879823,0.172764,0.188039,0.269359,0.953078,0.369543,0.004038,0.281810,2.858191,1.272937,2.907044,1.412570,1.514645,2.997546,1.061530,0.000000,0.000000,0.000000
0.901227,0.228685,0.935589,0.597001,0.416012,0.397617,0.257308,0.986643,0.161357,0.701535,2.889142,2.123676,2.927973,2.443756,2.425814,2.776852,1.888025,0.000000,0.000000,0.000000
0.220768,0.580820,0.871327,0.187646,0.393047,0.049959,0.824510,0.860118,0.392293,0.328054,2.558453,1.621080,2.999532,1.874166,1.594665,2.681792,1.462816,0.000000,0.000000,0.000000
0.296761,0.305102,0.146868,0.881330,0.869458,0.441123,0.890043,0.342460,0.873569,0.679937,2.563635,3.025004,2.242585,2.798033,2.307522,2.020558,3.002522,0.000000,0.000000,0.000000
0.485572,0.809584,0.578982,0.863258,0.315205,0.213203,0.129608,0.197173,0.552308,0.595690,1.652527,2.742947,1.357178,1.376449,2.907721,2.335367,2.510967,0.000000,0.000000,0.000000
0.235741,0.622554,0.058973,0.487041,0.847305,0.519662,0.212285,0.136310,0.555157,0.423382,1.363051,2.292301,1.415937,2.241532,1.755475,1.625551,1.941183,0.000000,0.000000,0.000000
0.004665,0.438066,0.841016,0.732887,0.014185,0.041574,0.325210,0.454808,0.159588,0.166104,1.920738,1.472252,1.991217,1.249076,1.489651,1.802611,1.701297,0.000000,0.000000,0.000000
0.781198,0.583247,0.709843,0.484730,0.745097,0.772726,0.714831,0.462985,0.880779,0.067322,3.284596,1.979243,2.679250,3.002556,2.176888,2.740154,2.472582,0.000000,0.000000,0.000000
0.297857,0.102859,0.660538,0.806165,0.301763,0.384879,0.953313,0.949575,0.501519,0.941956,2.393493,2.713084,3.154448,2.377313,2.566589,2.422563,3.009143,0.000000,0.000000,0.000000
0.983354,0.304935,0.909831,0.486847,0.455459,0.540916,0.986466,0.122214,0.543050,0.360677,3.793569,1.709586,3.059987,1.737302,2.179438,3.776441,1.912598,0.000000,0.000000,0.000000
0.283358,0.231751,0.471150,0.663123,0.721360,0.967201,0.981313,0.147584,0.116975,0.691396,2.166379,2.493869,3.077318,2.364536,1.860938,2.368975,2.762332,0.000000,0.000000,0.000000
0.754131,0.842901,0.526661,0.190992,0.725245,0.054773,0.380130,0.546828,0.336365,0.181826,2.107726,2.270058,1.681692,1.748059,2.471956,2.631575,1.378863,0.000000,0.000000,0.000000
0.557275,0.914566,0.754873,0.197978,0.283165,0.205306,0.343675,0.357475,0.581132,0.254286,2.198433,2.055203,1.764928,1.469851,2.411685,2.837808,1.638547,0.000000,0.000000,0.000000
0.744297,0.071946,0.335599,0.381860,0.493722,0.651468,0.859627,0.282830,0.613656,0.972319,2.593211,2.494835,2.355154,1.993619,2.689972,2.333331,2.858832,0.000000,0.000000,0.000000
0.881581,0.967575,0.675913,0.380237,0.807267,0.172248,0.242152,0.998582,0.940406,0.599418,3.110232,3.098016,2.251170,3.477592,3.054057,3.130017,2.301238,0.000000,0.000000,0.000000
0.817488,0.222380,0.754275,0.981004,0.150028,0.346751,0.469716,0.838277,0.999914,0.317693,3.566790,2.197490,2.385830,3.052495,2.825159,2.344749,3.008805,0.000000,0.000000,0.000000
0.766609,0.221376,0.600014,0.882252,0.933244,0.091291,0.391328,0.208441,0.569205,0.434560,2.300005,2.811204,1.406315,2.052514,2.503537,2.055083,2.429706,0.000000,0.000000,0.000000
0.343135,0.818014,0.891003,0.093183,0.621426,0.751208,0.906393,0.732586,0.728438,0.212641,3.013048,2.115209,3.671800,2.809426,2.021972,3.394577,2.065186,0.000000,0.000000,0.000000
0.958103,0.646909,0.962130,0.719578,0.475089,0.790684,0.823540,0.845447,0.829567,0.664506,4.105734,2.464385,3.886078,3.086291,2.938129,3.727213,3.031635,0.000000,0.000000,0.000000
0.512910,0.359189,0.247627,0.467685,0.017684,0.634259,0.146084,0.670737,0.906622,0.369559,2.099970,1.273199,2.079900,2.759778,1.740242,1.657567,2.337657,0.000000,0.000000,0.000000
0.165294,0.727616,0.459576,0.642147,0.342388,0.968355,0.553645,0.158853,0.346284,0.487855,1.692413,2.125472,2.310878,2.048106,1.980864,1.885742,2.754048,0.000000,0.000000,0.000000
0.551418,0.340764,0.339752,0.657622,0.910943,0.131685,0.183833,0.675428,0.646155,0.802967,1.701433,2.853582,1.712306,2.518123,2.372283,1.707898,2.596640,0.000000,0.000000,0.000000
0.921732,0.666220,0.402107,0.185861,0.968246,0.544390,0.729200,0.463641,0.159442,0.440691,2.644453,2.365877,2.173885,2.667730,2.452360,2.713337,1.367402,0.000000,0.000000,0.000000
0.377310,0.269378,0.584078,0.276244,0.689988,0.691171,0.806905,0.887347,0.697268,0.154333,2.384897,1.740152,3.006817,3.043421,1.459373,2.073056,2.005468,0.000000,0.000000,0.000000
0.137988,0.197208,0.003683,0.192005,0.067425,0.777554,0.662092,0.116716,0.852525,0.164335,2.209369,1.103021,2.011546,2.319719,1.182676,1.369044,2.259358,0.000000,0.000000,0.000000
0.494250,0.892244,0.020113,0.763437,0.892790,0.573682,0.176099,0.711742,0.353290,0.857063,1.435968,3.706078,2.046314,2.807456,3.259607,2.291318,2.674001,0.000000,0.000000,0.000000
0.816881,0.631914,0.451865,0.591462,0.964347,0.874545,0.898667,0.678471,0.305153,0.793900,2.666895,2.960987,3.210756,3.240349,2.838953,2.960681,2.740322,0.000000,0.000000,0.000000
0.865863,0.324328,0.033892,0.043053,0.752385,0.660706,0.784242,0.901300,0.298503,0.259410,2.541938,1.830823,2.820169,2.906899,1.988511,2.349358,1.508374,0.000000,0.000000,0.000000
0.774301,0.447645,0.112951,0.178680,0.078294,0.683550,0.637340,0.220697,0.720351,0.380550,2.507585,1.268971,1.946990,2.002000,2.030817,2.141128,2.025702,0.000000,0.000000,0.000000
0.599050,0.954084,0.318873,0.488383,0.363644,0.983504,0.139742,0.286368,0.805435,0.388533,1.951871,2.459691,2.266717,2.534442,2.624869,2.542130,3.038236,0.000000,0.000000,0.000000
0.466951,0.205543,0.115041,0.565546,0.265225,0.340859,0.174849,0.579149,0.581328,0.553144,1.508619,1.753864,1.700855,1.809135,1.780743,1.511657,2.083913,0.000000,0.000000,0.000000
0.473140,0.078833,0.643525,0.122163,0.700109,0.455075,0.948156,0.919014,0.097465,0.062646,2.438608,1.705895,3.150000,2.642912,1.479823,2.554056,1.155523,0.000000,0.000000,0.000000
0.028944,0.647265,0.367663,0.530841,0.438539,0.839530,0.658790,0.143086,0.767964,0.567444,2.057154,2.085639,2.152087,2.292169,1.710016,1.685955,2.729227,0.000000,0.000000,0.000000
0.223854,0.294057,0.538298,0.400434,0.761258,0.226548,0.952542,0.964979,0.935405,0.310145,2.924228,1.929133,2.964543,3.364487,1.365868,2.289563,2.128219,0.000000,0.000000,0.000000
0.974477,0.861454,0.891875,0.529375,0.649326,0.738728,0.440660,0.712694,0.910790,0.847844,3.787835,3.067231,2.976708,3.208566,3.404576,3.463720,3.098301,0.000000,0.000000,0.000000
0.402601,0.501211,0.164450,0.818248,0.363544,0.750751,0.124911,0.149011,0.796047,0.288068,1.693011,2.057477,1.715318,2.222567,2.125990,1.658505,2.807158,0.000000,0.000000,0.000000
0.030313,0.639708,0.462453,0.883710,0.940437,0.558861,0.898324,0.067415,0.518644,0.268670,2.070501,2.870213,2.150413,2.467504,2.068804,2.189668,2.416527,0.000000,0.000000,0.000000
0.846560,0.887932,0.538643,0.741595,0.774041,0.900758,0.090796,0.048698,0.170738,0.776610,1.964590,3.406626,1.944990,2.367737,3.405835,2.791332,2.847405,0.000000,0.000000,0.000000
0.707224,0.322016,0.028168,0.649442,0.084582,0.961807,0.023731,0.458422,0.041412,0.793905,1.523923,1.999538,2.383509,2.172566,2.489199,1.810941,2.819334,0.000000,0.000000,0.000000
0.922432,0.669678,0.405528,0.642469,0.788428,0.922259,0.687674,0.511065,0.037695,0.422955,2.605247,2.433632,2.713869,2.673549,2.616939,2.661221,2.249579,0.000000,0.000000,0.000000
0.261304,0.268938,0.176627,0.284413,0.123757,0.237489,0.920622,0.012521,0.283078,0.089402,2.000833,1.159988,1.850163,1.245962,1.340890,2.057474,1.367865,0.000000,0.000000,0.000000
0.791648,0.867976,0.058591,0.974274,0.491784,0.145111,0.551930,0.385862,0.348576,0.233958,2.193601,3.038894,1.575064,1.427703,3.458834,2.638029,2.311034,0.000000,0.000000,0.000000
0.951607,0.568344,0.508817,0.756391,0.426515,0.809901,0.190153,0.972428,0.455177,0.738243,2.270366,2.508609,2.702269,2.876032,3.004297,2.407660,2.859906,0.000000,0.000000,0.000000
0.087755,0.349225,0.808949,0.232791,0.908535,0.211798,0.083725,0.219443,0.783430,0.203677,1.997505,1.977509,1.693126,2.386595,1.221100,1.739139,1.848083,0.000000,0.000000,0.000000
0.708893,0.571969,0.382337,0.677736,0.373449,0.459125,0.120431,0.215902,0.450672,0.977375,1.720102,2.747039,1.449813,1.599073,3.180671,2.092143,2.888082,0.000000,0.000000,0.000000
0.027286,0.013973,0.487344,0.486876,0.386995,0.607494,0.142371,0.245519,0.307519,0.506470,1.267805,1.758920,1.673861,1.734675,1.213589,1.143638,1.810680,0.000000,0.000000,0.000000
0.601999,0.866500,0.830192,0.156689,0.598917,0.526581,0.314522,0.504036,0.246199,0.630934,2.252781,2.564574,2.287458,1.999139,2.604584,2.934789,1.598800,0.000000,0.000000,0.000000
0.802251,0.263355,0.192915,0.777996,0.487572,0.654951,0.248722,0.397861,0.800587,0.339015,2.310312,2.078217,1.843593,2.339957,2.276931,1.882613,2.628835,0.000000,0.000000,0.000000
0.628360,0.064023,0.110706,0.203218,0.502224,0.471345,0.518052,0.695500,0.368070,0.010568,1.932598,1.510745,2.056850,2.100093,1.634165,1.705842,1.458726,0.000000,0.000000,0.000000
0.078944,0.168048,0.366186,0.261508,0.989583,0.931787,0.957883,0.956792,0.086080,0.006023,2.013273,2.008300,3.721897,3.816366,1.111861,1.998167,1.908285,0.000000,0.000000,0.000000
0.272192,0.101549,0.944508,0.988456,0.145299,0.177669,0.813457,0.581069,0.943649,0.034072,3.523081,2.112333,2.946745,2.311321,2.237162,2.562960,2.921731,0.000000,0.000000,0.000000
0.337860,0.835231,0.147941,0.101913,0.064001,0.103999,0.726297,0.569951,0.886345,0.289991,2.460863,1.635816,1.964372,2.046283,2.059966,2.316973,1.921235,0.000000,0.000000,0.000000
0.664445,0.606545,0.324313,0.279405,0.287601,0.037050,0.523058,0.413656,0.024852,0.313837,1.998657,1.543255,1.569195,1.231950,2.069347,2.141303,1.133832,0.000000,0.000000,0.000000
0.861273,0.954025,0.867251,0.504639,0.260656,0.408186,0.802181,0.498489,0.950505,0.753941,4.012492,2.785992,2.746995,2.490627,3.264849,3.837802,2.661487,0.000000,0.000000,0.000000
0.505465,0.161355,0.106671,0.405151,0.346096,0.064282,0.707207,0.118876,0.616988,0.249299,2.108828,1.475428,1.476841,1.264782,1.573939,1.782855,1.796646,0.000000,0.000000,0.000000
0.835264,0.756553,0.710533,0.605207,0.377238,0.347592,0.515846,0.175554,0.220889,0.093291,2.574609,1.935225,1.688520,1.434477,2.542607,2.837162,1.602575,0.000000,0.000000,0.000000
0.929951,0.394920,0.043655,0.255642,0.795627,0.618758,0.695724,0.051569,0.440536,0.934191,2.598280,2.709372,1.771187,2.162730,2.905466,2.320284,2.467753,0.000000,0.000000,0.000000
0.849670,0.193612,0.529630,0.744875,0.808736,0.485949,0.815384,0.020954,0.717362,0.655826,2.950711,2.653534,1.877894,2.280167,2.477077,2.477748,2.610041,0.000000,0.000000,0.000000
0.779615,0.548899,0.673498,0.597336,0.293853,0.959573,0.265723,0.979526,0.820037,0.781331,2.631223,2.208243,3.124822,3.396621,2.685204,2.391389,3.501667,0.000000,0.000000,0.000000
0.559778,0.469397,0.077260,0.764090,0.695517,0.988802,0.903395,0.233011,0.949442,0.620739,3.029800,2.575482,2.948057,3.192141,2.360155,2.446628,3.728412,0.000000,0.000000,0.000000
0.991196,0.594682,0.603388,0.124947,0.222886,0.478668,0.773535,0.098880,0.147970,0.184164,2.976164,1.383819,1.923403,1.499997,2.351333,2.922552,1.222325,0.000000,0.000000,0.000000
0.343056,0.151243,0.180172,0.286053,0.503762,0.003266,0.221386,0.572970,0.486127,0.441175,1.400769,1.722328,1.584885,1.515250,1.458494,1.374181,1.653822,0.000000,0.000000,0.000000
0.465025,0.459940,0.907074,0.487365,0.028945,0.685491,0.308442,0.181778,0.346815,0.698626,2.285483,1.677535,2.357993,1.733026,2.073971,2.431946,2.146127,0.000000,0.000000,0.000000
0.176403,0.912149,0.123199,0.328240,0.781673,0.102545,0.944926,0.710652,0.241246,0.017139,1.981301,2.509581,2.565108,2.088571,2.020032,2.807532,1.349103,0.000000,0.000000,0.000000
0.420848,0.937719,0.562804,0.624437,0.049792,0.819869,0.173742,0.498326,0.924991,0.695512,2.261186,2.550206,2.276086,2.800386,2.788647,2.479342,3.103190,0.000000,0.000000,0.000000
0.168352,0.726696,0.068070,0.903855,0.841027,0.144318,0.247074,0.952594,0.455582,0.346772,1.318811,2.978563,1.988526,2.689714,2.405553,1.700480,2.314670,0.000000,0.000000,0.000000
0.289839,0.299724,0.230852,0.378838,0.556759,0.101806,0.567109,0.063878,0.945610,0.628395,2.462974,2.014079,1.259472,2.078027,1.648412,1.495411,2.337376,0.000000,0.000000,0.000000
0.705621,0.733345,0.302702,0.578427,0.478328,0.906306,0.837850,0.731577,0.525155,0.484643,2.439546,2.195959,3.149527,2.627010,2.469190,2.763945,2.648246,0.000000,0.000000,0.000000
0.360659,0.726202,0.053696,0.445135,0.248269,0.097632,0.224670,0.371923,0.374404,0.772981,1.374549,2.212088,1.392804,1.270911,2.389145,1.890731,2.034496,0.000000,0.000000,0.000000
0.068241,0.534728,0.633700,0.167257,0.421355,0.189502,0.200956,0.615054,0.322765,0.137545,1.470945,1.526711,1.820343,1.653453,1.357561,1.610285,1.354632,0.000000,0.000000,0.000000
0.170526,0.932290,0.498533,0.343600,0.970744,0.081327,0.306913,0.840656,0.133573,0.638936,1.460213,3.174994,1.937950,2.703122,2.314467,2.172466,1.512516,0.000000,0.000000,0.000000
0.572733,0.839715,0.433884,0.585468,0.630097,0.459240,0.941996,0.795409,0.685131,0.208771,2.572042,2.371561,2.877637,2.562417,2.404447,3.146938,2.081483,0.000000,0.000000,0.000000
0.858147,0.888780,0.657285,0.007716,0.086546,0.766586,0.644920,0.670106,0.713748,0.705506,2.924825,2.208273,2.712642,2.475802,2.999233,3.105031,2.410303,0.000000,0.000000,0.000000
0.885441,0.280683,0.708924,0.182231,0.015679,0.774196,0.024404,0.663404,0.489490,0.219569,2.222103,1.076148,2.515378,2.271713,1.975912,2.320510,1.892539,0.000000,0.000000,0.000000
0.726355,0.204294,0.981187,0.828028,0.611380,0.398477,0.316851,0.161945,0.553008,0.449377,2.882584,2.382783,2.279385,1.746753,2.328926,2.722787,2.354598,0.000000,0.000000,0.000000
0.623919,0.306154,0.157657,0.974193,0.414205,0.957313,0.090364,0.523247,0.839090,0.021457,1.979277,2.348010,2.441051,2.797882,2.618359,1.721635,3.628029,0.000000,0.000000,0.000000
0.800933,0.637597,0.176431,0.678446,0.996654,0.748301,0.748166,0.494611,0.858828,0.142100,2.939183,2.494394,2.474322,3.526969,2.422198,2.526278,2.635535,0.000000,0.000000,0.000000
0.689150,0.829041,0.912231,0.879583,0.495007,0.300672,0.437107,0.605740,0.171340,0.048866,2.672023,2.650293,2.472158,1.789748,2.975136,3.172090,1.953297,0.000000,0.000000,0.000000
0.968648,0.416423,0.658637,0.171783,0.665745,0.427251,0.763177,0.434759,0.788686,0.323774,3.374090,1.805714,2.249991,2.298252,2.176868,2.767009,1.885459,0.000000,0.000000,0.000000
0.614108,0.086323,0.754081,0.322586,0.954645,0.963751,0.666738,0.708448,0.947188,0.893303,3.277571,2.786260,3.257004,4.140568,2.345237,2.247974,3.626797,0.000000,0.000000,0.000000
0.061674,0.628119,0.218393,0.750572,0.487302,0.024898,0.691885,0.137878,0.871627,0.400783,2.283301,2.226428,1.471981,1.736820,1.837958,1.695782,2.499363,0.000000,0.000000,0.000000
0.095772,0.491103,0.630193,0.160914,0.522710,0.147299,0.079830,0.078107,0.975990,0.393863,2.246641,1.740174,1.258036,2.203580,1.398724,1.587271,2.063453,0.000000,0.000000,0.000000
0.187653,0.378775,0.720847,0.986830,0.330702,0.633110,0.860305,0.029515,0.835897,0.996916,2.758301,3.306134,2.337083,2.158363,3.270250,2.253477,3.961169,0.000000,0.000000,0.000000
0.239796,0.034779,0.334484,0.322407,0.117668,0.554563,0.493447,0.001542,0.235838,0.526269,1.591464,1.428142,1.441749,1.559288,1.397566,1.337715,1.580121,0.000000,0.000000,0.000000
0.360085,0.323363,0.344250,0.995069,0.609520,0.788642,0.316432,0.884602,0.528089,0.166107,1.564662,2.633324,2.552286,2.875381,2.449651,1.515470,2.909663,0.000000,0.000000,0.000000
0.107248,0.189276,0.651353,0.202967,0.135146,0.664679,0.614339,0.282147,0.971488,0.411667,2.792922,1.314260,2.135803,2.637492,1.214536,1.561858,2.277635,0.000000,0.000000,0.000000
0.945765,0.560089,0.012290,0.249547,0.275707,0.463769,0.123107,0.325421,0.626578,0.136325,2.171715,1.408239,1.542369,1.744761,2.265877,2.259697,1.737645,0.000000,0.000000,0.000000
0.504411,0.912572,0.359011,0.186757,0.448201,0.972751,0.619106,0.174341,0.302791,0.259615,1.928214,2.215649,2.374498,2.101588,2.355912,2.530383,2.250547,0.000000,0.000000,0.000000
0.585208,0.343321,0.057711,0.629660,0.617006,0.082410,0.702915,0.146261,0.633382,0.619358,2.206515,2.264147,1.500366,1.499635,2.097856,1.947393,2.267489,0.000000,0.000000,0.000000
0.020616,0.118332,0.670553,0.964958,0.432309,0.570713,0.575120,0.603844,0.031883,0.296351,1.877054,2.418844,2.321964,2.016137,1.927675,1.445531,2.095144,0.000000,0.000000,0.000000
0.192002,0.814547,0.518956,0.842063,0.345577,0.015384,0.654582,0.962987,0.305999,0.000429,1.839978,2.382872,2.316229,1.992766,2.358268,2.178845,2.015069,0.000000,0.000000,0.000000
0.798772,0.596555,0.067807,0.327041,0.865373,0.617094,0.268537,0.125431,0.860822,0.318078,2.455988,2.128175,1.525622,2.829983,2.198270,2.160161,2.144972,0.000000,0.000000,0.000000
0.844169,0.917282,0.229722,0.091886,0.318234,0.078624,0.423943,0.565691,0.878714,0.690302,2.744885,2.503491,1.650852,2.027057,3.014586,2.730000,2.216136,0.000000,0.000000,0.000000
0.754639,0.286193,0.170612,0.146892,0.539069,0.063588,0.075045,0.350343,0.714026,0.820614,1.909422,2.222354,1.355656,1.602910,2.389617,1.841543,2.288227,0.000000,0.000000,0.000000
0.281261,0.178692,0.700663,0.536954,0.137158,0.187785,0.302469,0.842435,0.350959,0.808389,1.740724,1.946484,2.146382,1.915234,1.924595,1.665537,2.168798,0.000000,0.000000,0.000000
0.575903,0.684889,0.266379,0.210472,0.128791,0.496631,0.495946,0.900976,0.555602,0.563712,1.941804,1.675915,2.274638,2.405817,2.226069,2.124375,1.839865,0.000000,0.000000,0.000000
0.448942,0.792176,0.443252,0.581787,0.490671,0.818972,0.767658,0.183682,0.702559,0.576219,2.299925,2.413430,2.345378,2.214475,2.382372,2.510845,2.682215,0.000000,0.000000,0.000000
0.894722,0.937272,0.395551,0.362202,0.594236,0.073202,0.738616,0.364046,0.676405,0.083690,2.810358,2.420481,1.796839,1.624893,2.790997,3.132717,1.808210,0.000000,0.000000,0.000000
0.353309,0.365763,0.736947,0.790900,0.525530,0.737402,0.839514,0.441628,0.977553,0.864548,3.277762,2.785598,2.872013,2.990770,2.524571,2.384041,3.544953,0.000000,0.000000,0.000000
0.652814,0.615281,0.690960,0.699613,0.844731,0.732674,0.181259,0.155411,0.368498,0.069197,1.955746,2.335266,1.926113,2.378040,2.271285,2.362346,2.146454,0.000000,0.000000,0.000000
0.950274,0.271813,0.372835,0.764192,0.141762,0.640670,0.477992,0.824120,0.325544,0.701378,2.444072,2.085431,2.363111,2.333924,2.710229,2.128185,2.423038,0.000000,0.000000,0.000000
0.959734,0.033436,0.481062,0.349467,0.294774,0.216337,0.389159,0.039358,0.939632,0.162146,3.201103,1.363746,1.198651,2.023026,1.980030,2.095115,2.068212,0.000000,0.000000,0.000000
0.019923,0.846455,0.197509,0.589824,0.258673,0.655783,0.857239,0.204536,0.201456,0.235552,1.866988,2.032706,2.266060,1.716573,1.870508,2.284132,1.747362,0.000000,0.000000,0.000000
0.224881,0.764688,0.582395,0.549857,0.967289,0.300895,0.984809,0.701204,0.122650,0.252228,2.233145,2.539083,2.861902,2.697849,1.917086,2.947774,1.449236,0.000000,0.000000,0.000000
0.405030,0.851315,0.368117,0.698523,0.111373,0.406551,0.529781,0.437863,0.772868,0.639760,2.100511,2.386743,1.770202,1.956452,2.629697,2.258425,2.549970,0.000000,0.000000,0.000000
0.733292,0.512133,0.572418,0.219545,0.793858,0.069803,0.527687,0.979436,0.533005,0.253632,2.333674,1.937560,2.238608,2.610105,2.014212,2.260669,1.597544,0.000000,0.000000,0.000000
0.165746,0.836151,0.380690,0.194815,0.350474,0.733444,0.273555,0.850816,0.111396,0.420943,1.356353,2.023869,2.430230,2.500535,1.940923,1.925666,1.513317,0.000000,0.000000,0.000000
0.093044,0.652076,0.461942,0.733164,0.877704,0.861719,0.170268,0.104129,0.791216,0.579740,1.669403,2.788698,1.897161,2.940619,2.002035,1.617662,3.074991,0.000000,0.000000,0.000000
0.319352,0.938869,0.118214,0.614265,0.872883,0.845687,0.620379,0.002745,0.582884,0.562482,1.839449,3.198043,1.956892,2.626200,2.521160,2.350603,2.649659,0.000000,0.000000,0.000000
0.180268,0.495518,0.388755,0.137973,0.409477,0.504335,0.498875,0.763942,0.973307,0.443366,2.487552,1.668966,2.165294,3.054028,1.513322,1.546498,2.144193,0.000000,0.000000,0.000000
0.279443,0.093559,0.230170,0.239480,0.423857,0.340777,0.354427,0.229216,0.645867,0.219774,1.618719,1.485968,1.392674,1.643474,1.302100,1.316170,1.727318,0.000000,0.000000,0.000000
0.518763,0.620030,0.854184,0.374156,0.036052,0.755064,0.907819,0.742355,0.244575,0.971508,2.803751,2.180050,3.593002,2.309780,2.839734,3.205637,2.626542,0.000000,0.000000,0.000000
0.103687,0.092146,0.521343,0.788113,0.142109,0.069528,0.091639,0.418622,0.555284,0.315312,1.339164,1.731117,1.498100,1.342717,1.529319,1.253948,2.207778,0.000000,0.000000,0.000000
0.190833,0.480164,0.122788,0.156168,0.181482,0.088172,0.849255,0.179111,0.643790,0.223562,2.059305,1.288427,1.799625,1.298012,1.433159,1.943421,1.679412,0.000000,0.000000,0.000000
0.311180,0.258792,0.788464,0.071804,0.802469,0.929937,0.229855,0.295805,0.192940,0.478143,1.818242,2.035946,2.559211,2.535579,1.487494,1.871113,2.055258,0.000000,0.000000,0.000000
0.642485,0.561068,0.227339,0.428806,0.076184,0.254182,0.245253,0.731672,0.300744,0.533434,1.677971,1.538680,1.813703,1.798148,2.142882,1.972650,1.640582,0.000000,0.000000,0.000000
0.422292,0.761908,0.636295,0.375267,0.296893,0.074263,0.087601,0.615947,0.637279,0.319834,1.688486,1.789018,1.786055,1.644761,2.055345,2.260472,1.810852,0.000000,0.000000,0.000000
0.936874,0.301010,0.013733,0.166605,0.750558,0.720933,0.990219,0.605608,0.281536,0.492873,2.874237,2.006316,3.096295,2.516795,2.147981,2.988930,1.699158,0.000000,0.000000,0.000000
0.395430,0.276954,0.136052,0.610407,0.754317,0.647505,0.625191,0.954288,0.530157,0.113614,1.863073,2.000545,2.618259,3.066372,1.612428,1.627426,2.080002,0.000000,0.000000,0.000000
0.058470,0.559646,0.535784,0.976515,0.661436,0.054798,0.556242,0.624820,0.339202,0.628547,1.726703,3.085792,1.882333,1.747813,2.529314,1.621209,2.541114,0.000000,0.000000,0.000000
0.210142,0.879659,0.866501,0.211142,0.706666,0.979439,0.822848,0.930164,0.678702,0.629330,2.729783,2.710903,4.010334,3.409723,2.235181,3.092968,2.892792,0.000000,0.000000,0.000000
0.337702,0.964036,0.577504,0.009280,0.673922,0.012648,0.484859,0.911076,0.479476,0.853190,1.844357,3.265575,2.136450,2.201637,2.888131,2.514936,2.100627,0.000000,0.000000,0.000000
0.821297,0.960169,0.552066,0.653043,0.210592,0.769092,0.468648,0.154282,0.384437,0.089572,2.333276,2.347062,1.941603,1.824077,2.925813,2.959716,2.161496,0.000000,0.000000,0.000000
0.769639,0.276854,0.197171,0.563680,0.702217,0.526562,0.469623,0.779126,0.349219,0.625497,2.084504,2.278439,2.161478,2.494740,2.191966,1.902592,1.988555,0.000000,0.000000,0.000000
0.012825,0.608429,0.086330,0.193069,0.268897,0.558345,0.301570,0.727744,0.408812,0.502183,1.330310,1.665320,2.066975,2.135331,1.511045,1.391926,1.669920,0.000000,0.000000,0.000000
0.116651,0.830509,0.642970,0.329431,0.924784,0.250736,0.196618,0.340355,0.540017,0.958568,1.561077,3.355137,1.581732,2.242517,2.698957,2.073701,2.533277,0.000000,0.000000,0.000000
0.840933,0.737964,0.090301,0.421050,0.393355,0.703092,0.085398,0.802432,0.000374,0.081512,1.793303,1.771224,2.297459,2.407851,2.417496,2.386314,1.422569,0.000000,0.000000,0.000000
0.454743,0.591821,0.799958,0.537535,0.097903,0.739008,0.392402,0.802688,0.329219,0.637681,2.122861,1.782534,2.818757,2.396002,2.147789,2.340624,2.175729,0.000000,0.000000,0.000000
0.118169,0.239920,0.143816,0.610962,0.247845,0.799499,0.103593,0.368316,0.979927,0.462890,2.042626,1.693482,2.009054,2.872475,1.414246,1.178820,2.860960,0.000000,0.000000,0.000000
0.212802,0.136659,0.916881,0.376904,0.210476,0.469369,0.261140,0.834086,0.639089,0.669360,2.244037,1.712410,2.778929,2.341212,1.551560,2.006922,2.129583,0.000000,0.000000,0.000000
0.311196,0.012455,0.663792,0.292820,0.365131,0.905538,0.944788,0.539781,0.819697,0.717035,2.785564,1.904377,3.397264,2.697033,1.687358,2.400608,2.946492,0.000000,0.000000,0.000000
0.560234,0.946911,0.116960,0.852786,0.353150,0.169224,0.261550,0.762251,0.602572,0.401714,1.708848,2.938670,1.808967,1.926130,3.050583,2.463153,2.395462,0.000000,0.000000,0.000000
0.285827,0.477848,0.294852,0.895908,0.487304,0.824350,0.992975,0.312240,0.277194,0.172109,2.106210,2.288167,2.978425,2.043466,2.163514,2.511995,2.546737,0.000000,0.000000,0.000000
0.915581,0.332099,0.587105,0.981914,0.177384,0.642605,0.498245,0.445299,0.133259,0.047848,2.539219,2.138555,2.100741,1.846793,2.955575,2.289868,2.268045,0.000000,0.000000,0.000000
0.452943,0.190194,0.585930,0.678366,0.654880,0.298833,0.019560,0.986450,0.051448,0.181633,1.425882,2.001350,2.193623,2.552780,1.706874,1.690275,1.525595,0.000000,0.000000,0.000000
0.832657,0.809618,0.772864,0.692106,0.459341,0.645722,0.934373,0.720446,0.862024,0.363335,3.641513,2.352535,3.309950,2.813859,2.765554,3.712005,2.562853,0.000000,0.000000,0.000000
0.878050,0.042581,0.070023,0.736195,0.814848,0.978671,0.581263,0.026320,0.373716,0.536965,2.372083,2.502188,2.180529,2.539910,2.328432,1.994360,2.987896,0.000000,0.000000,0.000000
0.768885,0.680765,0.264129,0.814658,0.777971,0.425813,0.131420,0.041845,0.263843,0.439953,1.745877,2.726970,1.230298,1.903269,2.757937,2.251051,2.045543,0.000000,0.000000,0.000000
0.805691,0.530447,0.839267,0.147381,0.445404,0.512129,0.543363,0.296897,0.766901,0.286739,3.129561,1.609996,2.215734,2.034543,2.111112,2.765388,1.880986,0.000000,0.000000,0.000000
0.081113,0.354628,0.912296,0.821136,0.020421,0.905565,0.437148,0.308661,0.351257,0.999182,2.218240,2.588263,2.904943,2.016068,2.659052,2.002682,3.695546,0.000000,0.000000,0.000000
0.139931,0.381322,0.257649,0.265095,0.322334,0.491337,0.399458,0.962918,0.904630,0.313393,2.105849,1.460322,2.272477,3.121744,1.321056,1.327903,2.063965,0.000000,0.000000,0.000000
0.411568,0.379728,0.285590,0.039852,0.608382,0.071149,0.508916,0.552360,0.691161,0.478918,1.929799,1.858599,1.695882,1.829631,1.665610,1.646134,1.802621,0.000000,0.000000,0.000000
0.098642,0.266396,0.177679,0.202492,0.941280,0.254476,0.701222,0.256613,0.210866,0.713359,1.718538,2.463500,1.667167,2.156286,1.534305,1.416999,1.619078,0.000000,0.000000,0.000000
0.016496,0.413956,0.519034,0.681046,0.353683,0.632610,0.762702,0.121614,0.587362,0.681697,2.021821,2.163643,2.038059,1.810664,1.719780,1.666073,2.528134,0.000000,0.000000,0.000000
0.905769,0.389363,0.186390,0.962339,0.340111,0.320148,0.059820,0.848042,0.845931,0.874504,2.398795,3.019071,1.951957,2.590747,3.583810,2.063860,3.451316,0.000000,0.000000,0.000000
0.465080,0.136427,0.236880,0.011369,0.265451,0.886771,0.238697,0.594181,0.962769,0.424601,2.327478,1.446085,2.397292,3.117717,1.560242,1.500230,2.657814,0.000000,0.000000,0.000000
0.431498,0.441852,0.315019,0.238646,0.764635,0.142822,0.943351,0.624799,0.904763,0.071066,2.830902,1.821393,2.494543,2.650353,1.630334,2.449934,1.962490,0.000000,0.000000,0.000000
0.589160,0.077568,0.275495,0.838965,0.376996,0.773674,0.733124,0.064212,0.138844,0.237356,2.101514,2.023886,2.062577,1.831750,2.103971,1.904960,2.214367,0.000000,0.000000,0.000000
0.879700,0.299988,0.373017,0.753549,0.628425,0.944844,0.860534,0.308936,0.949777,0.776169,3.500050,2.666853,2.858269,3.102203,2.759723,2.569964,3.782173,0.000000,0.000000,0.000000
0.465254,0.775453,0.020664,0.456050,0.901554,0.324526,0.989510,0.400766,0.650735,0.004711,2.385295,2.358021,2.474942,2.397237,2.109837,3.025285,1.869809,0.000000,0.000000,0.000000
0.565713,0.466839,0.911830,0.337356,0.603760,0.726826,0.580255,0.693644,0.526641,0.686882,2.735337,2.161459,3.108573,2.504978,2.120680,2.655143,2.243601,0.000000,0.000000,0.000000
0.136737,0.003740,0.726635,0.778704,0.465800,0.085304,0.883791,0.138707,0.775279,0.767799,2.647420,2.527505,2.115083,1.566879,1.957076,2.130509,2.834341,0.000000,0.000000,0.000000
0.688446,0.527064,0.207511,0.294812,0.883521,0.850144,0.941913,0.257140,0.118282,0.508441,2.425003,2.244828,2.817405,2.606146,2.105235,2.762303,1.858996,0.000000,0.000000,0.000000
0.851220,0.103792,0.675852,0.684307,0.338257,0.681264,0.574233,0.394433,0.716406,0.644117,2.870933,2.073705,2.256546,2.138956,2.348511,2.279436,2.667325,0.000000,0.000000,0.000000
0.385502,0.367290,0.640164,0.693178,0.185742,0.866073,0.609457,0.098729,0.050243,0.986445,2.020421,2.510082,2.243131,1.882235,2.711162,1.920716,3.053246,0.000000,0.000000,0.000000
0.372213,0.239390,0.854189,0.827215,0.261998,0.505582,0.072013,0.095731,0.521642,0.103302,1.907850,1.842003,1.884091,1.606775,1.898868,2.052798,2.272366,0.000000,0.000000,0.000000
0.361744,0.692508,0.917777,0.964827,0.164851,0.381918,0.515261,0.019706,0.723084,0.725708,2.692550,2.819636,2.011861,1.660160,3.090064,2.684857,3.057445,0.000000,0.000000,0.000000
0.212810,0.092851,0.542511,0.632978,0.386402,0.893418,0.826553,0.260044,0.282481,0.119000,2.037880,1.654247,2.709556,2.025100,1.383646,1.847852,2.321943,0.000000,0.000000,0.000000
0.902266,0.627707,0.756512,0.077554,0.728541,0.916873,0.764440,0.968855,0.368303,0.340439,3.029882,2.000155,3.583766,3.260643,2.335774,3.070727,2.120478,0.000000,0.000000,0.000000
0.528082,0.619616,0.935606,0.671127,0.467968,0.344629,0.153907,0.475257,0.271297,0.657627,2.257187,2.350121,2.363926,1.678398,2.399281,2.731558,2.020220,0.000000,0.000000,0.000000
0.226506,0.822172,0.281017,0.110691,0.123935,0.092554,0.324221,0.746157,0.612459,0.537254,1.538422,1.870863,1.795041,1.791911,2.057696,1.935715,1.779858,0.000000,0.000000,0.000000
0.200687,0.461361,0.764053,0.530521,0.379646,0.961916,0.287538,0.310867,0.875021,0.810808,2.360089,2.231678,2.600720,2.699512,2.025788,1.866413,3.545655,0.000000,0.000000,0.000000
0.010985,0.383787,0.968878,0.983315,0.756286,0.150753,0.366779,0.200695,0.108706,0.383967,2.276550,2.876188,2.153968,1.623744,2.149799,2.085885,2.132740,0.000000,0.000000,0.000000
0.415724,0.128618,0.473619,0.604989,0.698938,0.016641,0.867759,0.200922,0.298228,0.947616,2.154736,2.818621,1.904944,1.406361,2.417169,2.105525,2.515178,0.000000,0.000000,0.000000
0.943037,0.964314,0.513373,0.734759,0.672977,0.534830,0.070845,0.212779,0.097527,0.198824,2.095554,2.973900,1.568638,1.884985,3.172259,3.008264,1.727078,0.000000,0.000000,0.000000
0.216898,0.648098,0.729994,0.334397,0.889030,0.182289,0.540203,0.368421,0.716476,0.355789,2.239771,2.229435,1.843265,2.284205,1.694471,2.111096,1.874439,0.000000,0.000000,0.000000
0.464289,0.515978,0.429694,0.960236,0.311043,0.828529,0.155393,0.911050,0.423838,0.412067,1.482565,2.437110,2.635353,2.720903,2.650672,1.810443,2.887086,0.000000,0.000000,0.000000
0.830603,0.925330,0.845636,0.920507,0.526963,0.566306,0.583330,0.772020,0.867556,0.788185,3.444432,3.661315,2.802582,2.875141,3.894460,3.407340,3.307387,0.000000,0.000000,0.000000
0.807834,0.050007,0.913456,0.927415,0.439519,0.025398,0.262108,0.290882,0.435461,0.944483,2.712852,3.129241,2.005762,1.230874,3.392628,2.577245,3.138083,0.000000,0.000000,0.000000
0.444400,0.387017,0.678529,0.383196,0.645860,0.353906,0.056975,0.494907,0.025310,0.390986,1.566863,1.877432,1.832311,1.868250,1.675514,1.906588,1.247607,0.000000,0.000000,0.000000
0.300222,0.538528,0.884493,0.376894,0.381939,0.931464,0.943285,0.901280,0.419082,0.628990,2.756229,1.915212,4.220266,2.830332,1.859259,3.073920,2.562749,0.000000,0.000000,0.000000
0.983330,0.449714,0.917866,0.268697,0.215700,0.858143,0.299779,0.233168,0.037470,0.809137,3.039999,1.930704,2.706286,1.922548,2.720529,2.966929,2.181711,0.000000,0.000000,0.000000
0.843702,0.406759,0.894614,0.457040,0.124076,0.981340,0.341865,0.354249,0.875018,0.342112,3.355918,1.363961,2.997764,2.694973,2.092830,2.738803,3.051367,0.000000,0.000000,0.000000
0.114125,0.796904,0.465193,0.273152,0.097791,0.160220,0.097538,0.777521,0.918541,0.734799,1.923093,2.061398,1.850951,2.477554,2.151487,1.849942,2.390551,0.000000,0.000000,0.000000
0.257484,0.884385,0.341501,0.559874,0.593015,0.399386,0.083251,0.491972,0.733304,0.266526,1.478534,2.451286,1.665659,2.139125,2.156810,2.079495,2.091139,0.000000,0.000000,0.000000
0.966108,0.548198,0.336872,0.623278,0.694509,0.990746,0.466137,0.455750,0.935847,0.100319,3.204774,2.037015,2.551489,3.300488,2.418553,2.352071,3.288826,0.000000,0.000000,0.000000
0.362785,0.323357,0.033114,0.057968,0.516948,0.110662,0.040833,0.455933,0.938115,0.020985,1.946988,1.528516,1.468248,2.231189,1.467365,1.467384,1.941635,0.000000,0.000000,0.000000
0.796497,0.752144,0.425445,0.597542,0.522273,0.440234,0.350400,0.086689,0.104987,0.844609,2.061936,2.769033,1.356280,1.590331,3.092220,2.454300,2.102117,0.000000,0.000000,0.000000
0.401723,0.345762,0.000984,0.233631,0.325189,0.966223,0.878853,0.397630,0.861607,0.597624,2.591342,1.709388,3.010027,2.709828,1.737697,2.117849,3.001217,0.000000,0.000000,0.000000
0.013133,0.381128,0.213529,0.476136,0.138368,0.002531,0.618645,0.738815,0.921428,0.746528,2.349404,1.824715,1.977668,2.271878,1.625830,1.314603,2.564177,0.000000,0.000000,0.000000
0.668363,0.028902,0.642142,0.507022,0.000957,0.886056,0.985726,0.959426,0.212958,0.326107,2.699275,1.237645,3.872334,2.808610,1.769964,2.878095,2.121082,0.000000,0.000000,0.000000
0.908145,0.123670,0.597558,0.214764,0.988381,0.411314,0.761707,0.798105,0.849039,0.192798,3.319457,2.035692,2.536728,3.533481,1.932733,2.473442,1.930950,0.000000,0.000000,0.000000
0.938296,0.023542,0.396410,0.342179,0.603471,0.764609,0.560753,0.434639,0.308962,0.691694,2.512557,2.121977,2.220285,2.182403,2.283494,2.100018,2.098772,0.000000,0.000000,0.000000
0.936264,0.029091,0.212978,0.191992,0.764283,0.985936,0.115801,0.923574,0.946146,0.640761,2.803423,2.181935,2.899255,4.086736,2.201549,1.946951,3.191009,0.000000,0.000000,0.000000
0.052190,0.057050,0.212584,0.498300,0.531144,0.398533,0.449116,0.138926,0.681882,0.669864,1.677637,2.103601,1.390386,1.783868,1.417678,1.105737,2.255990,0.000000,0.000000,0.000000
0.591663,0.983744,0.329877,0.559092,0.406544,0.548465,0.897104,0.651993,0.980375,0.172563,3.206846,2.547629,2.686635,2.964533,2.662262,3.243009,2.388586,0.000000,0.000000,0.000000
0.584880,0.459696,0.655210,0.073037,0.753635,0.920722,0.657671,0.702756,0.742865,0.585973,2.585574,2.142045,3.019247,3.147163,1.997431,2.264565,2.668046,0.000000,0.000000,0.000000
0.677436,0.119627,0.945187,0.197926,0.289561,0.200561,0.600472,0.507214,0.275130,0.201780,2.909531,1.338235,2.562074,1.487835,1.701497,2.666165,1.324139,0.000000,0.000000,0.000000
0.634105,0.967210,0.734672,0.722392,0.346860,0.565462,0.485373,0.291002,0.679045,0.121812,2.496612,2.613829,2.016420,1.904490,2.843735,3.021636,2.304940,0.000000,0.000000,0.000000
0.049813,0.350716,0.790540,0.975154,0.922657,0.310187,0.047700,0.100998,0.853948,0.032783,2.076004,2.866158,1.587888,2.637614,2.077107,1.666870,2.814165,0.000000,0.000000,0.000000
0.838191,0.422776,0.423753,0.785355,0.466708,0.875387,0.187803,0.630036,0.065279,0.401493,1.966477,2.144245,2.435207,2.374007,2.462070,2.094266,2.334001,0.000000,0.000000,0.000000
0.923427,0.186064,0.896393,0.010943,0.228547,0.569695,0.670460,0.370244,0.013904,0.969568,3.243447,2.169808,2.641824,1.718714,2.869500,2.880381,2.030811,0.000000,0.000000,0.000000
0.833815,0.681145,0.556255,0.114663,0.621044,0.365688,0.398307,0.741557,0.354124,0.499213,2.281396,2.087023,2.034216,2.170855,2.422358,2.495059,1.509566,0.000000,0.000000,0.000000
0.661189,0.749806,0.664204,0.671427,0.664023,0.921036,0.563625,0.285047,0.836846,0.067558,2.784255,2.287356,2.507031,2.785509,2.426940,2.617339,3.007595,0.000000,0.000000,0.000000
0.584154,0.411357,0.071397,0.110640,0.125964,0.160998,0.710107,0.623876,0.577063,0.107574,2.162597,1.167524,2.007894,1.663107,1.754764,2.008003,1.591221,0.000000,0.000000,0.000000
0.803631,0.760086,0.408348,0.759675,0.372049,0.399497,0.227311,0.397252,0.140289,0.180154,1.941612,2.176691,1.596400,1.609193,2.720261,2.452123,1.748714,0.000000,0.000000,0.000000
0.520290,0.481877,0.028749,0.643507,0.157829,0.970409,0.504251,0.619149,0.904317,0.716885,2.443756,1.992149,2.689058,3.026465,2.292400,1.817172,3.573629,0.000000,0.000000,0.000000
0.604723,0.422814,0.695054,0.872980,0.418777,0.609238,0.418768,0.311453,0.249097,0.463102,2.124088,2.330492,1.989448,1.783534,2.463600,2.150028,2.248277,0.000000,0.000000,0.000000
0.908049,0.059460,0.955825,0.965472,0.653909,0.979976,0.587001,0.836044,0.643344,0.115159,3.456103,2.567133,3.833326,3.129860,2.781988,2.903556,3.499283,0.000000,0.000000,0.000000
0.754113,0.150179,0.675591,0.648961,0.346635,0.333550,0.301838,0.207451,0.152145,0.889349,2.179416,2.411396,1.554528,1.418772,2.657459,2.093323,2.289098,0.000000,0.000000,0.000000
0.167920,0.050981,0.892721,0.428626,0.985896,0.095866,0.127842,0.208032,0.155142,0.503643,1.868074,2.318306,1.854443,2.098005,1.332025,1.882242,1.466698,0.000000,0.000000,0.000000
0.547979,0.485060,0.469320,0.885252,0.941561,0.542622,0.686825,0.695774,0.071531,0.822746,2.090505,3.367578,2.362723,2.861478,2.954330,2.109163,2.498824,0.000000,0.000000,0.000000
0.073156,0.846072,0.019864,0.211264,0.576816,0.899883,0.023072,0.003974,0.050455,0.674478,1.028438,2.553591,1.813775,2.091821,2.097821,1.789002,2.057679,0.000000,0.000000,0.000000
0.281230,0.847063,0.388492,0.191709,0.554978,0.444067,0.184104,0.328223,0.012641,0.765766,1.321828,2.663251,1.554438,1.722732,2.449141,2.058529,1.537324,0.000000,0.000000,0.000000
0.515426,0.471125,0.802170,0.493779,0.381554,0.476733,0.445394,0.662973,0.144121,0.774041,2.227667,2.150350,2.392664,1.972245,2.260590,2.292915,1.903350,0.000000,0.000000,0.000000
0.054323,0.329874,0.771622,0.705859,0.309476,0.651480,0.776543,0.901199,0.605457,0.332668,2.373298,1.783670,3.148397,2.627658,1.448196,1.986197,2.320647,0.000000,0.000000,0.000000
0.389758,0.184570,0.174244,0.440934,0.056067,0.556441,0.912233,0.804465,0.272019,0.644280,2.074910,1.558052,2.874145,2.209257,1.729064,2.121620,1.829750,0.000000,0.000000,0.000000
0.813075,0.242340,0.113685,0.641342,0.848120,0.757814,0.309957,0.016531,0.962832,0.807579,2.831932,2.767549,1.620758,3.227560,2.567677,1.882503,3.230641,0.000000,0.000000,0.000000
0.558714,0.580992,0.132374,0.969249,0.236457,0.580715,0.103991,0.279607,0.690325,0.750570,1.645570,2.824307,1.618269,1.899214,3.201656,1.898702,3.166329,0.000000,0.000000,0.000000
0.807717,0.230490,0.502016,0.753581,0.979255,0.509042,0.373905,0.119013,0.296833,0.332035,2.160593,2.520272,1.493925,2.470016,2.219941,2.006906,1.968469,0.000000,0.000000,0.000000
0.453328,0.206093,0.237670,0.842073,0.366930,0.524121,0.324719,0.362779,0.874375,0.185042,2.128159,2.000077,1.674911,2.289640,2.004942,1.520346,2.665259,0.000000,0.000000,0.000000
0.030030,0.044826,0.280278,0.920677,0.616004,0.762909,0.848558,0.398648,0.909851,0.423124,2.556777,2.575449,2.597853,2.840878,1.826296,1.572529,3.172009,0.000000,0.000000,0.000000
0.449736,0.043990,0.237409,0.349945,0.929436,0.199632,0.974750,0.027211,0.328572,0.414447,2.202049,2.144061,1.996389,2.014923,1.537856,2.367815,1.523809,0.000000,0.000000,0.000000
0.266657,0.793581,0.865208,0.908123,0.224028,0.169918,0.062568,0.458992,0.859379,0.503495,2.326786,2.623065,2.048489,1.937265,2.704177,2.544125,2.812540,0.000000,0.000000,0.000000
0.039265,0.633160,0.161224,0.310941,0.377245,0.254883,0.017117,0.722014,0.738611,0.373853,1.320470,1.707788,1.787660,2.127495,1.501755,1.444346,1.891768,0.000000,0.000000,0.000000
0.459694,0.644192,0.477874,0.323556,0.525405,0.626614,0.883005,0.433628,0.902280,0.897220,2.866225,2.536491,2.566901,2.622459,2.607901,2.591735,2.883403,0.000000,0.000000,0.000000
0.516164,0.041746,0.606890,0.308331,0.096542,0.133336,0.239856,0.486894,0.677283,0.061372,1.940225,1.129624,1.654128,1.581719,1.527176,1.744744,1.772899,0.000000,0.000000,0.000000
0.422153,0.610457,0.356157,0.671174,0.882738,0.383115,0.119742,0.605324,0.543998,0.999135,1.430709,3.322229,1.769908,2.524962,2.995144,1.840194,3.013421,0.000000,0.000000,0.000000
0.816721,0.272215,0.685987,0.216801,0.653834,0.036289,0.743223,0.569054,0.081869,0.446546,2.733113,1.868919,2.202357,1.639670,1.982075,2.518757,1.217916,0.000000,0.000000,0.000000
0.474752,0.379989,0.967510,0.402383,0.976670,0.853863,0.675399,0.208632,0.289666,0.732790,2.813492,2.599651,3.122045,2.836061,2.038853,2.732892,2.376633,0.000000,0.000000,0.000000
0.587052,0.735762,0.152028,0.133725,0.280161,0.902677,0.997050,0.046035,0.887100,0.175034,2.964478,1.606244,2.852571,2.546070,2.134080,3.120164,2.574286,0.000000,0.000000,0.000000
0.850237,0.802701,0.419389,0.281567,0.024491,0.424747,0.146847,0.279763,0.488801,0.598370,2.000600,1.820020,1.494277,1.560116,2.715095,2.568795,1.814874,0.000000,0.000000,0.000000
0.631219,0.436877,0.993857,0.571856,0.734090,0.218911,0.237210,0.967021,0.563931,0.215986,2.718467,2.004177,3.003944,2.650769,1.939098,2.806931,1.903323,0.000000,0.000000,0.000000
0.819307,0.454560,0.723744,0.993468,0.531125,0.538608,0.827365,0.797712,0.787988,0.845297,3.263276,3.268878,2.928540,2.710327,3.604048,2.873616,3.463112,0.000000,0.000000,0.000000
0.718108,0.773205,0.682347,0.302003,0.914821,0.326100,0.775577,0.738289,0.742284,0.212293,2.912541,2.344854,2.527936,2.940370,2.333840,2.995479,1.854366,0.000000,0.000000,0.000000
0.415377,0.748351,0.264872,0.030243,0.607939,0.385904,0.234086,0.431008,0.156005,0.896409,1.425799,2.725148,1.597679,1.796952,2.695715,1.996991,1.899405,0.000000,0.000000,0.000000
0.768250,0.094723,0.685241,0.871577,0.984601,0.289607,0.406909,0.005411,0.817930,0.680554,2.766449,3.109926,1.377139,2.691720,2.669488,2.126397,2.899813,0.000000,0.000000,0.000000
0.018097,0.395110,0.994905,0.795575,0.486345,0.293696,0.255430,0.611674,0.593320,0.409627,2.364474,2.182061,2.694371,1.906800,1.643553,2.163258,2.302432,0.000000,0.000000,0.000000
0.978169,0.306796,0.572867,0.889068,0.673991,0.363934,0.710422,0.426185,0.164844,0.218623,2.855976,2.433403,2.024883,1.852476,2.707540,2.515016,1.983278,0.000000,0.000000,0.000000
0.654068,0.619818,0.175454,0.929929,0.709750,0.642220,0.612806,0.367432,0.994704,0.976499,3.024996,3.615063,2.010954,3.113743,3.717207,2.184667,3.960724,0.000000,0.000000,0.000000
0.632427,0.249299,0.102903,0.097490,0.782245,0.667887,0.510230,0.166853,0.213630,0.798711,1.913366,2.424973,1.745869,2.176471,2.204196,1.763440,1.931645,0.000000,0.000000,0.000000
0.787806,0.966982,0.028570,0.195139,0.442042,0.792799,0.226702,0.483325,0.552882,0.544282,1.940803,2.620042,2.123507,2.206217,2.885550,2.725525,2.147251,0.000000,0.000000,0.000000
0.813406,0.122851,0.731306,0.590950,0.061303,0.004761,0.805351,0.433151,0.514543,0.122180,2.928185,1.282832,2.241537,1.262705,1.952279,2.640277,1.865589,0.000000,0.000000,0.000000
0.962632,0.209653,0.633104,0.429231,0.188390,0.275377,0.330093,0.990611,0.880423,0.758377,3.111362,1.844538,2.263068,2.864221,2.476699,2.272220,2.506582,0.000000,0.000000,0.000000
0.917604,0.597504,0.408176,0.814517,0.991932,0.994030,0.875364,0.649964,0.596451,0.674346,2.911928,3.114514,3.336576,3.519035,3.021420,2.929778,3.542877,0.000000,0.000000,0.000000
0.837892,0.748300,0.331882,0.406172,0.687982,0.429550,0.096671,0.980816,0.008920,0.600365,1.835289,2.428975,2.178365,2.717185,2.641456,2.434487,1.424335,0.000000,0.000000,0.000000
0.785582,0.234502,0.491868,0.190058,0.881322,0.514438,0.762836,0.601104,0.563997,0.488446,2.600157,2.129791,2.368190,2.661494,1.958411,2.298202,1.786690,0.000000,0.000000,0.000000
0.883714,0.347616,0.792992,0.665227,0.293864,0.082095,0.653415,0.956945,0.503214,0.293598,2.997150,1.689046,2.638097,2.087339,2.225688,2.685500,1.971095,0.000000,0.000000,0.000000
0.412515,0.019461,0.406591,0.447506,0.374648,0.656490,0.102079,0.780344,0.493379,0.372530,1.398719,1.603045,2.239717,2.377269,1.504698,1.480218,1.931084,0.000000,0.000000,0.000000
0.835049,0.524865,0.680499,0.233470,0.571737,0.580770,0.666979,0.634296,0.790343,0.178348,3.069589,1.692162,2.482745,2.560170,2.119177,2.623560,1.964291,0.000000,0.000000,0.000000
0.632966,0.313917,0.198609,0.150539,0.586055,0.056249,0.353380,0.507204,0.196617,0.404578,1.763355,1.762861,1.556053,1.516285,1.798246,1.754938,1.285512,0.000000,0.000000,0.000000
0.708418,0.373841,0.996726,0.212747,0.513122,0.505066,0.125588,0.517260,0.392598,0.387807,2.641413,1.692677,2.761303,1.931484,1.908548,2.838635,1.561255,0.000000,0.000000,0.000000
0.180895,0.347539,0.980699,0.369463,0.933484,0.021683,0.154322,0.191010,0.244682,0.210738,2.133838,2.042916,2.120159,1.875182,1.329671,2.245455,1.390544,0.000000,0.000000,0.000000
0.310912,0.706602,0.206875,0.104180,0.860369,0.499637,0.734670,0.334631,0.571101,0.014723,1.946568,2.111003,1.982630,2.354869,1.810319,2.110371,1.644277,0.000000,0.000000,0.000000
0.347080,0.154865,0.958325,0.816022,0.770283,0.028370,0.071128,0.819795,0.509896,0.782298,2.139302,2.926231,2.664394,2.225069,2.293233,2.251201,2.654547,0.000000,0.000000,0.000000
0.992777,0.357158,0.882997,0.690799,0.448457,0.824732,0.916198,0.512967,0.148935,0.881726,3.590754,2.571821,3.570130,2.178551,3.033551,3.513420,2.774277,0.000000,0.000000,0.000000
0.909911,0.770533,0.844036,0.128042,0.217980,0.295583,0.303486,0.313858,0.644642,0.511956,2.905407,1.834682,1.936690,1.577141,2.638084,3.113404,1.802853,0.000000,0.000000,0.000000
0.075984,0.280153,0.362610,0.123933,0.064050,0.622791,0.728654,0.790546,0.804660,0.589694,2.201333,1.419853,2.582572,2.667245,1.359766,1.484041,2.175521,0.000000,0.000000,0.000000
0.864015,0.706726,0.593832,0.244826,0.223270,0.098198,0.593939,0.554532,0.968050,0.072851,3.428063,1.492713,1.898047,2.295030,2.367455,2.697325,2.028470,0.000000,0.000000,0.000000
0.523763,0.866480,0.569711,0.710045,0.920312,0.222195,0.990728,0.517303,0.808227,0.184034,2.876677,2.875841,2.644461,2.695987,2.534965,3.422887,2.321061,0.000000,0.000000,0.000000
0.522434,0.319251,0.070803,0.823574,0.824171,0.383547,0.652673,0.011167,0.164553,0.755228,1.926699,2.963537,1.436328,1.944230,2.515170,1.806171,2.295227,0.000000,0.000000,0.000000
0.702457,0.528919,0.859009,0.006766,0.483781,0.988173,0.177002,0.228800,0.721733,0.498258,2.575642,1.810306,2.755322,2.425083,2.105911,2.617053,2.799002,0.000000,0.000000,0.000000
0.846773,0.108445,0.907189,0.534308,0.226568,0.036015,0.457065,0.427876,0.925822,0.293625,3.655399,1.465458,2.201973,1.965424,1.965350,2.648785,2.236624,0.000000,0.000000,0.000000
0.611426,0.649409,0.282932,0.693472,0.185105,0.495540,0.943105,0.361649,0.465894,0.475408,2.386710,1.922469,2.452458,1.679786,2.371874,2.846923,2.114545,0.000000,0.000000,0.000000
0.188303,0.557386,0.233128,0.471878,0.794048,0.169147,0.240624,0.939374,0.774974,0.162598,1.649455,2.022080,1.984871,2.912928,1.552862,1.515005,2.002760,0.000000,0.000000,0.000000
0.004674,0.422697,0.992171,0.965875,0.950780,0.734334,0.874850,0.363936,0.377210,0.412702,2.871814,3.054107,3.541809,2.746516,2.123971,2.745823,2.671204,0.000000,0.000000,0.000000
0.204100,0.023241,0.604054,0.464527,0.433707,0.381027,0.529915,0.036990,0.781851,0.962866,2.165656,2.461057,1.464116,1.837653,2.143888,1.503903,2.911398,0.000000,0.000000,0.000000
0.681549,0.207879,0.811361,0.695110,0.994000,0.520002,0.290272,0.482347,0.950491,0.301054,3.105096,2.422362,2.210575,3.550959,1.985509,2.265986,2.534071,0.000000,0.000000,0.000000
0.955196,0.241509,0.896281,0.109135,0.013133,0.020600,0.861559,0.257134,0.119063,0.381206,3.494158,1.163152,2.542402,1.086921,2.069060,3.284508,1.186369,0.000000,0.000000,0.000000
0.922213,0.918417,0.278479,0.842425,0.110187,0.135115,0.299834,0.590347,0.472917,0.017593,2.221926,2.419823,1.641572,1.534982,3.269353,2.795380,2.182937,0.000000,0.000000,0.000000
0.105148,0.363031,0.826518,0.297477,0.483934,0.094680,0.085965,0.805882,0.676528,0.692108,1.871122,2.006642,2.282150,2.066940,1.576300,1.801614,2.096631,0.000000,0.000000,0.000000
0.373991,0.515203,0.296420,0.125747,0.373761,0.685536,0.897265,0.452258,0.204907,0.539797,2.064942,1.737585,2.652311,1.944049,1.796962,2.313630,1.598867,0.000000,0.000000,0.000000
0.110115,0.809542,0.124186,0.722866,0.938594,0.344941,0.862732,0.128884,0.181239,0.058934,1.877852,2.749285,1.890243,2.189494,2.038722,2.321381,1.718137,0.000000,0.000000,0.000000
0.203515,0.725131,0.346888,0.049162,0.169240,0.402402,0.880595,0.379402,0.532684,0.469997,2.044270,1.666737,2.238664,1.631711,1.833156,2.372389,1.665143,0.000000,0.000000,0.000000
0.974116,0.832838,0.513369,0.746535,0.073800,0.190943,0.702896,0.421416,0.735517,0.942777,3.079759,2.859789,1.874607,1.661601,3.816299,3.047129,3.132126,0.000000,0.000000,0.000000
0.987110,0.879111,0.465308,0.261728,0.074784,0.648625,0.893146,0.070053,0.047069,0.228983,2.968283,1.742422,2.250117,1.653956,2.776645,3.497033,1.304578,0.000000,0.000000,0.000000
0.704589,0.693138,0.314326,0.878615,0.936737,0.396247,0.475641,0.250352,0.401768,0.612759,2.029198,3.221293,1.524732,2.306944,3.011033,2.267267,2.428459,0.000000,0.000000,0.000000
0.083929,0.334708,0.901372,0.072123,0.017392,0.387801,0.966476,0.055349,0.991159,0.022558,3.670959,1.030826,2.768609,2.355971,1.195996,2.800794,2.018989,0.000000,0.000000,0.000000
0.433524,0.671359,0.048316,0.317070,0.770629,0.206013,0.818105,0.651225,0.034987,0.609125,2.006163,2.376689,2.241226,2.087762,2.120359,2.332316,1.363327,0.000000,0.000000,0.000000
0.267675,0.003426,0.790463,0.968498,0.566050,0.576203,0.907847,0.952055,0.061148,0.919284,2.473417,3.319571,3.422714,2.663995,2.924379,2.440875,2.886237,0.000000,0.000000,0.000000
0.872500,0.899341,0.886709,0.006605,0.776625,0.360558,0.462550,0.802881,0.961159,0.407327,3.774440,2.596720,2.650041,3.327051,2.748895,3.424267,2.045685,0.000000,0.000000,0.000000
0.541161,0.081164,0.128255,0.482532,0.159693,0.205553,0.188045,0.942491,0.382054,0.318163,1.504316,1.373316,1.991663,2.119221,1.634169,1.551109,1.648884,0.000000,0.000000,0.000000
0.045373,0.807606,0.448106,0.941960,0.797565,0.947877,0.564521,0.415742,0.471871,0.157184,1.706138,3.083465,2.534438,2.677636,2.488767,1.889140,3.170295,0.000000,0.000000,0.000000
0.450074,0.905611,0.822967,0.971799,0.852185,0.372763,0.120057,0.764484,0.610275,0.958968,2.018706,4.362181,2.363867,2.714779,4.043971,2.827788,3.455863,0.000000,0.000000,0.000000
0.334565,0.862027,0.479201,0.654553,0.616465,0.444453,0.557358,0.245603,0.372986,0.922902,1.798686,3.300835,1.669015,1.758403,3.047297,2.284199,2.626528,0.000000,0.000000,0.000000
0.920028,0.082784,0.536159,0.325765,0.778613,0.236543,0.137449,0.226825,0.408655,0.706871,2.165917,2.312897,1.368011,1.787907,2.291342,2.081366,1.871108,0.000000,0.000000,0.000000
0.520394,0.100228,0.782643,0.916378,0.738305,0.171061,0.328792,0.813051,0.258324,0.473869,2.083447,2.732487,2.253049,2.239012,2.342027,2.021518,2.205338,0.000000,0.000000,0.000000
0.324847,0.285606,0.383229,0.521358,0.623423,0.916672,0.121207,0.365894,0.149342,0.887678,1.283513,2.559762,2.229531,2.293345,2.179767,1.462916,2.826705,0.000000,0.000000,0.000000
0.322139,0.246599,0.253692,0.317898,0.940730,0.183821,0.910706,0.009641,0.614690,0.503605,2.173572,2.230173,1.802899,2.159200,1.520886,2.087156,1.844614,0.000000,0.000000,0.000000
0.666203,0.289966,0.642286,0.190238,0.563174,0.178271,0.659919,0.312908,0.843277,0.283004,2.874394,1.657220,1.802260,1.960488,1.774259,2.204900,1.903144,0.000000,0.000000,0.000000
0.652829,0.506558,0.689661,0.185122,0.468429,0.988058,0.461711,0.052921,0.122498,0.882969,2.216147,2.320252,2.353832,2.093869,2.598998,2.282900,2.798243,0.000000,0.000000,0.000000
0.566492,0.537832,0.870824,0.853415,0.714516,0.437761,0.919411,0.351125,0.888892,0.171395,3.525001,2.449122,2.895022,2.550136,2.391235,3.230689,2.658967,0.000000,0.000000,0.000000
0.513158,0.635767,0.102824,0.524366,0.017394,0.063870,0.779177,0.480562,0.584672,0.518106,2.160451,1.593385,1.957805,1.411670,2.132038,2.287037,1.998725,0.000000,0.000000,0.000000
0.371823,0.435322,0.481585,0.400415,0.940397,0.198071,0.717978,0.453173,0.008558,0.583083,1.967921,2.380494,1.916305,2.235074,1.785274,1.938751,1.368669,0.000000,0.000000,0.000000
0.700454,0.428700,0.635776,0.290394,0.688290,0.229916,0.956122,0.506804,0.719933,0.938167,2.972384,2.626711,2.597110,2.081477,2.717083,2.976931,2.632789,0.000000,0.000000,0.000000
0.384451,0.679048,0.794362,0.745461,0.278016,0.110224,0.481520,0.609006,0.889099,0.574601,2.755459,2.235062,2.130976,2.127487,2.344086,2.400567,2.634673,0.000000,0.000000,0.000000
0.428002,0.702692,0.086553,0.035373,0.433559,0.712737,0.678647,0.120200,0.946741,0.836951,2.665867,2.377905,1.940809,2.612068,2.508052,2.134543,2.792322,0.000000,0.000000,0.000000
0.156101,0.343510,0.662134,0.056011,0.175702,0.550357,0.079994,0.138280,0.748777,0.618433,1.709003,1.572261,1.633899,1.889250,1.510635,1.564435,2.080184,0.000000,0.000000,0.000000
0.875402,0.564820,0.985535,0.519629,0.060431,0.957182,0.988565,0.442600,0.526844,0.604840,3.789167,1.668344,4.268268,2.230340,2.488601,4.106693,2.857546,0.000000,0.000000,0.000000
0.713426,0.243741,0.854796,0.883295,0.569368,0.844594,0.518583,0.758499,0.872009,0.222474,3.230349,2.311547,3.145188,3.182700,2.392575,2.469739,3.172082,0.000000,0.000000,0.000000
0.296090,0.887619,0.095882,0.725764,0.920981,0.010982,0.237014,0.889118,0.038951,0.000854,1.325567,2.924002,1.902638,2.582697,2.361406,2.087995,1.565684,0.000000,0.000000,0.000000
0.981123,0.478062,0.076826,0.142082,0.384545,0.317244,0.439034,0.286706,0.562124,0.124299,2.501935,1.455095,1.472008,1.556154,2.211994,2.247272,1.594361,0.000000,0.000000,0.000000
0.753445,0.073154,0.518043,0.534989,0.021590,0.274403,0.364514,0.150884,0.556424,0.053758,2.167076,1.177629,1.346636,1.393036,1.840869,1.915477,1.848462,0.000000,0.000000,0.000000
0.644662,0.542927,0.060080,0.543295,0.703309,0.207710,0.095504,0.855777,0.916296,0.597103,2.216235,2.307094,1.899805,2.992877,2.239442,1.939731,2.426213,0.000000,0.000000,0.000000
0.157019,0.472347,0.883125,0.268661,0.638219,0.676858,0.939810,0.468001,0.140730,0.061242,2.653615,1.711140,3.364478,2.156237,1.385570,2.849007,1.423028,0.000000,0.000000,0.000000
0.219369,0.917014,0.919737,0.523300,0.589414,0.599036,0.791578,0.572295,0.363340,0.617964,2.635148,2.821733,3.142711,2.148754,2.371261,3.230925,2.001939,0.000000,0.000000,0.000000
0.998995,0.497329,0.528194,0.340588,0.034242,0.608065,0.743365,0.048504,0.534456,0.273961,2.970309,1.209980,1.906859,1.692050,2.280349,2.699049,1.807728,0.000000,0.000000,0.000000
0.227534,0.350884,0.558146,0.544014,0.853571,0.791800,0.120568,0.960573,0.469187,0.881293,1.394678,2.806409,2.686323,3.384858,2.122722,1.524743,2.842683,0.000000,0.000000,0.000000
0.326469,0.742792,0.317862,0.372844,0.697026,0.837716,0.904332,0.342817,0.024404,0.374408,2.043030,2.193454,2.794370,2.293887,1.950018,2.579147,1.708380,0.000000,0.000000,0.000000
0.470948,0.552915,0.316495,0.331328,0.259009,0.285586,0.379535,0.073903,0.340457,0.430539,1.646465,1.574206,1.220167,1.321858,1.868520,1.829115,1.536693,0.000000,0.000000,0.000000
0.026558,0.242926,0.360071,0.684883,0.787291,0.939678,0.043725,0.143365,0.950364,0.524326,1.906868,2.386945,2.043252,3.263969,1.449739,1.132258,3.343253,0.000000,0.000000,0.000000
0.628027,0.968348,0.667614,0.494737,0.660879,0.411368,0.533263,0.770268,0.044722,0.218924,2.225245,2.709180,2.289791,2.293330,2.636128,2.944152,1.328616,0.000000,0.000000,0.000000
0.168757,0.641705,0.046805,0.662806,0.778211,0.780107,0.682306,0.274285,0.233260,0.976431,1.713848,3.192373,2.200499,2.329594,2.704482,1.797374,2.973870,0.000000,0.000000,0.000000
0.942686,0.838347,0.661319,0.164942,0.368205,0.712162,0.976299,0.433072,0.931723,0.844562,3.907788,2.579942,3.062084,2.703242,3.248666,3.843248,2.818569,0.000000,0.000000,0.000000
0.908182,0.535303,0.421792,0.748584,0.272862,0.193794,0.387074,0.379907,0.286614,0.291253,2.293658,1.859291,1.507108,1.365187,2.533462,2.292220,1.873109,0.000000,0.000000,0.000000
0.717988,0.107672,0.570855,0.068118,0.920320,0.684707,0.361695,0.345945,0.477774,0.847008,2.115337,2.638194,1.968282,2.635992,2.337266,1.932724,2.309873,0.000000,0.000000,0.000000
0.189980,0.409239,0.493820,0.913558,0.297470,0.423258,0.444380,0.200649,0.506933,0.856203,1.666934,2.821048,1.527017,1.555880,2.681664,1.516875,3.001285,0.000000,0.000000,0.000000
0.630395,0.176282,0.078712,0.936743,0.995282,0.160479,0.129823,0.393899,0.993083,0.983485,2.500325,3.785468,1.421879,3.274164,3.382720,1.662242,3.822500,0.000000,0.000000,0.000000
0.813571,0.352691,0.157719,0.976486,0.012555,0.038691,0.215907,0.094322,0.133308,0.128065,1.882043,1.975532,1.106502,1.047906,2.849271,1.944058,2.088935,0.000000,0.000000,0.000000
0.437164,0.534280,0.917089,0.217833,0.728559,0.248736,0.658058,0.493653,0.764475,0.283197,2.962040,1.900581,2.547857,2.220698,1.747583,2.681462,1.838467,0.000000,0.000000,0.000000
0.584082,0.682028,0.509268,0.435301,0.508584,0.315861,0.448659,0.466944,0.652167,0.052398,2.102790,1.810189,1.724289,1.846345,2.085293,2.221845,1.851751,0.000000,0.000000,0.000000
0.976823,0.154175,0.252546,0.848526,0.169205,0.665744,0.467172,0.078904,0.520082,0.558784,2.510625,2.092945,1.628147,1.749976,2.693462,2.064334,2.610991,0.000000,0.000000,0.000000
0.370792,0.281602,0.637183,0.722137,0.216340,0.546729,0.735818,0.166995,0.094627,0.143635,2.132084,1.619842,2.029139,1.584822,1.725000,2.001936,1.708421,0.000000,0.000000,0.000000
0.900155,0.119447,0.645556,0.783520,0.769012,0.150937,0.397231,0.188648,0.905961,0.561037,3.150194,2.564984,1.447784,2.314958,2.467893,2.208351,2.696977,0.000000,0.000000,0.000000
0.827770,0.324719,0.833221,0.955654,0.064717,0.723952,0.030404,0.875777,0.696584,0.635394,2.529525,2.352336,2.881906,2.726656,3.023808,2.511684,3.141071,0.000000,0.000000,0.000000
0.373175,0.422068,0.560173,0.085558,0.460428,0.472042,0.394143,0.974183,0.707906,0.149129,1.960314,1.515028,2.356703,2.769814,1.554686,1.751228,1.768193,0.000000,0.000000,0.000000
0.167382,0.242803,0.291633,0.230222,0.794797,0.100679,0.472371,0.682612,0.175550,0.694928,1.526141,2.293400,1.805384,2.069663,1.564741,1.300927,1.564252,0.000000,0.000000,0.000000
0.260060,0.329801,0.846069,0.549953,0.998268,0.779288,0.147463,0.397608,0.438089,0.274092,1.857573,2.251557,2.520522,2.969026,1.480896,1.974947,2.129930,0.000000,0.000000,0.000000
0.370761,0.566810,0.747217,0.578642,0.556399,0.589270,0.586881,0.986904,0.123712,0.142974,2.141775,1.873802,2.848018,2.735733,1.807066,2.227862,1.582036,0.000000,0.000000,0.000000
0.562785,0.193758,0.742568,0.588949,0.946812,0.182488,0.361831,0.805374,0.110759,0.810776,2.088167,2.809861,2.190098,2.680037,2.253608,2.026926,1.991698,0.000000,0.000000,0.000000
0.696371,0.470546,0.304590,0.906259,0.221876,0.695606,0.487396,0.715777,0.585912,0.713300,2.118437,2.524012,2.324036,2.336715,2.955252,2.002475,3.004270,0.000000,0.000000,0.000000
0.371948,0.207478,0.357835,0.712244,0.794930,0.538096,0.981297,0.848517,0.131459,0.959218,2.165760,3.078198,3.099393,2.760703,2.554916,2.388074,2.605164,0.000000,0.000000,0.000000
0.132206,0.096374,0.533972,0.490072,0.135348,0.166352,0.171186,0.846762,0.261736,0.973312,1.345607,2.200472,1.960749,1.890531,2.121230,1.294603,2.424726,0.000000,0.000000,0.000000
0.709162,0.239679,0.589637,0.529790,0.580829,0.631577,0.647682,0.119508,0.107133,0.559855,2.355725,2.046267,1.910972,1.841941,2.020867,2.147582,1.722403,0.000000,0.000000,0.000000
0.423261,0.672741,0.524702,0.151171,0.063723,0.294355,0.200425,0.607169,0.931099,0.033019,2.275627,1.273097,1.777662,2.414863,1.876399,2.021911,1.961495,0.000000,0.000000,0.000000
0.807016,0.322938,0.254264,0.153560,0.606291,0.032071,0.638193,0.465896,0.839108,0.222906,2.801666,1.670476,1.731034,1.967755,1.922937,2.093629,1.873765,0.000000,0.000000,0.000000
0.115778,0.343850,0.130882,0.218334,0.526608,0.448116,0.499232,0.844152,0.151883,0.237902,1.515411,1.607593,2.169678,2.307277,1.249748,1.298370,1.253341,0.000000,0.000000,0.000000
0.724580,0.841461,0.420799,0.920890,0.931163,0.406084,0.921110,0.421229,0.279169,0.647943,2.526711,3.633287,2.398997,2.396970,3.423831,3.227005,2.426426,0.000000,0.000000,0.000000
0.245747,0.463421,0.814997,0.619145,0.061360,0.351074,0.218217,0.949125,0.297660,0.003540,1.827795,1.344837,2.523958,2.259995,1.607456,2.004111,1.696192,0.000000,0.000000,0.000000
0.743496,0.060926,0.333720,0.646038,0.905192,0.367804,0.329116,0.281594,0.647096,0.072137,2.094405,2.180044,1.464926,2.364126,1.921777,1.796106,2.083137,0.000000,0.000000,0.000000
0.976658,0.070459,0.604962,0.131986,0.512321,0.094980,0.599778,0.901860,0.107227,0.559714,2.775174,1.827925,2.260582,2.042934,2.157273,2.332434,1.300076,0.000000,0.000000,0.000000
0.409859,0.397715,0.081521,0.981897,0.390886,0.231885,0.846419,0.581840,0.635229,0.534175,2.177770,2.647916,2.242051,1.792972,2.649989,2.081843,2.754665,0.000000,0.000000,0.000000
0.986013,0.596288,0.136821,0.956084,0.612224,0.256100,0.207125,0.276941,0.836114,0.620100,2.670630,2.997124,1.351765,2.050991,3.415589,2.345973,2.992956,0.000000,0.000000,0.000000
0.329899,0.453663,0.354956,0.960897,0.004630,0.153988,0.690579,0.647858,0.154511,0.231459,1.844704,1.987780,2.016781,1.574278,2.400635,1.807864,2.090797,0.000000,0.000000,0.000000
0.093719,0.904697,0.266496,0.273289,0.610854,0.149748,0.915973,0.977057,0.013493,0.078915,1.943683,2.307398,2.773033,2.332324,1.918266,2.635055,1.089174,0.000000,0.000000,0.000000
0.128377,0.532289,0.963360,0.569246,0.273447,0.495972,0.422031,0.597240,0.037885,0.088064,2.332571,1.545938,2.779695,1.873116,1.517394,2.337490,1.423119,0.000000,0.000000,0.000000
0.193404,0.568700,0.956845,0.911355,0.702255,0.592272,0.243027,0.658648,0.782353,0.539320,2.531113,2.854664,2.862025,2.747053,2.363537,2.396355,2.892842,0.000000,0.000000,0.000000
0.958451,0.118675,0.530619,0.300040,0.430856,0.992274,0.821506,0.018459,0.875602,0.102830,3.477330,1.468640,2.636752,2.660393,1.981727,2.577387,2.936165,0.000000,0.000000,0.000000
0.347402,0.819987,0.843639,0.489711,0.863815,0.890920,0.094344,0.704423,0.385303,0.379316,1.837514,2.577228,3.005558,3.053730,2.131869,2.620301,2.309717,0.000000,0.000000,0.000000
0.063843,0.284977,0.142125,0.136614,0.815048,0.911674,0.637446,0.575609,0.681365,0.175200,1.859929,1.854888,2.666185,2.999974,1.150781,1.313036,2.396217,0.000000,0.000000,0.000000
0.086250,0.332113,0.893781,0.452652,0.439866,0.774117,0.129621,0.803569,0.069427,0.506417,1.851076,1.801235,3.043157,2.504969,1.368405,1.910824,1.763304,0.000000,0.000000,0.000000
0.260341,0.920322,0.196596,0.622936,0.020334,0.811518,0.185912,0.469342,0.648176,0.375305,1.437800,2.120314,2.135823,2.208320,2.310780,2.116127,2.522792,0.000000,0.000000,0.000000
0.150472,0.716862,0.859822,0.185509,0.620812,0.393038,0.751582,0.393507,0.472755,0.098664,2.459836,1.901014,2.519091,1.837102,1.666508,2.619109,1.531993,0.000000,0.000000,0.000000
0.179766,0.364446,0.637877,0.105511,0.572264,0.856573,0.706418,0.361525,0.594528,0.766574,2.123214,2.178717,2.613320,2.299618,1.763178,1.821158,2.594468,0.000000,0.000000,0.000000
0.273810,0.118632,0.881924,0.258318,0.117381,0.742166,0.119599,0.201567,0.335244,0.663359,1.893154,1.574862,2.359046,1.797044,1.584244,1.974040,1.997273,0.000000,0.000000,0.000000
0.746268,0.287849,0.225985,0.300177,0.955783,0.096245,0.454657,0.392871,0.220435,0.520572,2.025475,2.260691,1.498725,2.126082,1.978316,1.883396,1.451699,0.000000,0.000000,0.000000
0.439754,0.884239,0.496435,0.422505,0.125825,0.276888,0.406702,0.729653,0.212382,0.654911,1.724465,2.241490,1.934327,1.813307,2.534396,2.371338,1.677667,0.000000,0.000000,0.000000
0.124581,0.528059,0.437801,0.223794,0.918277,0.425673,0.136201,0.690541,0.914892,0.663046,1.936249,2.446871,1.911003,3.377455,1.697432,1.487686,2.289303,0.000000,0.000000,0.000000
0.239114,0.733629,0.928993,0.929853,0.836913,0.045656,0.604456,0.446789,0.761280,0.091580,2.799253,2.938947,2.414538,2.167346,2.525672,2.712564,2.626679,0.000000,0.000000,0.000000
0.368144,0.922554,0.087684,0.968289,0.172324,0.322609,0.847313,0.968562,0.358191,0.054040,1.999978,2.807478,2.681015,2.282298,3.098472,2.735359,2.306765,0.000000,0.000000,0.000000
0.788279,0.984830,0.401690,0.804162,0.565023,0.196291,0.406783,0.073727,0.549917,0.081510,2.184432,3.032386,1.205604,1.473562,3.176901,2.850364,2.198620,0.000000,0.000000,0.000000
0.908074,0.855395,0.541737,0.701309,0.357707,0.059338,0.854523,0.833706,0.015826,0.683940,2.838110,2.705793,2.547337,1.800173,3.201604,3.331968,1.827602,0.000000,0.000000,0.000000
0.371395,0.083305,0.526111,0.723501,0.554843,0.394150,0.925080,0.476336,0.084521,0.005182,2.208690,1.933638,2.499965,1.791906,1.652340,2.256308,1.632110,0.000000,0.000000,0.000000
0.043618,0.908121,0.625713,0.732879,0.218154,0.950907,0.184067,0.543303,0.831431,0.304178,1.908812,2.384419,2.607048,2.734332,2.184934,2.114426,3.214307,0.000000,0.000000,0.000000
0.107353,0.004701,0.573809,0.677942,0.926322,0.336420,0.109170,0.666999,0.647924,0.756839,1.485862,2.810712,1.889889,2.752395,1.752134,1.296448,2.553860,0.000000,0.000000,0.000000
