0.553533,0.937812,0.776026,0.219611,0.007750,0.903243,0.834092,0.337246,0.984808,0.805536,2.270842,3.333946,3.348176,2.664462,3.136138,3.338583,2.572138,3.742448,0.000000,0.000000
0.765655,0.780966,0.535409,0.299267,0.156882,0.297589,0.181716,0.584358,0.111175,0.922551,2.541279,1.876131,2.254937,1.806381,2.316218,1.816905,2.519120,2.133463,0.000000,0.000000
0.787217,0.198269,0.797832,0.667211,0.979086,0.198228,0.752309,0.706824,0.195494,0.907388,3.304274,2.582278,2.752159,2.517405,3.000554,2.624638,3.346954,1.786957,0.000000,0.000000
0.783315,0.645904,0.673649,0.918034,0.450734,0.804741,0.371626,0.603772,0.500703,0.167400,2.657187,2.386111,2.344760,3.093930,2.160254,2.204115,2.759701,3.073038,0.000000,0.000000
0.929953,0.310740,0.970262,0.034838,0.493885,0.330759,0.787636,0.070417,0.557159,0.483440,2.070865,1.968265,2.329882,3.308263,1.917549,2.617573,2.707114,1.298543,0.000000,0.000000
0.602954,0.575115,0.286109,0.887822,0.472535,0.768390,0.123087,0.853276,0.478197,0.162727,2.652514,2.217260,2.071707,2.548257,2.204075,1.773144,2.187148,3.143522,0.000000,0.000000
0.350423,0.481595,0.073000,0.450926,0.249281,0.157250,0.377475,0.883342,0.873676,0.610051,2.313742,1.563969,2.229293,2.088190,2.385417,1.975289,1.730465,1.986590,0.000000,0.000000
0.517271,0.090757,0.733024,0.663093,0.080769,0.735872,0.621008,0.144882,0.018857,0.506074,2.002902,1.871799,1.518416,1.866700,2.064840,1.618168,2.245727,2.227965,0.000000,0.000000
0.020638,0.433509,0.399475,0.437948,0.146443,0.835676,0.700292,0.742435,0.696036,0.851558,2.577207,2.475753,1.587034,1.805926,3.356709,1.678547,2.310560,3.174462,0.000000,0.000000
0.487096,0.037519,0.901520,0.441669,0.637089,0.473658,0.357358,0.295374,0.672209,0.227326,2.162737,1.472247,2.103754,2.656172,1.506685,2.753577,1.683447,1.744079,0.000000,0.000000
0.584535,0.423919,0.081787,0.724209,0.477397,0.890863,0.741147,0.820039,0.593088,0.167765,2.349284,2.676609,2.064412,2.314646,3.048193,1.725002,2.463452,3.439608,0.000000,0.000000
0.278414,0.214689,0.585168,0.387569,0.192754,0.585268,0.974890,0.481544,0.864493,0.219781,1.759623,2.485153,2.037038,2.117477,2.334723,2.183378,2.112954,2.168746,0.000000,0.000000
0.866525,0.151464,0.318650,0.780498,0.539904,0.030871,0.072348,0.281309,0.265407,0.511263,2.034435,1.237766,2.025411,2.502044,1.285122,1.660664,2.367000,1.283742,0.000000,0.000000
0.585440,0.601216,0.587904,0.062088,0.693540,0.838118,0.288745,0.557884,0.605047,0.607408,1.905300,2.559090,2.400195,2.067487,2.317506,2.391321,1.767844,3.093423,0.000000,0.000000
0.828825,0.038304,0.163658,0.555172,0.372589,0.504647,0.709408,0.139156,0.531173,0.823496,2.006538,1.669262,2.130298,2.389954,2.352078,1.549242,3.027353,1.648496,0.000000,0.000000
0.560115,0.573612,0.536112,0.727429,0.563077,0.791353,0.417708,0.285214,0.595665,0.734232,2.292796,2.373258,2.204192,2.376923,2.287053,2.170106,2.406982,2.645956,0.000000,0.000000
0.931054,0.153772,0.047371,0.861303,0.329118,0.441503,0.094228,0.551679,0.097176,0.640841,2.556706,1.361266,1.955866,2.602993,1.699753,1.332839,2.768697,1.942088,0.000000,0.000000
0.281332,0.283894,0.108331,0.701462,0.765003,0.274672,0.538544,0.887661,0.850033,0.032501,2.379881,1.858026,2.369262,2.274472,2.332212,2.397431,1.962846,2.045046,0.000000,0.000000
0.504454,0.271610,0.363432,0.841850,0.025747,0.580904,0.112212,0.157601,0.822057,0.579137,2.078001,1.610473,2.200268,2.690605,1.445165,1.718799,2.075807,1.837943,0.000000,0.000000
0.301751,0.773354,0.317035,0.979166,0.754141,0.459439,0.597823,0.518060,0.617461,0.442651,2.573663,2.521548,2.468986,2.657409,1.997499,2.447760,2.666062,2.297926,0.000000,0.000000
0.227271,0.755821,0.521288,0.196823,0.277574,0.675774,0.290869,0.772697,0.739613,0.845410,2.489509,2.243037,2.212011,1.872734,2.700707,2.280249,1.860968,3.012383,0.000000,0.000000
0.690381,0.576517,0.410814,0.158406,0.024761,0.037826,0.437603,0.260218,0.247397,0.740311,1.719528,1.661748,1.943205,1.756480,1.911054,1.319143,2.218574,1.373551,0.000000,0.000000
0.616408,0.292866,0.226835,0.672596,0.991830,0.084738,0.781319,0.951406,0.662075,0.039712,2.406501,2.744729,3.047590,2.348954,2.686606,2.340858,2.465552,1.973123,0.000000,0.000000
0.431605,0.311338,0.292754,0.433733,0.374029,0.229821,0.027932,0.985083,0.462219,0.129504,2.182724,1.383749,1.695001,1.737443,2.003281,1.567882,1.296091,2.100114,0.000000,0.000000
0.061034,0.163314,0.452108,0.037270,0.239213,0.491987,0.299380,0.268767,0.119348,0.680690,1.627325,1.435473,1.082908,1.164905,1.745595,1.446026,1.517840,1.753581,0.000000,0.000000
0.106388,0.268744,0.893207,0.764673,0.143883,0.505711,0.892465,0.317879,0.103145,0.261680,2.557037,2.235759,1.136865,2.198100,2.076836,1.948014,2.355596,1.834583,0.000000,0.000000
0.685202,0.463089,0.829521,0.027111,0.493550,0.382495,0.466912,0.492443,0.583866,0.126480,1.968690,1.770518,2.184749,2.526876,1.732840,2.426684,1.936689,1.831038,0.000000,0.000000
0.425106,0.372911,0.818961,0.992720,0.364780,0.393189,0.171057,0.505787,0.158277,0.335246,2.978792,1.550221,1.519722,2.767144,1.488456,2.058781,2.342722,1.834321,0.000000,0.000000
0.424378,0.670834,0.769401,0.356245,0.647741,0.580282,0.392836,0.280813,0.416061,0.252937,1.774344,2.244222,2.075411,1.991808,1.601259,2.514259,1.622237,2.156784,0.000000,0.000000
0.723038,0.770077,0.056153,0.146351,0.157622,0.264976,0.450539,0.773394,0.335567,0.309076,1.824348,1.932360,2.292931,1.861496,2.083133,1.550233,1.985584,2.265490,0.000000,0.000000
0.773474,0.247038,0.106794,0.521091,0.736728,0.918000,0.086252,0.623835,0.393011,0.637244,2.154273,2.385001,2.237605,2.132899,2.444378,1.812561,1.990911,3.313007,0.000000,0.000000
0.343702,0.574403,0.373807,0.119118,0.761305,0.097237,0.818210,0.807778,0.224028,0.243013,1.855844,2.467542,1.919328,1.363374,2.485156,2.021140,1.941518,1.935548,0.000000,0.000000
0.590064,0.343355,0.703603,0.609515,0.867376,0.055948,0.889694,0.189691,0.564547,0.770685,2.264034,2.616745,2.515274,2.384245,2.383439,2.556261,2.817093,1.209849,0.000000,0.000000
0.896786,0.251824,0.141001,0.699519,0.836609,0.289537,0.640338,0.036314,0.290346,0.869767,2.184011,2.088096,2.486937,2.437259,2.306659,1.884988,3.359141,1.207999,0.000000,0.000000
0.438454,0.929843,0.637179,0.290223,0.857924,0.952650,0.861771,0.214226,0.236536,0.801593,1.978353,4.019125,2.840098,1.618057,3.246363,3.024701,2.491331,3.776857,0.000000,0.000000
0.698370,0.897908,0.056056,0.189595,0.923853,0.283380,0.478406,0.319362,0.941264,0.891025,2.062726,2.816176,4.036745,2.435810,2.294256,3.410953,2.603262,2.129990,0.000000,0.000000
0.402605,0.247635,0.064743,0.956676,0.394366,0.820062,0.880822,0.637388,0.004717,0.277817,2.574078,2.627707,1.442001,2.042404,2.760786,1.402319,2.924449,2.986151,0.000000,0.000000
0.154973,0.520971,0.587605,0.639324,0.345119,0.589433,0.969411,0.187669,0.196964,0.359719,1.762169,2.793600,1.349352,1.601512,2.171886,1.771704,2.271485,1.956195,0.000000,0.000000
0.124801,0.695656,0.123811,0.005904,0.381640,0.303852,0.375267,0.089556,0.058284,0.127685,1.091908,1.862043,1.486065,1.074094,1.393894,1.631363,1.391109,1.508403,0.000000,0.000000
0.932460,0.095160,0.946068,0.663259,0.516941,0.881978,0.645116,0.305330,0.565205,0.455899,2.641105,2.212937,2.324189,3.527569,2.438204,2.592626,2.849573,2.861182,0.000000,0.000000
0.620813,0.468341,0.186542,0.241326,0.058172,0.354672,0.084584,0.710641,0.456292,0.589513,1.974961,1.594750,1.931753,1.856966,1.810289,1.236082,1.604820,2.010338,0.000000,0.000000
0.450621,0.031638,0.471713,0.936414,0.537013,0.331428,0.446824,0.040413,0.524688,0.197998,1.974557,1.313857,1.809115,2.598373,1.468285,1.903973,2.472533,1.260103,0.000000,0.000000
0.334366,0.155604,0.995054,0.873414,0.775832,0.850381,0.485282,0.557956,0.253646,0.590681,3.507262,2.355337,1.764772,3.012094,2.525630,2.782870,2.385102,3.004838,0.000000,0.000000
0.202638,0.228558,0.543835,0.600562,0.730432,0.333115,0.442789,0.866881,0.743897,0.344189,2.355802,1.710991,2.052615,2.089039,2.247359,2.440577,1.714492,2.091541,0.000000,0.000000
0.013661,0.593637,0.428856,0.115329,0.347293,0.920217,0.578685,0.003159,0.587804,0.232553,1.062862,2.648771,1.582923,1.623351,2.308341,1.858494,1.583330,2.820947,0.000000,0.000000
0.381918,0.967894,0.611298,0.622959,0.209963,0.021873,0.348707,0.961222,0.872690,0.096635,2.489843,2.012718,3.052191,2.399950,2.273558,3.125909,1.736413,2.839808,0.000000,0.000000
0.388847,0.383227,0.773456,0.743159,0.019330,0.270950,0.687441,0.148474,0.572541,0.757484,2.493273,1.781510,1.772932,2.492062,2.149506,1.826814,2.578304,1.316871,0.000000,0.000000
0.144428,0.704260,0.989906,0.353659,0.753611,0.281282,0.118212,0.314494,0.945052,0.660935,2.688520,2.107575,2.709395,2.970377,1.512098,3.823571,1.374131,1.718731,0.000000,0.000000
0.446514,0.411481,0.851970,0.144750,0.812412,0.853206,0.587306,0.520761,0.222121,0.738410,2.471194,2.777636,2.001139,1.951392,2.791042,2.577892,2.087011,3.005349,0.000000,0.000000
0.833917,0.369461,0.080214,0.475074,0.779120,0.170402,0.186296,0.825104,0.869307,0.062671,2.051087,1.773446,3.008526,2.671988,1.868181,2.461118,1.988950,1.901810,0.000000,0.000000
0.063215,0.362819,0.100918,0.616553,0.998554,0.087028,0.675988,0.032592,0.961537,0.598264,1.626964,2.673520,3.029757,2.200012,1.891238,2.915060,2.042466,1.065069,0.000000,0.000000
0.627358,0.230596,0.174188,0.369136,0.932100,0.777166,0.534218,0.262371,0.442580,0.536583,1.554047,2.741874,2.590328,1.887378,2.122351,2.051960,2.060994,2.473173,0.000000,0.000000
0.454211,0.182223,0.220627,0.528820,0.545705,0.483840,0.926454,0.965563,0.261886,0.832356,2.824253,2.300195,1.617527,1.618448,3.490239,1.613445,2.760640,2.434868,0.000000,0.000000
0.588103,0.606546,0.788563,0.909332,0.223614,0.917650,0.625794,0.503973,0.696295,0.875095,3.387673,2.696201,2.298577,3.180748,3.259024,2.318378,3.310008,3.323486,0.000000,0.000000
0.388227,0.399022,0.106710,0.812205,0.982375,0.624184,0.764337,0.393969,0.678073,0.684462,2.374438,3.166504,2.842885,2.364716,2.392003,2.330879,2.670332,2.198531,0.000000,0.000000
0.188742,0.783231,0.608316,0.831065,0.887883,0.599613,0.096227,0.189648,0.446351,0.884103,2.708302,2.765131,2.489919,2.192901,1.952509,2.723179,2.316801,2.285042,0.000000,0.000000
0.679881,0.924570,0.806409,0.028751,0.741969,0.957726,0.159491,0.416447,0.867893,0.939255,2.668768,3.148938,3.526541,2.753039,3.002859,3.776729,2.400030,3.981661,0.000000,0.000000
0.486634,0.400994,0.391310,0.988080,0.452192,0.024419,0.571760,0.296714,0.345294,0.201582,2.304654,1.630316,1.712151,2.570218,1.667992,1.672340,2.774889,1.323762,0.000000,0.000000
0.824600,0.568746,0.304858,0.242846,0.559230,0.164942,0.486413,0.968379,0.350272,0.090855,2.036740,1.808841,2.229069,2.053197,2.425661,1.799777,2.180769,2.127424,0.000000,0.000000
0.243590,0.434711,0.501749,0.773903,0.605406,0.517108,0.296620,0.218368,0.022326,0.759039,2.317987,1.862543,1.460571,1.608552,1.853121,1.892879,2.151405,1.788881,0.000000,0.000000
0.572720,0.439195,0.547612,0.482258,0.287329,0.657958,0.275427,0.588148,0.152417,0.807692,2.437559,1.899813,1.687484,1.682513,2.335666,1.627956,2.141177,2.491172,0.000000,0.000000
0.439554,0.764925,0.045318,0.567954,0.741305,0.426588,0.361452,0.493898,0.093725,0.467841,1.918873,2.296112,2.197890,1.470143,1.740902,2.086536,1.785772,2.200206,0.000000,0.000000
0.371471,0.204790,0.192396,0.934991,0.941593,0.477559,0.625576,0.241354,0.620140,0.932671,2.928238,2.463723,2.550687,2.576876,2.547147,2.218857,3.337625,1.699238,0.000000,0.000000
0.694814,0.832251,0.108607,0.914849,0.742085,0.145121,0.465512,0.261791,0.253571,0.451871,2.191145,2.257448,2.638824,2.502158,1.626756,2.249938,2.755652,1.783665,0.000000,0.000000
0.061291,0.008934,0.718477,0.641723,0.366346,0.467734,0.780542,0.635398,0.887326,0.256557,2.330565,1.721262,1.866652,2.421822,2.249021,2.581189,2.052897,2.072947,0.000000,0.000000
0.090622,0.739202,0.124089,0.188510,0.252327,0.962880,0.559399,0.977130,0.335313,0.304623,2.041171,2.845445,1.611025,1.350461,3.402035,1.604000,1.582922,4.129980,0.000000,0.000000
0.608258,0.301692,0.206989,0.802982,0.596783,0.028686,0.834612,0.249506,0.437910,0.297109,1.922348,2.010730,1.954325,2.327469,1.923093,1.731888,2.730128,1.259436,0.000000,0.000000
0.050001,0.415528,0.017064,0.881884,0.986299,0.514470,0.399144,0.316695,0.569910,0.155877,2.098202,2.690108,2.392856,2.258269,1.573282,2.201508,2.088093,1.875865,0.000000,0.000000
0.117106,0.818717,0.547612,0.859612,0.718354,0.951052,0.906339,0.311651,0.361126,0.403573,2.206242,3.734019,2.062591,2.099964,2.887316,2.514627,2.581776,3.569949,0.000000,0.000000
0.283301,0.904617,0.969242,0.284166,0.165890,0.070441,0.734588,0.715675,0.541716,0.576030,2.870086,2.306734,2.317791,2.527449,2.437936,2.933956,1.947893,2.395265,0.000000,0.000000
0.174741,0.013877,0.760596,0.299959,0.369174,0.491881,0.515119,0.885181,0.911486,0.315735,2.341301,1.411084,2.024124,2.303678,2.388678,2.704947,1.582580,2.369075,0.000000,0.000000
0.809214,0.702026,0.720719,0.244573,0.126405,0.751337,0.600055,0.974858,0.359038,0.134446,2.306917,2.482848,2.284365,2.298308,2.871501,1.935016,2.269839,3.346763,0.000000,0.000000
0.986224,0.891165,0.892457,0.094118,0.108396,0.786248,0.346768,0.435553,0.777893,0.421504,2.153678,2.551186,3.299219,3.385745,1.993514,3.006305,2.351806,3.302636,0.000000,0.000000
0.778328,0.884745,0.110079,0.896264,0.034780,0.220060,0.477902,0.100001,0.501437,0.237359,1.916810,2.042320,2.722322,2.827337,1.503619,1.785711,2.806829,1.809587,0.000000,0.000000
0.573121,0.413516,0.382402,0.871203,0.610005,0.685028,0.638678,0.338909,0.281786,0.396643,2.181689,2.281766,1.861697,2.292876,2.036148,1.807851,2.653135,2.306676,0.000000,0.000000
0.958145,0.884501,0.444481,0.803765,0.586108,0.697311,0.716068,0.602097,0.000821,0.243908,2.301676,2.855918,2.768136,2.477156,2.329530,2.395731,3.156911,3.186641,0.000000,0.000000
0.112390,0.539853,0.885106,0.898418,0.425110,0.845722,0.228446,0.795277,0.650128,0.147945,3.219406,2.299679,1.725051,3.001658,2.375724,2.568248,1.966719,3.310705,0.000000,0.000000
0.346094,0.117923,0.288189,0.413372,0.923458,0.419906,0.370140,0.236338,0.773362,0.515407,1.551027,2.072180,2.673050,1.970677,1.593999,2.469245,1.631124,1.589172,0.000000,0.000000
0.704801,0.751215,0.281675,0.914837,0.289726,0.061947,0.913164,0.010217,0.474206,0.419779,1.927411,2.523557,2.360647,2.742897,1.987254,1.794164,3.206611,1.336354,0.000000,0.000000
0.955835,0.205809,0.939214,0.266273,0.638356,0.470425,0.052643,0.831247,0.141352,0.558554,2.854547,1.593309,2.150588,2.851993,1.966847,2.525097,2.082476,2.275641,0.000000,0.000000
0.188370,0.835549,0.500551,0.996285,0.869385,0.115334,0.275794,0.868776,0.966153,0.344732,2.965104,2.441107,3.276433,3.053310,2.071711,3.509197,2.314298,2.382782,0.000000,0.000000
0.116053,0.750391,0.484275,0.864897,0.820394,0.904653,0.392369,0.097980,0.577639,0.410660,1.970282,3.082187,2.325247,2.293091,2.140997,2.564723,2.081260,3.051841,0.000000,0.000000
0.145337,0.006575,0.974320,0.701388,0.164888,0.199474,0.526445,0.719791,0.849832,0.231864,3.125370,1.193005,1.868290,3.117167,2.058593,2.727948,1.895502,1.799371,0.000000,0.000000
0.220679,0.407595,0.837369,0.716143,0.126306,0.741850,0.300561,0.479292,0.017026,0.425351,2.560772,1.985344,1.288939,1.924670,1.910115,1.855098,1.749276,2.607577,0.000000,0.000000
0.940549,0.405442,0.013917,0.512156,0.737064,0.008385,0.076418,0.005335,0.232686,0.390801,1.327324,1.701094,2.356475,2.251659,1.136132,1.776878,2.118717,1.032497,0.000000,0.000000
0.394810,0.831410,0.824060,0.046108,0.438777,0.493216,0.963044,0.508198,0.954434,0.417592,2.044286,3.004918,2.917526,2.571548,2.353307,3.465103,2.149427,2.472539,0.000000,0.000000
0.512654,0.655098,0.509064,0.973973,0.812902,0.804786,0.970635,0.203121,0.914237,0.449863,2.309943,3.653915,3.066292,3.168142,2.522424,3.020368,3.198340,2.682654,0.000000,0.000000
0.756368,0.819601,0.308892,0.367916,0.933104,0.638584,0.672737,0.488678,0.329187,0.610151,1.860293,3.289942,3.173384,1.960186,2.304985,2.515432,2.433227,2.755500,0.000000,0.000000
0.274492,0.632300,0.463137,0.753293,0.548312,0.332368,0.824907,0.954512,0.168166,0.484669,2.681821,2.394482,1.645955,1.716977,2.862053,1.927406,2.382889,2.335291,0.000000,0.000000
0.843862,0.940682,0.650129,0.238833,0.441145,0.157907,0.209513,0.781027,0.878051,0.032021,2.016749,2.012686,3.485101,2.782425,1.820171,3.323783,1.935240,2.613912,0.000000,0.000000
0.042397,0.256731,0.224203,0.741745,0.027932,0.220063,0.592885,0.451473,0.561743,0.193799,2.011464,1.513566,1.374874,1.974164,1.806337,1.259804,2.004191,1.552673,0.000000,0.000000
0.814850,0.511979,0.088800,0.839918,0.117877,0.344643,0.830702,0.852802,0.822196,0.194849,2.565724,2.204191,2.625250,3.078769,2.579480,1.750279,3.088655,2.159068,0.000000,0.000000
0.742001,0.908043,0.459585,0.179799,0.655457,0.970402,0.840647,0.098324,0.838139,0.909421,1.927397,3.628374,3.377776,2.439131,3.489209,3.135320,3.081031,3.661554,0.000000,0.000000
0.651738,0.511727,0.382528,0.577957,0.083418,0.589468,0.410732,0.963635,0.151233,0.986344,3.278669,1.928539,1.808660,1.790464,3.419650,1.301777,2.975035,2.727153,0.000000,0.000000
0.000186,0.453192,0.571473,0.625076,0.163870,0.622453,0.919326,0.427103,0.635284,0.603333,2.144099,2.618339,1.497571,1.986170,2.471479,1.789026,2.296060,2.244180,0.000000,0.000000
0.904130,0.626171,0.365842,0.614652,0.811079,0.714730,0.618602,0.157694,0.828046,0.434053,1.635180,2.806496,3.268070,2.895623,1.986203,2.666411,2.703762,2.333106,0.000000,0.000000
0.940406,0.584452,0.567874,0.246596,0.308685,0.252935,0.570789,0.169924,0.541091,0.448404,1.424885,1.843471,2.441905,2.544444,1.693915,1.906266,2.510576,1.414556,0.000000,0.000000
0.768164,0.966032,0.738702,0.159668,0.007113,0.270295,0.724359,0.738401,0.085464,0.419985,2.135742,2.419160,2.676988,1.977378,2.349013,2.424315,2.349619,2.755417,0.000000,0.000000
0.112904,0.043152,0.836779,0.317395,0.620089,0.739001,0.385671,0.084226,0.231900,0.857872,2.306590,1.794488,1.314611,1.766900,2.322360,2.332763,1.972007,2.176473,0.000000,0.000000
0.669380,0.134512,0.722826,0.521241,0.962075,0.016834,0.507067,0.864616,0.947758,0.693477,2.742791,2.121883,3.426772,2.810428,2.588127,3.336200,2.328028,1.865510,0.000000,0.000000
0.791107,0.577759,0.798621,0.568739,0.443865,0.621656,0.553438,0.135020,0.666835,0.558696,2.039659,2.172545,2.467450,2.883435,1.895408,2.489608,2.460687,2.019358,0.000000,0.000000
0.312610,0.939452,0.211381,0.535579,0.334461,0.179187,0.049903,0.222706,0.709339,0.530350,1.660720,1.984198,2.657418,1.962689,1.249704,2.514986,1.380369,2.065852,0.000000,0.000000
0.024913,0.650883,0.910412,0.241694,0.069226,0.711278,0.790621,0.782367,0.790313,0.323449,2.561615,2.651026,1.925276,2.492045,2.692509,2.571179,1.816306,2.973678,0.000000,0.000000
0.495857,0.879837,0.468060,0.073956,0.755624,0.903489,0.241623,0.664989,0.337742,0.090663,1.719200,3.036240,2.617024,1.632017,2.350912,2.612481,1.487969,3.896825,0.000000,0.000000
0.834234,0.939949,0.849098,0.903743,0.724647,0.406284,0.757174,0.649183,0.412890,0.516769,3.123733,2.814856,3.110905,3.366765,2.343863,3.296583,3.262570,2.759896,0.000000,0.000000
0.851401,0.302558,0.993824,0.453063,0.837089,0.731512,0.109295,0.449678,0.666455,0.433023,2.711662,2.329978,2.814265,3.459860,1.679044,3.129168,1.962336,2.528278,0.000000,0.000000
0.336909,0.600963,0.908815,0.487156,0.411569,0.471609,0.214189,0.636876,0.719749,0.637995,2.816068,1.861897,2.100681,2.631052,1.928956,2.740804,1.608989,2.212140,0.000000,0.000000
0.990878,0.287972,0.249716,0.407988,0.519754,0.181454,0.724558,0.188064,0.246722,0.462674,1.457449,1.774257,2.148608,2.300361,1.860053,1.604007,2.820133,1.260792,0.000000,0.000000
0.330765,0.583784,0.904645,0.886674,0.443442,0.815328,0.767178,0.041699,0.033435,0.041491,2.497710,2.738744,1.569507,2.509683,2.210894,2.378009,2.573681,2.487366,0.000000,0.000000
0.221895,0.962183,0.320566,0.319752,0.208058,0.969233,0.396007,0.146489,0.492366,0.779959,1.733767,2.965572,2.356979,1.584855,2.774439,2.287280,1.848009,3.882413,0.000000,0.000000
0.488392,0.868397,0.560871,0.998208,0.483091,0.648144,0.519326,0.076280,0.356571,0.155084,2.175388,2.483014,2.324869,2.688692,1.705351,2.411689,2.753067,2.485146,0.000000,0.000000
0.427938,0.301402,0.853380,0.455255,0.666561,0.488927,0.096853,0.871122,0.433963,0.416652,2.681070,1.738766,1.841049,2.241809,1.985182,2.484798,1.404476,2.357475,0.000000,0.000000
0.662297,0.540311,0.937904,0.455610,0.335910,0.369514,0.014280,0.300293,0.717666,0.385425,2.338939,1.689586,2.347810,3.024689,1.180356,2.670431,1.569561,1.658601,0.000000,0.000000
0.989438,0.364831,0.998876,0.808147,0.916867,0.730771,0.365427,0.688004,0.713189,0.438907,3.421169,2.654338,3.253319,4.215491,2.208512,3.295092,2.909326,2.773773,0.000000,0.000000
0.156507,0.120564,0.956246,0.886608,0.197218,0.002631,0.724474,0.662988,0.111963,0.847289,3.893469,1.502333,1.172308,2.669538,2.772294,2.113240,2.961286,1.663213,0.000000,0.000000
0.383035,0.747404,0.142958,0.375888,0.410166,0.442871,0.251470,0.047742,0.546063,0.281314,1.211714,1.987744,2.127033,1.746306,1.314481,1.905479,1.457559,1.752059,0.000000,0.000000
0.566206,0.289819,0.765537,0.587040,0.833990,0.353545,0.111391,0.323499,0.316518,0.057465,2.011755,1.899969,2.174507,2.182861,1.231855,2.458801,1.634294,1.580542,0.000000,0.000000
0.669654,0.160681,0.495678,0.913802,0.518601,0.022124,0.758932,0.464034,0.603355,0.051441,2.359571,1.670631,2.110172,2.875214,1.974396,1.984608,2.970431,1.465679,0.000000,0.000000
0.756793,0.434983,0.632568,0.922016,0.445770,0.690742,0.607684,0.537023,0.688115,0.859463,3.182115,2.175999,2.352084,3.204783,2.758590,2.207537,3.509880,2.527073,0.000000,0.000000
0.692018,0.727284,0.533714,0.870525,0.037398,0.245007,0.438956,0.422561,0.894123,0.892768,2.973082,1.871893,2.876167,3.113847,2.332685,2.316840,3.212805,1.822397,0.000000,0.000000
0.798487,0.199134,0.835137,0.903089,0.589166,0.982744,0.216402,0.671415,0.084172,0.776856,3.442263,2.295543,1.933958,2.944726,3.068778,2.288788,2.954734,3.604559,0.000000,0.000000
0.797494,0.177019,0.411671,0.258455,0.740870,0.461559,0.500082,0.084558,0.302123,0.794948,1.682440,1.816396,2.195598,1.984106,2.054978,1.938902,2.552695,1.511614,0.000000,0.000000
0.923262,0.696465,0.189654,0.522176,0.524856,0.896554,0.580889,0.466232,0.914680,0.771617,2.199609,2.772171,3.173618,2.910768,2.903787,2.561369,2.930176,3.309138,0.000000,0.000000
0.041240,0.030633,0.418462,0.412014,0.682832,0.959225,0.036195,0.657236,0.797148,0.416150,1.929724,2.168192,1.894112,1.899454,2.386831,2.364486,1.137829,3.497463,0.000000,0.000000
0.009576,0.080555,0.927423,0.200548,0.527843,0.308976,0.110887,0.558259,0.227263,0.991705,3.313594,1.255013,1.139376,1.975214,2.406976,2.399736,2.086277,1.749233,0.000000,0.000000
0.766511,0.542594,0.863685,0.025509,0.004201,0.383491,0.831456,0.201959,0.713087,0.582262,1.956457,2.264461,2.434748,2.857087,2.091275,2.199429,2.533952,1.582766,0.000000,0.000000
0.003631,0.741330,0.046887,0.690620,0.561519,0.594707,0.443883,0.186742,0.099656,0.494540,1.784652,2.281882,1.520391,1.429069,1.724791,1.866734,1.833105,2.196122,0.000000,0.000000
0.515757,0.896661,0.511702,0.199112,0.530454,0.285938,0.448634,0.721994,0.548844,0.918522,2.605141,2.147895,2.617080,1.891303,2.751536,2.604040,2.434334,2.531934,0.000000,0.000000
0.302088,0.331139,0.924478,0.774135,0.943608,0.984110,0.316129,0.239430,0.501202,0.972802,3.489764,3.124009,2.382406,2.786829,3.232000,2.936194,2.766881,3.188398,0.000000,0.000000
0.037608,0.846398,0.051739,0.594403,0.945126,0.575461,0.415881,0.662986,0.095567,0.292411,2.041310,3.047402,2.451009,1.306999,1.990098,2.461889,1.634618,2.838511,0.000000,0.000000
0.112143,0.905276,0.573522,0.959146,0.041953,0.280246,0.868810,0.546508,0.522674,0.742545,2.984082,2.639622,2.127229,2.525821,2.583068,2.185288,3.067777,2.375204,0.000000,0.000000
0.103030,0.028383,0.736323,0.299589,0.483180,0.075911,0.239256,0.652456,0.868205,0.432609,2.117123,1.102346,1.911338,2.199659,1.745952,2.679788,1.311786,1.663982,0.000000,0.000000
0.913865,0.794697,0.898137,0.903583,0.053677,0.295910,0.484348,0.488949,0.201703,0.714924,3.321505,1.995893,2.456443,3.425278,2.096496,2.267381,3.318477,2.062922,0.000000,0.000000
0.504494,0.313165,0.744881,0.661299,0.131221,0.014224,0.910110,0.908179,0.466599,0.749344,3.074120,2.067507,1.753218,2.318166,3.155668,1.797272,2.769122,1.918202,0.000000,0.000000
0.121656,0.283432,0.728835,0.439104,0.336993,0.976739,0.579888,0.465731,0.479326,0.249691,1.956283,2.445348,1.387075,1.860964,2.722514,1.984773,1.683240,3.380223,0.000000,0.000000
0.328943,0.354981,0.336751,0.182057,0.953782,0.079973,0.150818,0.581051,0.743901,0.186235,1.633515,2.192363,2.754619,1.870999,1.494939,2.494730,1.266259,1.609722,0.000000,0.000000
0.278087,0.667416,0.466302,0.353259,0.773866,0.930151,0.178809,0.389832,0.618679,0.816259,2.105759,2.896957,2.316790,1.787374,2.623171,2.426531,1.744152,3.318614,0.000000,0.000000
0.319583,0.697569,0.743692,0.366252,0.444691,0.446962,0.344817,0.992660,0.557343,0.567480,2.615443,1.977447,2.008758,2.014500,2.552849,2.407679,1.599785,2.628992,0.000000,0.000000
0.515897,0.181740,0.665020,0.814515,0.884457,0.836007,0.911894,0.787102,0.650114,0.212087,2.655663,3.250871,2.556486,2.652228,3.029435,2.602569,2.720446,3.186007,0.000000,0.000000
0.364235,0.211805,0.698779,0.534346,0.053868,0.695387,0.556249,0.955107,0.847006,0.499180,2.603447,1.867486,2.091165,2.370671,2.826696,2.151830,1.903577,2.924244,0.000000,0.000000
0.306059,0.011908,0.751090,0.795950,0.077695,0.563036,0.552728,0.600173,0.443435,0.837359,3.139090,1.497817,1.502732,2.359619,2.600563,1.729026,2.642303,2.234192,0.000000,0.000000
0.919540,0.055077,0.213450,0.501306,0.628257,0.049914,0.200543,0.510502,0.664017,0.577968,1.956953,1.221427,2.516419,2.637628,1.654230,1.966604,2.283666,1.515494,0.000000,0.000000
0.272156,0.754729,0.494537,0.546266,0.435227,0.270646,0.252871,0.034722,0.115942,0.430529,1.472742,1.880028,1.751384,1.412833,1.339243,2.005814,1.524306,1.505681,0.000000,0.000000
0.164191,0.241070,0.716447,0.010753,0.355695,0.834793,0.334615,0.900640,0.998660,0.214467,2.174093,1.991421,2.191530,2.289094,2.641271,2.868355,1.363691,3.297774,0.000000,0.000000
0.448961,0.549457,0.128398,0.897902,0.894746,0.187888,0.046364,0.460778,0.990245,0.298811,2.293957,2.225771,3.236341,2.915996,1.286607,2.973396,1.979816,1.622527,0.000000,0.000000
0.473343,0.134277,0.879823,0.172764,0.188039,0.269359,0.953078,0.369543,0.004038,0.281810,2.020983,2.073816,1.477030,1.832460,2.117284,1.962452,2.188595,1.514977,0.000000,0.000000
0.901227,0.228685,0.935589,0.597001,0.416012,0.397617,0.257308,0.986643,0.161357,0.701535,3.454511,1.433772,1.969174,2.952541,2.601030,2.298274,2.524510,2.305576,0.000000,0.000000
0.220768,0.580820,0.871327,0.187646,0.393047,0.049959,0.824510,0.860118,0.392293,0.328054,2.507036,2.167698,1.594469,2.024040,2.599625,2.326436,1.891438,1.978917,0.000000,0.000000
0.296761,0.305102,0.146868,0.881330,0.869458,0.441123,0.890043,0.342460,0.873569,0.679937,2.434013,2.776233,2.659757,2.646668,2.359532,2.566335,2.876411,1.740305,0.000000,0.000000
0.485572,0.809584,0.578982,0.863258,0.315205,0.213203,0.129608,0.197173,0.552308,0.595690,2.266138,1.867088,2.331110,2.543773,1.381930,2.248487,2.134617,1.717667,0.000000,0.000000
0.235741,0.622554,0.058973,0.487041,0.847305,0.519662,0.212285,0.136310,0.555157,0.423382,1.449422,2.417587,2.300644,1.726273,1.379684,2.172095,1.415521,1.826620,0.000000,0.000000
0.004665,0.438066,0.841016,0.732887,0.014185,0.041574,0.325210,0.454808,0.159588,0.166104,2.496800,1.474189,1.114199,2.053546,1.536646,1.762385,1.719643,1.495091,0.000000,0.000000
0.781198,0.583247,0.709843,0.484730,0.745097,0.772726,0.714831,0.462985,0.880779,0.067322,1.952145,2.853833,3.063590,2.858835,2.286027,3.047977,2.439016,2.772917,0.000000,0.000000
0.297857,0.102859,0.660538,0.806165,0.301763,0.384879,0.953313,0.949575,0.501519,0.941956,3.625623,2.125658,1.558758,2.304533,3.712727,1.864327,3.353227,2.245950,0.000000,0.000000
0.983354,0.304935,0.909831,0.486847,0.455459,0.540916,0.986466,0.122214,0.543050,0.360677,2.091393,2.600501,2.349644,3.310667,2.133930,2.452044,3.085766,1.716040,0.000000,0.000000
0.283358,0.231751,0.471150,0.663123,0.721360,0.967201,0.981313,0.147584,0.116975,0.691396,1.967099,3.382983,1.580263,1.538139,3.208719,1.947827,2.581712,3.021425,0.000000,0.000000
0.754131,0.842901,0.526661,0.190992,0.725245,0.054773,0.380130,0.546828,0.336365,0.181826,1.666253,2.177485,2.742794,1.988982,1.685171,2.545459,1.956904,2.057613,0.000000,0.000000
0.557275,0.914566,0.754873,0.197978,0.283165,0.205306,0.343675,0.357475,0.581132,0.254286,1.737822,2.003738,2.666390,2.224157,1.489683,2.748871,1.666172,2.141393,0.000000,0.000000
0.744297,0.071946,0.335599,0.381860,0.493722,0.651468,0.859627,0.282830,0.613656,0.972319,2.360567,2.191005,2.180663,2.236001,3.038979,1.837462,3.363078,2.131677,0.000000,0.000000
0.881581,0.967575,0.675913,0.380237,0.807267,0.172248,0.242152,0.998582,0.940406,0.599418,2.567253,2.436131,4.096476,2.981285,2.455569,3.972259,2.203408,2.934393,0.000000,0.000000
0.817488,0.222380,0.754275,0.981004,0.150028,0.346751,0.469716,0.838277,0.999914,0.317693,3.156392,1.446758,2.828821,3.935970,2.218946,2.721147,3.092277,2.081196,0.000000,0.000000
0.766609,0.221376,0.600014,0.882252,0.933244,0.091291,0.391328,0.208441,0.569205,0.434560,2.198485,2.048180,2.859995,2.973223,1.516909,2.480082,2.701395,1.227511,0.000000,0.000000
0.343135,0.818014,0.891003,0.093183,0.621426,0.751208,0.906393,0.732586,0.728438,0.212641,2.381138,3.276101,2.570255,2.477242,2.771141,3.249594,2.026988,3.308973,0.000000,0.000000
0.958103,0.646909,0.962130,0.719578,0.475089,0.790684,0.823540,0.845447,0.829567,0.664506,3.513575,2.881575,2.967955,3.977030,3.222597,3.146811,3.309077,3.270944,0.000000,0.000000
0.512910,0.359189,0.247627,0.467685,0.017684,0.634259,0.146084,0.670737,0.906622,0.369559,1.943699,1.764592,2.381216,2.275756,1.808277,1.840859,1.530110,2.491953,0.000000,0.000000
0.165294,0.727616,0.459576,0.642147,0.342388,0.968355,0.553645,0.158853,0.346284,0.487855,1.731926,2.848774,1.684168,1.683006,2.574292,1.875412,1.902403,3.314565,0.000000,0.000000
0.551418,0.340764,0.339752,0.657622,0.910943,0.131685,0.183833,0.675428,0.646155,0.802967,2.638937,2.052913,2.697099,2.247940,2.158056,2.309638,2.188005,1.723594,0.000000,0.000000
0.921732,0.666220,0.402107,0.185861,0.968246,0.544390,0.729200,0.463641,0.159442,0.440691,1.609915,3.229228,3.121762,2.041596,2.117579,2.330991,2.622927,2.253364,0.000000,0.000000
0.377310,0.269378,0.584078,0.276244,0.689988,0.691171,0.806905,0.887347,0.697268,0.154333,2.083715,2.499122,2.109695,1.977092,2.826179,2.375400,1.970915,2.848047,0.000000,0.000000
0.137988,0.197208,0.003683,0.192005,0.067425,0.777554,0.662092,0.116716,0.852525,0.164335,1.158020,2.092057,1.872477,1.878644,2.045683,1.688564,1.688941,2.327410,0.000000,0.000000
0.494250,0.892244,0.020113,0.763437,0.892790,0.573682,0.176099,0.711742,0.353290,0.857063,2.924139,2.862142,2.964704,2.042532,2.420550,2.571063,2.404913,3.003737,0.000000,0.000000
0.816881,0.631914,0.451865,0.591462,0.964347,0.874545,0.898667,0.678471,0.305153,0.793900,2.570366,3.987345,3.027169,2.221048,3.444331,2.356397,3.170122,3.367582,0.000000,0.000000
0.865863,0.324328,0.033892,0.043053,0.752385,0.660706,0.784242,0.901300,0.298503,0.259410,1.920611,2.563646,2.309532,2.048303,2.804600,1.791196,2.538568,2.785429,0.000000,0.000000
0.774301,0.447645,0.112951,0.178680,0.078294,0.683550,0.637340,0.220697,0.720351,0.380550,1.307897,2.173813,2.382945,2.325759,1.959472,1.505000,2.263559,2.195334,0.000000,0.000000
0.599050,0.954084,0.318873,0.488383,0.363644,0.983504,0.139742,0.286368,0.805435,0.388533,1.593877,2.941580,3.133741,2.291123,2.216033,2.816431,1.637879,4.049531,0.000000,0.000000
0.466951,0.205543,0.115041,0.565546,0.265225,0.340859,0.174849,0.579149,0.581328,0.553144,2.068411,1.332022,1.818525,1.980432,1.693006,1.476700,1.667394,1.813304,0.000000,0.000000
0.473140,0.078833,0.643525,0.122163,0.700109,0.455075,0.948156,0.919014,0.097465,0.062646,2.105683,2.378569,1.723379,1.494649,2.835877,2.115198,2.173856,2.333239,0.000000,0.000000
0.028944,0.647265,0.367663,0.530841,0.438539,0.839530,0.658790,0.143086,0.767964,0.567444,1.625863,2.674979,1.926872,1.936661,2.358734,2.202157,1.912893,2.728229,0.000000,0.000000
0.223854,0.294057,0.538298,0.400434,0.761258,0.226548,0.952542,0.964979,0.935405,0.310145,2.239122,2.545494,2.460100,2.133688,2.916193,2.876964,2.076114,2.075104,0.000000,0.000000
0.974477,0.861454,0.891875,0.529375,0.649326,0.738728,0.440660,0.712694,0.910790,0.847844,3.235121,2.670508,3.621069,3.641473,2.855866,3.751018,3.055347,3.354848,0.000000,0.000000
0.402601,0.501211,0.164450,0.818248,0.363544,0.750751,0.124911,0.149011,0.796047,0.288068,1.843177,2.084254,2.179670,2.506708,1.488696,1.958143,1.841727,2.339372,0.000000,0.000000
0.030313,0.639708,0.462453,0.883710,0.940437,0.558861,0.898324,0.067415,0.518644,0.268670,1.913488,3.459170,2.343290,2.255427,2.019810,2.461277,2.594580,1.859532,0.000000,0.000000
0.846560,0.887932,0.538643,0.741595,0.774041,0.900758,0.090796,0.048698,0.170738,0.776610,2.151232,3.059013,2.934746,2.379432,2.219871,2.690766,2.579068,3.293038,0.000000,0.000000
0.707224,0.322016,0.028168,0.649442,0.084582,0.961807,0.023731,0.458422,0.041412,0.793905,2.380584,2.247154,1.742382,1.815497,2.590028,1.096199,2.195075,3.319321,0.000000,0.000000
0.922432,0.669678,0.405528,0.642469,0.788428,0.922259,0.687674,0.511065,0.037695,0.422955,2.026538,3.231846,2.610591,2.180810,2.747979,2.154058,2.835746,3.413311,0.000000,0.000000
0.261304,0.268938,0.176627,0.284413,0.123757,0.237489,0.920622,0.012521,0.283078,0.089402,1.095100,2.105842,1.361123,1.375338,1.924674,1.182870,2.011972,1.130554,0.000000,0.000000
0.791648,0.867976,0.058591,0.974274,0.491784,0.145111,0.551930,0.385862,0.348576,0.233958,2.347889,2.115658,2.625563,2.900084,1.714069,2.105156,3.106422,1.995562,0.000000,0.000000
0.951607,0.568344,0.508817,0.756391,0.426515,0.809901,0.190153,0.972428,0.455177,0.738243,3.013927,2.264252,2.375470,2.860513,2.968369,1.884055,2.825490,3.388645,0.000000,0.000000
0.087755,0.349225,0.808949,0.232791,0.908535,0.211798,0.083725,0.219443,0.783430,0.203677,1.710321,2.076016,2.425454,2.231984,1.142342,3.058647,1.105762,1.324033,0.000000,0.000000
0.708893,0.571969,0.382337,0.677736,0.373449,0.459125,0.120431,0.215902,0.450672,0.977375,2.630246,1.803962,2.118567,2.285872,2.145128,1.718191,2.846787,1.744519,0.000000,0.000000
0.027286,0.013973,0.487344,0.486876,0.386995,0.607494,0.142371,0.245519,0.307519,0.506470,1.668891,1.408337,1.144286,1.480085,1.468763,1.653580,1.324327,1.983616,0.000000,0.000000
0.601999,0.866500,0.830192,0.156689,0.598917,0.526581,0.314522,0.504036,0.246199,0.630934,2.254769,2.303568,2.441866,2.087471,1.896623,2.866791,1.839237,2.622344,0.000000,0.000000
0.802251,0.263355,0.192915,0.777996,0.487572,0.654951,0.248722,0.397861,0.800587,0.339015,2.043487,1.764216,2.517970,2.916482,1.629986,2.042726,2.376441,2.260592,0.000000,0.000000
0.628360,0.064023,0.110706,0.203218,0.502224,0.471345,0.518052,0.695500,0.368070,0.010568,1.736948,1.488842,1.827716,1.771448,2.051131,1.564361,1.921280,2.139849,0.000000,0.000000
0.078944,0.168048,0.366186,0.261508,0.989583,0.931787,0.957883,0.956792,0.086080,0.006023,2.043160,3.874150,2.050077,1.128176,3.627153,2.125110,1.981999,3.694044,0.000000,0.000000
0.272192,0.101549,0.944508,0.988456,0.145299,0.177669,0.813457,0.581069,0.943649,0.034072,3.353989,1.671835,2.164159,3.779340,2.152134,2.877796,2.853313,1.644308,0.000000,0.000000
0.337860,0.835231,0.147941,0.101913,0.064001,0.103999,0.726297,0.569951,0.886345,0.289991,1.605203,2.229190,2.706151,2.002032,2.075644,2.268867,1.848577,2.078244,0.000000,0.000000
0.664445,0.606545,0.324313,0.279405,0.287601,0.037050,0.523058,0.413656,0.024852,0.313837,1.533696,1.757862,1.895050,1.499214,1.725082,1.528143,1.996059,1.551749,0.000000,0.000000
0.861273,0.954025,0.867251,0.504639,0.260656,0.408186,0.802181,0.498489,0.950505,0.753941,2.747400,2.641456,3.637667,3.386498,2.506994,3.699920,2.995594,2.660119,0.000000,0.000000
0.505465,0.161355,0.106671,0.405151,0.346096,0.064282,0.707207,0.118876,0.616988,0.249299,1.298647,1.533539,1.904687,1.939116,1.736849,1.593023,2.033069,1.127818,0.000000,0.000000
0.835264,0.756553,0.710533,0.605207,0.377238,0.347592,0.515846,0.175554,0.220889,0.093291,1.797522,2.034891,2.337339,2.395108,1.562074,2.220484,2.435260,1.744806,0.000000,0.000000
0.929951,0.394920,0.043655,0.255642,0.795627,0.618758,0.695724,0.051569,0.440536,0.934191,1.932207,2.515251,2.586333,2.322056,2.660248,1.907353,3.338869,1.841615,0.000000,0.000000
0.849670,0.193612,0.529630,0.744875,0.808736,0.485949,0.815384,0.020954,0.717362,0.655826,1.936553,2.399654,2.799323,2.931271,2.153664,2.459810,3.135601,1.494651,0.000000,0.000000
0.779615,0.548899,0.673498,0.597336,0.293853,0.959573,0.265723,0.979526,0.820037,0.781331,3.019075,2.495897,2.624909,2.846724,3.550016,2.389671,2.459341,3.911862,0.000000,0.000000
0.559778,0.469397,0.077260,0.764090,0.695517,0.988802,0.903395,0.233011,0.949442,0.620739,2.056061,3.418415,2.798649,2.708930,3.152826,2.605897,2.811317,3.237017,0.000000,0.000000
0.991196,0.594682,0.603388,0.124947,0.222886,0.478668,0.773535,0.098880,0.147970,0.184164,1.253290,2.289122,2.225867,2.264943,1.842055,1.715269,2.759106,1.682191,0.000000,0.000000
0.343056,0.151243,0.180172,0.286053,0.503762,0.003266,0.221386,0.572970,0.486127,0.441175,1.741718,1.226507,1.647237,1.628275,1.635549,1.651629,1.400363,1.573514,0.000000,0.000000
0.465025,0.459940,0.907074,0.487365,0.028945,0.685491,0.308442,0.181778,0.346815,0.698626,2.437259,1.959183,1.682604,2.355796,1.903273,1.938194,1.878671,2.166326,0.000000,0.000000
0.176403,0.912149,0.123199,0.328240,0.781673,0.102545,0.944926,0.710652,0.241246,0.017139,1.818629,3.139711,2.366861,1.307960,2.450068,2.503141,2.011409,2.423933,0.000000,0.000000
0.420848,0.937719,0.562804,0.624437,0.049792,0.819869,0.173742,0.498326,0.924991,0.695512,2.325021,2.615155,3.101012,2.445914,2.210349,2.931166,1.828337,3.615894,0.000000,0.000000
0.168352,0.726696,0.068070,0.903855,0.841027,0.144318,0.247074,0.952594,0.455582,0.346772,2.811270,2.262918,2.259976,2.222355,2.196644,2.219095,2.028286,2.273125,0.000000,0.000000
0.289839,0.299724,0.230852,0.378838,0.556759,0.101806,0.567109,0.063878,0.945610,0.628395,1.458377,1.588566,2.307032,2.086827,1.819437,2.463667,1.861416,1.092678,0.000000,0.000000
0.705621,0.733345,0.302702,0.578427,0.478328,0.906306,0.837850,0.731577,0.525155,0.484643,2.188383,3.195247,2.428146,2.224980,3.161569,2.004012,2.584447,3.663580,0.000000,0.000000
0.360659,0.726202,0.053696,0.445135,0.248269,0.097632,0.224670,0.371923,0.374404,0.772981,2.031932,1.750873,1.887613,1.592689,1.824943,1.581754,1.799951,1.669105,0.000000,0.000000
0.068241,0.534728,0.633700,0.167257,0.421355,0.189502,0.200956,0.615054,0.322765,0.137545,1.806894,1.610275,1.356837,1.493364,1.583139,1.938315,1.210650,1.768634,0.000000,0.000000
0.170526,0.932290,0.498533,0.343600,0.970744,0.081327,0.306913,0.840656,0.133573,0.638936,2.281325,2.855824,2.886691,1.264987,2.274498,2.977108,1.543217,2.609330,0.000000,0.000000
0.572733,0.839715,0.433884,0.585468,0.630097,0.459240,0.941996,0.795409,0.685131,0.208771,2.182721,3.044130,2.791865,2.249278,2.628250,2.637152,2.472602,2.714406,0.000000,0.000000
0.858147,0.888780,0.657285,0.007716,0.086546,0.766586,0.644920,0.670106,0.713748,0.705506,2.207967,2.744727,3.069713,2.636809,2.790457,2.506168,2.629080,3.469403,0.000000,0.000000
0.885441,0.280683,0.708924,0.182231,0.015679,0.774196,0.024404,0.663404,0.489490,0.219569,1.959778,1.880077,2.147154,2.532126,1.834350,1.641741,1.816785,2.868370,0.000000,0.000000
0.726355,0.204294,0.981187,0.828028,0.611380,0.398477,0.316851,0.161945,0.553008,0.449377,2.865168,1.534604,2.180415,3.575166,1.459036,2.744971,2.452942,1.481255,0.000000,0.000000
0.623919,0.306154,0.157657,0.974193,0.414205,0.957313,0.090364,0.523247,0.839090,0.021457,2.472926,2.252775,2.386123,3.153543,2.204039,2.038627,2.404199,3.364928,0.000000,0.000000
0.800933,0.637597,0.176431,0.678446,0.996654,0.748301,0.748166,0.494611,0.858828,0.142100,1.958738,3.603022,3.784404,2.813572,2.309224,2.826507,2.702348,2.779787,0.000000,0.000000
0.689150,0.829041,0.912231,0.879583,0.495007,0.300672,0.437107,0.605740,0.171340,0.048866,3.072023,2.063000,2.348355,3.019272,1.812318,2.804596,2.592545,2.258941,0.000000,0.000000
0.968648,0.416423,0.658637,0.171783,0.665745,0.427251,0.763177,0.434759,0.788686,0.323774,1.686394,2.239911,2.859325,2.920219,2.019456,2.620200,2.717514,1.829917,0.000000,0.000000
0.614108,0.086323,0.754081,0.322586,0.954645,0.963751,0.666738,0.708448,0.947188,0.893303,2.848706,3.142083,3.342469,2.681234,3.744184,3.373122,2.714225,3.566136,0.000000,0.000000
0.061674,0.628119,0.218393,0.750572,0.487302,0.024898,0.691885,0.137878,0.871627,0.400783,1.767888,2.016337,2.125611,2.300547,1.775272,2.352859,2.144331,1.294774,0.000000,0.000000
0.095772,0.491103,0.630193,0.160914,0.522710,0.147299,0.079830,0.078107,0.975990,0.393863,1.322822,1.587961,2.241426,2.147051,1.147501,2.907707,1.117234,1.179670,0.000000,0.000000
0.187653,0.378775,0.720847,0.986830,0.330702,0.633110,0.860305,0.029515,0.835897,0.996916,3.264130,2.428298,1.952680,3.102123,3.012616,2.454967,3.844246,1.851756,0.000000,0.000000
0.239796,0.034779,0.334484,0.322407,0.117668,0.554563,0.493447,0.001542,0.235838,0.526269,1.263761,1.462660,1.295650,1.339371,1.733785,1.242666,1.661168,1.616624,0.000000,0.000000
0.360085,0.323363,0.344250,0.995069,0.609520,0.788642,0.316432,0.884602,0.528089,0.166107,2.893391,2.115026,1.810797,2.657072,2.490365,1.886234,2.432133,3.139447,0.000000,0.000000
0.107248,0.189276,0.651353,0.202967,0.135146,0.664679,0.614339,0.282147,0.971488,0.411667,1.573105,1.863267,2.058152,2.171349,1.958897,2.477570,1.662922,2.167028,0.000000,0.000000
0.945765,0.560089,0.012290,0.249547,0.275707,0.463769,0.123107,0.325421,0.626578,0.136325,1.390229,1.782815,2.519843,2.536590,1.277800,1.620260,2.033464,1.853993,0.000000,0.000000
0.504411,0.912572,0.359011,0.186757,0.448201,0.972751,0.619106,0.174341,0.302791,0.259615,1.243330,3.136470,2.396425,1.580347,2.562379,2.298385,1.884593,3.760366,0.000000,0.000000
0.585208,0.343321,0.057711,0.629660,0.617006,0.082410,0.702915,0.146261,0.633382,0.619358,1.780333,1.842345,2.171778,2.225505,1.961942,1.888326,2.442178,1.173737,0.000000,0.000000
0.020616,0.118332,0.670553,0.964958,0.432309,0.570713,0.575120,0.603844,0.031883,0.296351,2.763192,1.669203,1.058217,2.133001,2.071864,1.882178,2.481774,2.255468,0.000000,0.000000
0.192002,0.814547,0.518956,0.842063,0.345577,0.015384,0.654582,0.962987,0.305999,0.000429,2.744588,2.109519,1.840340,2.012476,2.581927,2.083759,2.288528,2.403675,0.000000,0.000000
0.798772,0.596555,0.067807,0.327041,0.865373,0.617094,0.268537,0.125431,0.860822,0.318078,1.264589,2.557532,3.312895,2.533859,1.461463,2.634502,1.951788,2.013691,0.000000,0.000000
0.844169,0.917282,0.229722,0.091886,0.318234,0.078624,0.423943,0.565691,0.878714,0.690302,1.905859,2.009914,3.398371,2.594896,2.072928,2.757460,2.364408,2.286019,0.000000,0.000000
0.754639,0.286193,0.170612,0.146892,0.539069,0.063588,0.075045,0.350343,0.714026,0.820614,1.925374,1.375105,2.372359,2.287523,1.750409,1.938921,2.101171,1.365139,0.000000,0.000000
0.281261,0.178692,0.700663,0.536954,0.137158,0.187785,0.302469,0.842435,0.350959,0.808389,2.900041,1.241981,1.410493,1.825892,2.541686,1.672335,1.963443,1.913981,0.000000,0.000000
0.575903,0.684889,0.266379,0.210472,0.128791,0.496631,0.495946,0.900976,0.555602,0.563712,2.129441,2.053791,2.206134,1.901625,2.547668,1.591289,1.937912,2.614290,0.000000,0.000000
0.448942,0.792176,0.443252,0.581787,0.490671,0.818972,0.767658,0.183682,0.702559,0.576219,1.752080,2.973236,2.497621,2.139630,2.442577,2.427730,2.276371,2.918922,0.000000,0.000000
0.894722,0.937272,0.395551,0.362202,0.594236,0.073202,0.738616,0.364046,0.676405,0.083690,1.520302,2.470276,3.300308,2.548929,1.871760,2.831891,2.586709,2.146486,0.000000,0.000000
0.353309,0.365763,0.736947,0.790900,0.525530,0.737402,0.839514,0.441628,0.977553,0.864548,3.008299,2.577477,2.434129,2.892055,2.976426,3.020679,3.017739,2.547048,0.000000,0.000000
0.652814,0.615281,0.690960,0.699613,0.844731,0.732674,0.181259,0.155411,0.368498,0.069197,1.873136,2.667229,2.530714,2.365031,1.493909,2.515511,1.949879,2.372349,0.000000,0.000000
0.950274,0.271813,0.372835,0.764192,0.141762,0.640670,0.477992,0.824120,0.325544,0.701378,2.772462,1.791885,2.076739,2.694168,2.670671,1.320728,3.069289,2.650494,0.000000,0.000000
0.959734,0.033436,0.481062,0.349467,0.294774,0.216337,0.389159,0.039358,0.939632,0.162146,1.219303,1.146724,2.850230,2.956956,1.397162,2.355804,2.353620,1.132962,0.000000,0.000000
0.019923,0.846455,0.197509,0.589824,0.258673,0.655783,0.857239,0.204536,0.201456,0.235552,1.567020,2.910934,1.671458,1.408570,2.097088,1.819211,2.065911,2.577991,0.000000,0.000000
0.224881,0.764688,0.582395,0.549857,0.967289,0.300895,0.984809,0.701204,0.122650,0.252228,2.134638,3.685777,2.562509,1.454512,2.500739,2.650248,2.205673,2.224209,0.000000,0.000000
0.405030,0.851315,0.368117,0.698523,0.111373,0.406551,0.529781,0.437863,0.772868,0.639760,2.206009,2.165445,2.619488,2.296114,2.010673,2.233779,2.202185,2.293673,0.000000,0.000000
0.733292,0.512133,0.572418,0.219545,0.793858,0.069803,0.527687,0.979436,0.533005,0.253632,2.151315,2.061107,2.548874,2.188667,2.503321,2.341735,2.080125,2.057972,0.000000,0.000000
0.165746,0.836151,0.380690,0.194815,0.350474,0.733444,0.273555,0.850816,0.111396,0.420943,1.984360,2.409649,1.777836,1.167265,2.361411,1.985589,1.339818,3.415504,0.000000,0.000000
0.093044,0.652076,0.461942,0.733164,0.877704,0.861719,0.170268,0.104129,0.791216,0.579740,1.882044,2.993034,2.589793,2.239506,1.927356,2.767212,1.685984,2.770047,0.000000,0.000000
0.319352,0.938869,0.118214,0.614265,0.872883,0.845687,0.620379,0.002745,0.582884,0.562482,1.558224,3.473351,3.067225,1.916840,2.309840,2.861893,2.054240,3.210117,0.000000,0.000000
0.180268,0.495518,0.388755,0.137973,0.409477,0.504335,0.498875,0.763942,0.973307,0.443366,1.892973,1.902143,2.277377,2.031271,2.234332,2.542937,1.572639,2.332938,0.000000,0.000000
0.279443,0.093559,0.230170,0.239480,0.423857,0.340777,0.354427,0.229216,0.645867,0.219774,1.299988,1.286487,1.729681,1.740496,1.431068,1.746331,1.448583,1.461550,0.000000,0.000000
0.518763,0.620030,0.854184,0.374156,0.036052,0.755064,0.907819,0.742355,0.244575,0.971508,3.331643,2.938318,1.816944,2.098430,3.700883,1.928103,3.120123,3.030390,0.000000,0.000000
0.103687,0.092146,0.521343,0.788113,0.142109,0.069528,0.091639,0.418622,0.555284,0.315312,2.144968,1.098157,1.413217,2.129424,1.298256,1.585195,1.601789,1.428363,0.000000,0.000000
0.190833,0.480164,0.122788,0.156168,0.181482,0.088172,0.849255,0.179111,0.643790,0.223562,1.214900,2.101535,1.717089,1.684243,1.892570,1.516544,1.891979,1.247817,0.000000,0.000000
0.311180,0.258792,0.788464,0.071804,0.802469,0.929937,0.229855,0.295805,0.192940,0.478143,1.796754,2.550399,1.780419,1.676623,2.174517,2.435812,1.379326,3.029855,0.000000,0.000000
0.642485,0.561068,0.227339,0.428806,0.076184,0.254182,0.245253,0.731672,0.300744,0.533434,2.070007,1.640461,1.909588,1.795049,1.936561,1.254165,1.817857,1.959985,0.000000,0.000000
0.422292,0.761908,0.636295,0.375267,0.296893,0.074263,0.087601,0.615947,0.637279,0.319834,1.953410,1.775865,2.278477,2.032377,1.499739,2.297563,1.329242,1.963962,0.000000,0.000000
0.936874,0.301010,0.013733,0.166605,0.750558,0.720933,0.990219,0.605608,0.281536,0.492873,1.753096,3.109046,2.360760,2.163893,2.746844,1.781272,2.931588,2.653306,0.000000,0.000000
0.395430,0.276954,0.136052,0.610407,0.754317,0.647505,0.625191,0.954288,0.530157,0.113614,2.328694,2.264337,2.021495,1.914300,2.713105,1.927721,2.009158,2.798698,0.000000,0.000000
0.058470,0.559646,0.535784,0.976515,0.661436,0.054798,0.556242,0.624820,0.339202,0.628547,2.909130,1.926157,1.540214,2.356214,2.194973,2.085624,2.646930,1.728922,0.000000,0.000000
0.210142,0.879659,0.866501,0.211142,0.706666,0.979439,0.822848,0.930164,0.678702,0.629330,2.787732,3.645471,2.600837,2.296011,3.857562,3.368892,2.033282,4.447533,0.000000,0.000000
0.337702,0.964036,0.577504,0.009280,0.673922,0.012648,0.484859,0.911076,0.479476,0.853190,2.643456,2.284452,2.669812,1.704749,2.935983,2.981383,2.128787,2.775116,0.000000,0.000000
0.821297,0.960169,0.552066,0.653043,0.210592,0.769092,0.468648,0.154282,0.384437,0.089572,1.674355,2.656568,2.856259,2.430355,1.843044,2.422132,2.421741,3.187232,0.000000,0.000000
0.769639,0.276854,0.197171,0.563680,0.702217,0.526562,0.469623,0.779126,0.349219,0.625497,2.343095,1.900850,2.155969,2.122174,2.398260,1.789557,2.394141,2.339536,0.000000,0.000000
0.012825,0.608429,0.086330,0.193069,0.268897,0.558345,0.301570,0.727744,0.408812,0.502183,1.891720,1.952833,1.410412,1.416229,2.055014,1.481711,1.372530,2.488280,0.000000,0.000000
0.116651,0.830509,0.642970,0.329431,0.924784,0.250736,0.196618,0.340355,0.540017,0.958568,2.500570,2.632389,2.712520,1.760283,2.197195,2.971421,2.090268,1.941840,0.000000,0.000000
0.840933,0.737964,0.090301,0.421050,0.393355,0.703092,0.085398,0.802432,0.000374,0.081512,1.980323,2.256866,2.266763,1.782255,1.974206,1.698089,1.867256,3.087688,0.000000,0.000000
0.454743,0.591821,0.799958,0.537535,0.097903,0.739008,0.392402,0.802688,0.329219,0.637681,2.760451,2.198468,1.770507,2.100842,2.594276,1.896195,1.919865,3.017631,0.000000,0.000000
0.118169,0.239920,0.143816,0.610962,0.247845,0.799499,0.103593,0.368316,0.979927,0.462890,1.841200,1.884005,2.096010,2.222376,1.747007,2.212824,1.391524,2.650028,0.000000,0.000000
0.212802,0.136659,0.916881,0.376904,0.210476,0.469369,0.261140,0.834086,0.639089,0.669360,2.982772,1.376737,1.625751,2.444641,2.305278,2.312520,1.560709,2.275050,0.000000,0.000000
0.311196,0.012455,0.663792,0.292820,0.365131,0.905538,0.944788,0.539781,0.819697,0.717035,2.188325,2.693567,2.000875,2.135793,3.277203,2.356507,2.331076,3.179777,0.000000,0.000000
0.560234,0.946911,0.116960,0.852786,0.353150,0.169224,0.261550,0.762251,0.602572,0.401714,2.554508,2.008993,2.787918,2.536804,1.908222,2.389583,2.221636,2.623487,0.000000,0.000000
0.285827,0.477848,0.294852,0.895908,0.487304,0.824350,0.992975,0.312240,0.277194,0.172109,2.127549,3.192864,1.528165,2.085553,2.557360,1.647679,2.794652,2.723485,0.000000,0.000000
0.915581,0.332099,0.587105,0.981914,0.177384,0.642605,0.498245,0.445299,0.133259,0.047848,2.528376,1.869719,1.970956,3.037078,1.867166,1.536607,3.283256,2.283345,0.000000,0.000000
0.452943,0.190194,0.585930,0.678366,0.654880,0.298833,0.019560,0.986450,0.051448,0.181633,2.570487,1.463430,1.646397,1.686640,2.006610,1.999639,1.537976,2.166360,0.000000,0.000000
0.832657,0.809618,0.772864,0.692106,0.459341,0.645722,0.934373,0.720446,0.862024,0.363335,2.604213,3.086850,3.150950,3.243659,2.675234,3.126873,2.976644,2.984016,0.000000,0.000000
0.878050,0.042581,0.070023,0.736195,0.814848,0.978671,0.581263,0.026320,0.373716,0.536965,1.723151,2.637633,2.458657,2.543716,2.654153,1.871949,2.834373,2.941916,0.000000,0.000000
0.768885,0.680765,0.264129,0.814658,0.777971,0.425813,0.131420,0.041845,0.263843,0.439953,1.795536,2.230666,2.520307,2.400556,1.251204,2.080880,2.300731,1.619256,0.000000,0.000000
0.805691,0.530447,0.839267,0.147381,0.445404,0.512129,0.543363,0.296897,0.766901,0.286739,1.838331,1.992503,2.582438,2.915377,1.723875,2.679988,2.202462,1.900620,0.000000,0.000000
0.081113,0.354628,0.912296,0.821136,0.020421,0.905565,0.437148,0.308661,0.351257,0.999182,3.673168,2.258215,1.249093,2.604195,3.202445,1.911860,2.994120,2.964572,0.000000,0.000000
0.139931,0.381322,0.257649,0.265095,0.322334,0.491337,0.399458,0.962918,0.904630,0.313393,2.068380,1.697269,2.024529,1.947247,2.415729,2.150169,1.447315,2.466885,0.000000,0.000000
0.411568,0.379728,0.285590,0.039852,0.608382,0.071149,0.508916,0.552360,0.691161,0.478918,1.670446,1.653593,2.081022,1.867265,1.923889,2.040906,1.730975,1.583276,0.000000,0.000000
0.098642,0.266396,0.177679,0.202492,0.941280,0.254476,0.701222,0.256613,0.210866,0.713359,1.661628,2.460963,1.947022,1.229896,2.134280,1.987262,1.978214,1.391166,0.000000,0.000000
0.016496,0.413956,0.519034,0.681046,0.353683,0.632610,0.762702,0.121614,0.587362,0.681697,1.974804,2.273474,1.448073,1.976093,2.254441,1.855079,2.294815,1.951370,0.000000,0.000000
0.905769,0.389363,0.186390,0.962339,0.340111,0.320148,0.059820,0.848042,0.845931,0.874504,3.444129,1.505452,2.693777,3.558774,2.458283,2.003183,3.356310,2.076014,0.000000,0.000000
0.465080,0.136427,0.236880,0.011369,0.265451,0.886771,0.238697,0.594181,0.962769,0.424601,1.674009,1.941355,2.399509,2.182219,2.286664,2.214324,1.487501,3.167253,0.000000,0.000000
0.431498,0.441852,0.315019,0.238646,0.764635,0.142822,0.943351,0.624799,0.904763,0.071066,1.691958,2.643584,2.678194,2.114393,2.334500,2.642624,2.143158,1.703712,0.000000,0.000000
0.589160,0.077568,0.275495,0.838965,0.376996,0.773674,0.733124,0.064212,0.138844,0.237356,1.787207,2.090372,1.629104,2.082230,2.108907,1.455606,2.673923,2.261392,0.000000,0.000000
0.879700,0.299988,0.373017,0.753549,0.628425,0.944844,0.860534,0.308936,0.949777,0.776169,2.363726,2.985920,2.964733,3.170901,3.220536,2.632437,3.425229,3.102495,0.000000,0.000000
0.465254,0.775453,0.020664,0.456050,0.901554,0.324526,0.989510,0.400766,0.650735,0.004711,1.608748,3.510272,3.015654,1.962046,2.161215,2.539133,2.300821,1.972995,0.000000,0.000000
0.565713,0.466839,0.911830,0.337356,0.603760,0.726826,0.580255,0.693644,0.526641,0.686882,2.822813,2.323364,2.077685,2.576350,2.664549,2.628756,2.161282,2.797694,0.000000,0.000000
0.136737,0.003740,0.726635,0.778704,0.465800,0.085304,0.883791,0.138707,0.775279,0.767799,2.476498,1.748410,1.784871,2.544949,2.355713,2.459786,2.722207,1.153261,0.000000,0.000000
0.688446,0.527064,0.207511,0.294812,0.883521,0.850144,0.941913,0.257140,0.118282,0.508441,1.477347,3.694826,2.458205,1.619718,2.661833,2.005408,2.508323,2.779802,0.000000,0.000000
0.851220,0.103792,0.675852,0.684307,0.338257,0.681264,0.574233,0.394433,0.716406,0.644117,2.338588,1.770353,2.378667,2.970070,2.212453,2.162834,2.791385,2.322789,0.000000,0.000000
0.385502,0.367290,0.640164,0.693178,0.185742,0.866073,0.609457,0.098729,0.050243,0.986445,2.707051,2.344938,1.438765,1.699868,3.141711,1.613877,3.038009,2.617093,0.000000,0.000000
0.372213,0.239390,0.854189,0.827215,0.261998,0.505582,0.072013,0.095731,0.521642,0.103302,2.313491,1.500088,1.662754,2.758608,1.147618,2.136865,1.776720,1.610242,0.000000,0.000000
0.361744,0.692508,0.917777,0.964827,0.164851,0.381918,0.515261,0.019706,0.723084,0.725708,3.042287,1.975907,2.217439,3.461586,1.919119,2.615217,2.821629,1.541415,0.000000,0.000000
0.212810,0.092851,0.542511,0.632978,0.386402,0.893418,0.826553,0.260044,0.282481,0.119000,1.749014,2.478032,1.315698,1.668003,2.532977,1.703335,2.125652,2.856509,0.000000,0.000000
0.902266,0.627707,0.756512,0.077554,0.728541,0.916873,0.764440,0.968855,0.368303,0.340439,2.341865,3.196797,2.566957,2.510391,3.449281,2.506058,2.592422,3.805418,0.000000,0.000000
0.528082,0.619616,0.935606,0.671127,0.467968,0.344629,0.153907,0.475257,0.271297,0.657627,2.976328,1.789989,1.887527,2.618704,1.678289,2.510692,1.922094,1.860194,0.000000,0.000000
0.226506,0.822172,0.281017,0.110691,0.123935,0.092554,0.324221,0.746157,0.612459,0.537254,1.919719,1.865055,2.157609,1.671357,2.036117,1.889572,1.460196,2.220219,0.000000,0.000000
0.200687,0.461361,0.764053,0.530521,0.379646,0.961916,0.287538,0.310867,0.875021,0.810808,2.466148,2.431191,2.085325,2.405409,2.773358,2.678701,1.909316,3.206741,0.000000,0.000000
0.010985,0.383787,0.968878,0.983315,0.756286,0.150753,0.366779,0.200695,0.108706,0.383967,3.105417,1.783004,1.406479,2.940809,1.464182,2.717991,2.339411,1.267843,0.000000,0.000000
0.415724,0.128618,0.473619,0.604989,0.698938,0.016641,0.867759,0.200922,0.298228,0.947616,2.468188,2.020969,1.745438,1.742805,2.759066,1.950050,3.068381,1.201749,0.000000,0.000000
0.943037,0.964314,0.513373,0.734759,0.672977,0.534830,0.070845,0.212779,0.097527,0.198824,1.829970,2.455829,3.054382,2.452980,1.205800,2.802174,2.358401,2.649583,0.000000,0.000000
0.216898,0.648098,0.729994,0.334397,0.889030,0.182289,0.540203,0.368421,0.716476,0.355789,1.809254,2.463661,2.627149,2.084887,1.722079,2.966143,1.640664,1.611305,0.000000,0.000000
0.464289,0.515978,0.429694,0.960236,0.311043,0.828529,0.155393,0.911050,0.423838,0.412067,2.937162,2.215550,1.790658,2.558881,2.526601,1.642698,2.285176,3.354850,0.000000,0.000000
0.830603,0.925330,0.845636,0.920507,0.526963,0.566306,0.583330,0.772020,0.867556,0.788185,3.620369,2.521636,3.452670,3.848800,2.771844,3.628173,3.439140,3.146566,0.000000,0.000000
0.807834,0.050007,0.913456,0.927415,0.439519,0.025398,0.262108,0.290882,0.435461,0.944483,3.689732,1.105976,2.034903,3.581953,2.189244,2.356502,3.508121,1.292179,0.000000,0.000000
0.444400,0.387017,0.678529,0.383196,0.645860,0.353906,0.056975,0.494907,0.025310,0.390986,1.913486,1.686452,1.677010,1.491039,1.377366,2.128712,1.334104,1.767841,0.000000,0.000000
0.300222,0.538528,0.884493,0.376894,0.381939,0.931464,0.943285,0.901280,0.419082,0.628990,2.904213,3.266756,1.653312,2.174791,3.757210,2.321978,2.243478,3.720636,0.000000,0.000000
0.983330,0.449714,0.917866,0.268697,0.215700,0.858143,0.299779,0.233168,0.037470,0.809137,2.544878,2.215229,2.077850,2.733575,2.426190,2.099132,2.714751,2.746890,0.000000,0.000000
0.843702,0.406759,0.894614,0.457040,0.124076,0.981340,0.341865,0.354249,0.875018,0.342112,2.243710,2.409978,2.676896,3.322855,2.434820,2.621748,2.162866,3.307679,0.000000,0.000000
0.114125,0.796904,0.465193,0.273152,0.097791,0.160220,0.097538,0.777521,0.918541,0.734799,2.295703,1.823594,2.464013,1.998777,2.099476,2.492483,1.422466,2.232159,0.000000,0.000000
0.257484,0.884385,0.341501,0.559874,0.593015,0.399386,0.083251,0.491972,0.733304,0.266526,1.837965,2.168141,2.610597,1.988700,1.369664,2.715698,1.330093,2.422728,0.000000,0.000000
0.966108,0.548198,0.336872,0.623278,0.694509,0.990746,0.466137,0.455750,0.935847,0.100319,1.858114,2.863714,3.239318,3.124219,2.638347,2.717929,2.641732,3.509217,0.000000,0.000000
0.362785,0.323357,0.033114,0.057968,0.516948,0.110662,0.040833,0.455933,0.938115,0.020985,1.459303,1.407086,2.348070,2.069924,1.248867,2.354575,1.172641,1.491358,0.000000,0.000000
0.796497,0.752144,0.425445,0.597542,0.522273,0.440234,0.350400,0.086689,0.104987,0.844609,2.079021,2.063376,2.307426,1.985512,1.997989,2.024474,2.707051,1.794342,0.000000,0.000000
0.401723,0.345762,0.000984,0.233631,0.325189,0.966223,0.878853,0.397630,0.861607,0.597624,1.665657,2.969342,2.196608,2.035740,3.121990,1.979111,2.180545,3.279095,0.000000,0.000000
0.013133,0.381128,0.213529,0.476136,0.138368,0.002531,0.618645,0.738815,0.921428,0.746528,2.383642,1.618269,1.917891,2.031622,2.580535,1.987382,2.037348,1.759927,0.000000,0.000000
0.668363,0.028902,0.642142,0.507022,0.000957,0.886056,0.985726,0.959426,0.212958,0.326107,2.421206,2.771781,1.713738,1.960036,3.557276,1.422962,2.574084,3.529615,0.000000,0.000000
0.908145,0.123670,0.597558,0.214764,0.988381,0.411314,0.761707,0.798105,0.849039,0.192798,1.978898,2.689118,3.585231,2.811174,2.434467,2.957734,2.597722,2.136697,0.000000,0.000000
0.938296,0.023542,0.396410,0.342179,0.603471,0.764609,0.560753,0.434639,0.308962,0.691694,1.907354,1.917120,2.166392,2.254120,2.422388,1.790106,2.710123,2.603894,0.000000,0.000000
0.936264,0.029091,0.212978,0.191992,0.764283,0.985936,0.115801,0.923574,0.946146,0.640761,2.225573,2.343920,3.172688,2.831872,3.176792,2.656627,2.168040,3.867717,0.000000,0.000000
0.052190,0.057050,0.212584,0.498300,0.531144,0.398533,0.449116,0.138926,0.681882,0.669864,1.689850,1.386056,1.596927,1.810377,1.794223,1.893397,1.776916,1.456594,0.000000,0.000000
0.591663,0.983744,0.329877,0.559092,0.406544,0.548465,0.897104,0.651993,0.980375,0.172563,1.981557,3.033861,3.532135,2.517045,2.417827,3.394179,2.422819,3.190166,0.000000,0.000000
0.584880,0.459696,0.655210,0.073037,0.753635,0.920722,0.657671,0.702756,0.742865,0.585973,2.093592,2.914473,2.556456,2.269638,3.071384,2.637541,2.118044,3.442870,0.000000,0.000000
0.677436,0.119627,0.945187,0.197926,0.289561,0.200561,0.600472,0.507214,0.275130,0.201780,2.352730,1.383392,1.761874,2.539929,1.867572,2.203971,2.068803,1.587868,0.000000,0.000000
0.634105,0.967210,0.734672,0.722392,0.346860,0.565462,0.485373,0.291002,0.679045,0.121812,2.105982,2.415780,3.014502,2.749437,1.674101,3.074863,2.264663,2.805647,0.000000,0.000000
0.049813,0.350716,0.790540,0.975154,0.922657,0.310187,0.047700,0.100998,0.853948,0.032783,2.442524,2.171744,2.546883,3.174293,1.067194,3.185462,1.977480,1.308559,0.000000,0.000000
0.838191,0.422776,0.423753,0.785355,0.466708,0.875387,0.187803,0.630036,0.065279,0.401493,2.343781,2.243147,1.965463,2.284481,2.236688,1.678500,2.400745,3.194589,0.000000,0.000000
0.923427,0.186064,0.896393,0.010943,0.228547,0.569695,0.670460,0.370244,0.013904,0.969568,2.927462,1.814727,1.932790,2.512268,2.824327,2.033269,3.406893,2.020547,0.000000,0.000000
0.833815,0.681145,0.556255,0.114663,0.621044,0.365688,0.398307,0.741557,0.354124,0.499213,1.974856,2.026824,2.424003,2.146620,2.090508,2.190130,2.157169,2.224270,0.000000,0.000000
0.661189,0.749806,0.664204,0.671427,0.664023,0.921036,0.563625,0.285047,0.836846,0.067558,1.930797,2.971579,2.977465,2.771334,2.364811,3.007322,2.303505,3.297742,0.000000,0.000000
0.584154,0.411357,0.071397,0.110640,0.125964,0.160998,0.710107,0.623876,0.577063,0.107574,1.637388,1.795602,1.987015,1.919679,2.101244,1.351858,2.052831,1.704350,0.000000,0.000000
0.803631,0.760086,0.408348,0.759675,0.372049,0.399497,0.227311,0.397252,0.140289,0.180154,2.008011,1.950590,2.281598,2.252330,1.416438,1.875331,2.312600,2.050221,0.000000,0.000000
0.520290,0.481877,0.028749,0.643507,0.157829,0.970409,0.504251,0.619149,0.904317,0.716885,2.401676,2.552406,2.450594,2.441497,3.142807,1.952115,2.305548,3.556455,0.000000,0.000000
0.604723,0.422814,0.695054,0.872980,0.418777,0.609238,0.418768,0.311453,0.249097,0.463102,2.406251,1.898180,1.773115,2.513464,1.752858,1.949292,2.495745,2.085755,0.000000,0.000000
0.908049,0.059460,0.955825,0.965472,0.653909,0.979976,0.587001,0.836044,0.643344,0.115159,3.604373,2.404914,2.504990,4.202515,3.209774,2.833797,3.311681,3.756761,0.000000,0.000000
0.754113,0.150179,0.675591,0.648961,0.346635,0.333550,0.301838,0.207451,0.152145,0.889349,2.540347,1.303372,1.795086,2.202465,2.060676,1.807088,2.769425,1.430471,0.000000,0.000000
0.167920,0.050981,0.892721,0.428626,0.985896,0.095866,0.127842,0.208032,0.155142,0.503643,2.154636,2.007028,2.136889,1.897218,1.298956,2.786588,1.299128,1.226419,0.000000,0.000000
0.547979,0.485060,0.469320,0.885252,0.941561,0.542622,0.686825,0.695774,0.071531,0.822746,3.084887,2.889441,2.453169,2.114074,2.814548,2.217546,3.139063,2.340011,0.000000,0.000000
0.073156,0.846072,0.019864,0.211264,0.576816,0.899883,0.023072,0.003974,0.050455,0.674478,1.355440,2.766574,1.792053,1.065236,1.985679,2.089764,1.244805,3.135976,0.000000,0.000000
0.281230,0.847063,0.388492,0.191709,0.554978,0.444067,0.184104,0.328223,0.012641,0.765766,1.836798,2.145363,1.984036,1.121556,1.779764,2.220736,1.614103,2.237445,0.000000,0.000000
0.515426,0.471125,0.802170,0.493779,0.381554,0.476733,0.445394,0.662973,0.144121,0.774041,2.784610,1.807949,1.661962,1.944239,2.400339,2.077289,2.190418,2.166787,0.000000,0.000000
0.054323,0.329874,0.771622,0.705859,0.309476,0.651480,0.776543,0.901199,0.605457,0.332668,2.790754,2.231744,1.465970,2.314595,2.805655,2.138665,2.143427,2.761892,0.000000,0.000000
0.389758,0.184570,0.174244,0.440934,0.056067,0.556441,0.912233,0.804465,0.272019,0.644280,2.267249,2.253339,1.470050,1.510580,2.922705,1.107716,2.322178,2.424879,0.000000,0.000000
0.813075,0.242340,0.113685,0.641342,0.848120,0.757814,0.309957,0.016531,0.962832,0.807579,1.954707,2.363803,3.271756,2.887887,2.166719,2.757083,2.660187,2.168543,0.000000,0.000000
0.558714,0.580992,0.132374,0.969249,0.236457,0.580715,0.103991,0.279607,0.690325,0.750570,2.642195,1.922473,2.234503,2.913347,1.718733,1.696893,2.644075,2.068009,0.000000,0.000000
0.807717,0.230490,0.502016,0.753581,0.979255,0.509042,0.373905,0.119013,0.296833,0.332035,1.787018,2.461454,2.827638,2.440701,1.491820,2.260251,2.466413,1.640083,0.000000,0.000000
0.453328,0.206093,0.237670,0.842073,0.366930,0.524121,0.324719,0.362779,0.874375,0.185042,2.081392,1.533162,2.244740,2.680174,1.538125,2.093708,2.128501,1.913987,0.000000,0.000000
0.030030,0.044826,0.280278,0.920677,0.616004,0.762909,0.848558,0.398648,0.909851,0.423124,2.328218,2.381850,2.001939,2.697331,2.421990,2.447764,2.661920,2.562711,0.000000,0.000000
0.449736,0.043990,0.237409,0.349945,0.929436,0.199632,0.974750,0.027211,0.328572,0.414447,1.224037,2.756230,2.304020,1.576866,2.048267,2.021275,2.249371,1.106921,0.000000,0.000000
0.266657,0.793581,0.865208,0.908123,0.224028,0.169918,0.062568,0.458992,0.859379,0.503495,2.971699,1.825217,2.507483,3.239783,1.401715,3.003905,1.946858,1.913348,0.000000,0.000000
0.039265,0.633160,0.161224,0.310941,0.377245,0.254883,0.017117,0.722014,0.738611,0.373853,1.871626,1.718383,1.858892,1.770892,1.594893,1.966899,1.068256,2.012658,0.000000,0.000000
0.459694,0.644192,0.477874,0.323556,0.525405,0.626614,0.883005,0.433628,0.902280,0.897220,2.312731,2.801519,2.617335,2.199620,2.947474,2.660533,2.776226,2.391131,0.000000,0.000000
0.516164,0.041746,0.606890,0.308331,0.096542,0.133336,0.239856,0.486894,0.677283,0.061372,1.717850,1.073410,1.975036,2.108677,1.477469,1.775539,1.535607,1.522454,0.000000,0.000000
0.422153,0.610457,0.356157,0.671174,0.882738,0.383115,0.119742,0.605324,0.543998,0.999135,3.069295,2.366146,2.552773,2.040648,2.505108,2.309447,2.596844,2.037752,0.000000,0.000000
0.816721,0.272215,0.685987,0.216801,0.653834,0.036289,0.743223,0.569054,0.081869,0.446546,1.926544,1.866828,2.026351,1.980537,2.156090,2.130453,2.460208,1.577179,0.000000,0.000000
0.474752,0.379989,0.967510,0.402383,0.976670,0.853863,0.675399,0.208632,0.289666,0.732790,2.640278,3.327058,2.523421,2.456445,2.643981,2.957900,2.254287,2.687645,0.000000,0.000000
0.587052,0.735762,0.152028,0.133725,0.280161,0.902677,0.997050,0.046035,0.887100,0.175034,1.069814,3.547925,2.778460,2.234655,2.668473,2.294428,2.345010,2.968741,0.000000,0.000000
0.850237,0.802701,0.419389,0.281567,0.024491,0.424747,0.146847,0.279763,0.488801,0.598370,1.604225,1.986278,2.606367,2.264963,1.471907,1.732325,2.020269,2.055743,0.000000,0.000000
0.631219,0.436877,0.993857,0.571856,0.734090,0.218911,0.237210,0.967021,0.563931,0.215986,3.279769,1.788548,2.323022,3.125030,2.184711,2.937611,1.824831,2.099293,0.000000,0.000000
0.819307,0.454560,0.723744,0.993468,0.531125,0.538608,0.827365,0.797712,0.787988,0.845297,3.663051,2.390593,2.613732,3.714156,3.151855,2.586904,3.989710,2.420604,0.000000,0.000000
0.718108,0.773205,0.682347,0.302003,0.914821,0.326100,0.775577,0.738289,0.742284,0.212293,2.055844,3.046470,3.431751,2.502289,2.341524,3.146828,2.320831,2.308392,0.000000,0.000000
0.415377,0.748351,0.264872,0.030243,0.607939,0.385904,0.234086,0.431008,0.156005,0.896409,2.157153,2.046696,1.995409,1.333492,2.162340,1.995525,2.052343,2.042485,0.000000,0.000000
0.768250,0.094723,0.685241,0.871577,0.984601,0.289607,0.406909,0.005411,0.817930,0.680554,2.300742,2.185780,3.377920,3.290712,1.729174,3.001439,2.873720,1.173236,0.000000,0.000000
0.018097,0.395110,0.994905,0.795575,0.486345,0.293696,0.255430,0.611674,0.593320,0.409627,3.293121,1.553979,1.487753,3.076973,1.705748,2.709417,1.787463,1.808559,0.000000,0.000000
0.978169,0.306796,0.572867,0.889068,0.673991,0.363934,0.710422,0.426185,0.164844,0.218623,2.334776,2.004149,2.240574,2.932114,1.920048,2.015506,3.372277,1.699940,0.000000,0.000000
0.654068,0.619818,0.175454,0.929929,0.709750,0.642220,0.612806,0.367432,0.994704,0.976499,3.164288,2.516151,3.135382,3.227631,2.849064,2.872320,3.754041,2.339915,0.000000,0.000000
0.632427,0.249299,0.102903,0.097490,0.782245,0.667887,0.510230,0.166853,0.213630,0.798711,1.685999,2.202632,2.067988,1.614633,2.246581,1.806446,2.318087,2.062862,0.000000,0.000000
0.787806,0.966982,0.028570,0.195139,0.442042,0.792799,0.226702,0.483325,0.552882,0.544282,1.682645,2.645344,3.035846,2.180952,2.016595,2.486188,1.942532,3.614711,0.000000,0.000000
0.813406,0.122851,0.731306,0.590950,0.061303,0.004761,0.805351,0.433151,0.514543,0.122180,2.070217,1.645231,2.080029,2.668566,1.994794,1.732567,2.673577,1.433424,0.000000,0.000000
0.962632,0.209653,0.633104,0.429231,0.188390,0.275377,0.330093,0.990611,0.880423,0.758377,2.771676,1.322712,2.748251,3.046821,2.753322,2.273596,2.666615,2.144208,0.000000,0.000000
0.917604,0.597504,0.408176,0.814517,0.991932,0.994030,0.875364,0.649964,0.596451,0.674346,2.647815,4.224474,3.454790,3.006589,3.580804,2.498187,3.464535,3.753612,0.000000,0.000000
0.837892,0.748300,0.331882,0.406172,0.687982,0.429550,0.096671,0.980816,0.008920,0.600365,2.374318,2.157747,2.481014,1.790122,2.309111,2.111675,1.995657,2.663389,0.000000,0.000000
0.785582,0.234502,0.491868,0.190058,0.881322,0.514438,0.762836,0.601104,0.563997,0.488446,1.812291,2.546364,2.719877,2.246534,2.310732,2.305683,2.443760,2.133421,0.000000,0.000000
0.883714,0.347616,0.792992,0.665227,0.293864,0.082095,0.653415,0.956945,0.503214,0.293598,2.820215,1.640790,2.186401,2.973980,2.594513,2.064728,2.736176,1.985026,0.000000,0.000000
0.412515,0.019461,0.406591,0.447506,0.374648,0.656490,0.102079,0.780344,0.493379,0.372530,2.059635,1.471206,1.675647,1.780496,1.948459,1.660064,1.381126,2.642304,0.000000,0.000000
0.835049,0.524865,0.680499,0.233470,0.571737,0.580770,0.666979,0.634296,0.790343,0.178348,1.908920,2.265725,2.711136,2.714819,2.188751,2.604389,2.378025,2.384775,0.000000,0.000000
0.632966,0.313917,0.198609,0.150539,0.586055,0.056249,0.353380,0.507204,0.196617,0.404578,1.597644,1.479175,1.820524,1.602230,1.676869,1.642812,1.784230,1.523243,0.000000,0.000000
0.708418,0.373841,0.996726,0.212747,0.513122,0.505066,0.125588,0.517260,0.392598,0.387807,2.607815,1.700238,1.984122,2.891053,1.516543,2.586630,1.659692,2.046977,0.000000,0.000000
0.180895,0.347539,0.980699,0.369463,0.933484,0.021683,0.154322,0.191010,0.244682,0.210738,2.261876,2.111008,2.042065,2.252842,1.200166,2.924492,1.239450,1.206539,0.000000,0.000000
0.310912,0.706602,0.206875,0.104180,0.860369,0.499637,0.734670,0.334631,0.571101,0.014723,1.347319,2.900717,2.537813,1.670730,1.908969,2.338721,1.832467,2.083191,0.000000,0.000000
0.347080,0.154865,0.958325,0.816022,0.770283,0.028370,0.071128,0.819795,0.509896,0.782298,3.807879,1.508077,1.962836,3.017177,2.221951,2.821815,2.109506,1.821980,0.000000,0.000000
0.992777,0.357158,0.882997,0.690799,0.448457,0.824732,0.916198,0.512967,0.148935,0.881726,3.283567,2.846861,2.100965,3.072100,3.327471,2.247717,3.835868,2.889606,0.000000,0.000000
0.909911,0.770533,0.844036,0.128042,0.217980,0.295583,0.303486,0.313858,0.644642,0.511956,1.971946,1.888112,2.785214,2.982190,1.543809,2.550772,2.202219,1.841102,0.000000,0.000000
0.075984,0.280153,0.362610,0.123933,0.064050,0.622791,0.728654,0.790546,0.804660,0.589694,2.028254,2.054907,1.745467,1.829626,2.709119,1.722696,1.857254,2.572443,0.000000,0.000000
0.864015,0.706726,0.593832,0.244826,0.223270,0.098198,0.593939,0.554532,0.968050,0.072851,1.739210,1.928373,3.156603,2.853599,1.901924,2.732549,2.355163,1.823279,0.000000,0.000000
0.523763,0.866480,0.569711,0.710045,0.920312,0.222195,0.990728,0.517303,0.808227,0.184034,2.133046,3.605656,3.544900,2.545880,2.267001,3.336522,2.624182,2.179726,0.000000,0.000000
0.522434,0.319251,0.070803,0.823574,0.824171,0.383547,0.652673,0.011167,0.164553,0.755228,2.120225,2.205779,2.043442,1.996124,2.105198,1.844028,2.809540,1.315772,0.000000,0.000000
0.702457,0.528919,0.859009,0.006766,0.483781,0.988173,0.177002,0.228800,0.721733,0.498258,1.897034,2.565728,2.426100,2.759669,2.306576,2.675889,1.732083,3.260036,0.000000,0.000000
0.846773,0.108445,0.907189,0.534308,0.226568,0.036015,0.457065,0.427876,0.925822,0.293625,2.415991,1.207862,2.707830,3.472698,1.665460,2.843263,2.334059,1.430608,0.000000,0.000000
0.611426,0.649409,0.282932,0.693472,0.185105,0.495540,0.943105,0.361649,0.465894,0.475408,1.956408,2.734985,2.103534,2.179637,2.241643,1.544140,2.701522,2.030625,0.000000,0.000000
0.188303,0.557386,0.233128,0.471878,0.794048,0.169147,0.240624,0.939374,0.774974,0.162598,2.169296,1.997473,2.359600,1.918458,2.128165,2.410355,1.381854,2.093117,0.000000,0.000000
0.004674,0.422697,0.992171,0.965875,0.950780,0.734334,0.874850,0.363936,0.377210,0.412702,3.336194,3.448704,2.039670,3.247362,2.368378,3.020779,2.804962,2.474352,0.000000,0.000000
0.204100,0.023241,0.604054,0.464527,0.433707,0.381027,0.529915,0.036990,0.781851,0.962866,2.278598,1.352610,1.850786,2.056884,2.445045,2.276527,2.531345,1.327354,0.000000,0.000000
0.681549,0.207879,0.811361,0.695110,0.994000,0.520002,0.290272,0.482347,0.950491,0.301054,2.426178,2.478952,3.570178,3.184229,1.623334,3.512878,2.098857,2.025019,0.000000,0.000000
0.955196,0.241509,0.896281,0.109135,0.013133,0.020600,0.861559,0.257134,0.119063,0.381206,1.969761,1.881456,1.983458,2.678083,1.983073,1.821542,2.796375,1.261384,0.000000,0.000000
0.922213,0.918417,0.278479,0.842425,0.110187,0.135115,0.299834,0.590347,0.472917,0.017593,2.306047,1.963775,2.920685,2.927261,1.648682,2.004980,2.748163,2.338332,0.000000,0.000000
0.105148,0.363031,0.826518,0.297477,0.483934,0.094680,0.085965,0.805882,0.676528,0.692108,2.692573,1.427476,1.665528,2.180577,2.067021,2.494075,1.352801,1.841179,0.000000,0.000000
0.373991,0.515203,0.296420,0.125747,0.373761,0.685536,0.897265,0.452258,0.204907,0.539797,1.633077,2.727050,1.572246,1.354485,2.479950,1.540684,2.124025,2.462631,0.000000,0.000000
0.110115,0.809542,0.124186,0.722866,0.938594,0.344941,0.862732,0.128884,0.181239,0.058934,1.651862,3.346752,2.449592,1.571326,1.893705,2.389464,2.252593,1.796347,0.000000,0.000000
0.203515,0.725131,0.346888,0.049162,0.169240,0.402402,0.880595,0.379402,0.532684,0.469997,1.500120,2.570733,1.869372,1.588701,2.154582,1.717203,1.970927,1.979738,0.000000,0.000000
0.974116,0.832838,0.513369,0.746535,0.073800,0.190943,0.702896,0.421416,0.735517,0.942777,2.886154,2.216601,3.092802,3.169929,2.719783,2.216358,3.857866,1.975441,0.000000,0.000000
0.987110,0.879111,0.465308,0.261728,0.074784,0.648625,0.893146,0.070053,0.047069,0.228983,1.197438,3.012329,2.668766,2.086262,2.087061,1.888676,2.888211,2.508759,0.000000,0.000000
0.704589,0.693138,0.314326,0.878615,0.936737,0.396247,0.475641,0.250352,0.401768,0.612759,2.262153,2.727721,2.968983,2.586234,1.793045,2.331213,2.791326,1.795199,0.000000,0.000000
0.083929,0.334708,0.901372,0.072123,0.017392,0.387801,0.966476,0.055349,0.991159,0.022558,1.720671,2.387860,2.103821,2.658687,1.992168,2.816123,1.973896,1.368678,0.000000,0.000000
0.433524,0.671359,0.048316,0.317070,0.770629,0.206013,0.818105,0.651225,0.034987,0.609125,1.977769,2.614035,2.090026,1.254812,2.470005,1.976157,2.175590,1.939258,0.000000,0.000000
0.267675,0.003426,0.790463,0.968498,0.566050,0.576203,0.907847,0.952055,0.061148,0.919284,4.057328,2.186334,1.374078,2.431652,3.701356,2.191111,3.602100,2.616075,0.000000,0.000000
0.872500,0.899341,0.886709,0.006605,0.776625,0.360558,0.462550,0.802881,0.961159,0.407327,2.488701,2.492092,3.887511,3.340609,2.191650,4.105002,2.251333,2.717064,0.000000,0.000000
0.541161,0.081164,0.128255,0.482532,0.159693,0.205553,0.188045,0.942491,0.382054,0.318163,2.207806,1.130716,1.688312,1.787532,2.110327,1.231952,1.603499,2.027038,0.000000,0.000000
0.045373,0.807606,0.448106,0.941960,0.797565,0.947877,0.564521,0.415742,0.471871,0.157184,2.347235,3.290618,2.199414,2.350041,2.548497,2.528833,2.402982,3.638087,0.000000,0.000000
0.450074,0.905611,0.822967,0.971799,0.852185,0.372763,0.120057,0.764484,0.610275,0.958968,4.049465,2.573687,3.092623,3.189302,2.605687,3.429363,3.086085,2.715004,0.000000,0.000000
0.334565,0.862027,0.479201,0.654553,0.616465,0.444453,0.557358,0.245603,0.372986,0.922902,2.512855,2.377130,2.258671,1.818088,2.442781,2.450173,2.675204,2.192864,0.000000,0.000000
0.920028,0.082784,0.536159,0.325765,0.778613,0.236543,0.137449,0.226825,0.408655,0.706871,1.768784,1.508858,2.455120,2.372315,1.545228,2.134371,2.268138,1.338777,0.000000,0.000000
0.520394,0.100228,0.782643,0.916378,0.738305,0.171061,0.328792,0.813051,0.258324,0.473869,3.134401,1.462162,1.885261,2.673855,2.097108,2.368174,2.419554,1.871675,0.000000,0.000000
0.324847,0.285606,0.383229,0.521358,0.623423,0.916672,0.121207,0.365894,0.149342,0.887678,2.358743,2.278727,1.521501,1.418150,2.660634,1.780272,1.989346,3.053122,0.000000,0.000000
0.322139,0.246599,0.253692,0.317898,0.940730,0.183821,0.910706,0.009641,0.614690,0.503605,1.242566,2.818891,2.498155,1.754732,2.039664,2.241044,2.110928,1.080919,0.000000,0.000000
0.666203,0.289966,0.642286,0.190238,0.563174,0.178271,0.659919,0.312908,0.843277,0.283004,1.541947,1.709730,2.502293,2.464170,1.781507,2.582443,2.117044,1.383539,0.000000,0.000000
0.652829,0.506558,0.689661,0.185122,0.468429,0.988058,0.461711,0.052921,0.122498,0.882969,2.001810,2.629392,1.845966,1.781254,3.105987,2.011744,2.502071,3.071283,0.000000,0.000000
0.566492,0.537832,0.870824,0.853415,0.714516,0.437761,0.919411,0.351125,0.888892,0.171395,2.659547,2.767303,2.772839,3.406431,2.084458,3.258862,2.862742,1.818067,0.000000,0.000000
0.513158,0.635767,0.102824,0.524366,0.017394,0.063870,0.779177,0.480562,0.584672,0.518106,1.894710,2.112898,2.111977,1.992295,2.149210,1.391209,2.258745,1.652098,0.000000,0.000000
0.371823,0.435322,0.481585,0.400415,0.940397,0.198071,0.717978,0.453173,0.008558,0.583083,1.865533,2.626735,2.236462,1.264799,2.123122,2.208234,2.036019,1.567549,0.000000,0.000000
0.700454,0.428700,0.635776,0.290394,0.688290,0.229916,0.956122,0.506804,0.719933,0.938167,2.580253,2.580051,2.521977,2.398443,3.041501,2.499421,3.245922,1.646304,0.000000,0.000000
0.384451,0.679048,0.794362,0.745461,0.278016,0.110224,0.481520,0.609006,0.889099,0.574601,2.752607,1.808817,2.494035,2.849338,2.042270,2.824476,2.152594,1.845923,0.000000,0.000000
0.428002,0.702692,0.086553,0.035373,0.433559,0.712737,0.678647,0.120200,0.946741,0.836951,1.707780,2.558579,2.706626,2.130027,2.537426,2.533446,2.352559,2.380002,0.000000,0.000000
0.156101,0.343510,0.662134,0.056011,0.175702,0.550357,0.079994,0.138280,0.748777,0.618433,1.570156,1.647868,1.758254,1.965533,1.427385,2.047861,1.250813,1.757990,0.000000,0.000000
0.875402,0.564820,0.985535,0.519629,0.060431,0.957182,0.988565,0.442600,0.526844,0.604840,2.877269,3.447116,2.333170,3.376866,3.245147,2.279719,3.029034,3.376769,0.000000,0.000000
0.713426,0.243741,0.854796,0.883295,0.569368,0.844594,0.518583,0.758499,0.872009,0.222474,3.083609,2.201634,2.593399,3.604030,2.613767,2.966650,2.719165,3.188706,0.000000,0.000000
0.296090,0.887619,0.095882,0.725764,0.920981,0.010982,0.237014,0.889118,0.038951,0.000854,2.415936,2.620508,2.716388,1.508988,2.027545,2.550970,1.706967,2.510096,0.000000,0.000000
0.981123,0.478062,0.076826,0.142082,0.384545,0.317244,0.439034,0.286706,0.562124,0.124299,1.308848,1.685196,2.428231,2.527630,1.533284,1.620301,2.404743,1.540225,0.000000,0.000000
0.753445,0.073154,0.518043,0.534989,0.021590,0.274403,0.364514,0.150884,0.556424,0.053758,1.509274,1.196884,2.063444,2.349245,1.393105,1.462261,2.085322,1.301507,0.000000,0.000000
0.644662,0.542927,0.060080,0.543295,0.703309,0.207710,0.095504,0.855777,0.916296,0.597103,2.363846,1.831613,2.888970,2.492262,2.042606,2.563128,1.798572,2.028953,0.000000,0.000000
0.157019,0.472347,0.883125,0.268661,0.638219,0.676858,0.939810,0.468001,0.140730,0.061242,2.148669,2.926477,1.448123,1.793036,2.368954,2.470695,1.983871,2.434053,0.000000,0.000000
0.219369,0.917014,0.919737,0.523300,0.589414,0.599036,0.791578,0.572295,0.363340,0.617964,2.797699,2.892550,2.243209,2.270338,2.483856,3.190435,2.128834,2.997121,0.000000,0.000000
0.998995,0.497329,0.528194,0.340588,0.034242,0.608065,0.743365,0.048504,0.534456,0.273961,1.262902,2.277850,2.407647,2.649791,1.902990,1.527071,2.786497,1.849165,0.000000,0.000000
0.227534,0.350884,0.558146,0.544014,0.853571,0.791800,0.120568,0.960573,0.469187,0.881293,3.038054,2.510418,2.021705,1.779011,3.120812,2.283542,1.936569,3.229627,0.000000,0.000000
0.326469,0.742792,0.317862,0.372844,0.697026,0.837716,0.904332,0.342817,0.024404,0.374408,1.544523,3.420182,1.972938,1.193024,2.566818,2.102493,2.082395,3.050769,0.000000,0.000000
0.470948,0.552915,0.316495,0.331328,0.259009,0.285586,0.379535,0.073903,0.340457,0.430539,1.273521,1.693645,1.760393,1.608655,1.471455,1.492102,1.672059,1.330483,0.000000,0.000000
0.026558,0.242926,0.360071,0.684883,0.787291,0.939678,0.043725,0.143365,0.950364,0.524326,1.773385,2.510188,2.328270,2.289133,1.988103,2.778784,1.441264,2.912835,0.000000,0.000000
0.628027,0.968348,0.667614,0.494737,0.660879,0.411368,0.533263,0.770268,0.044722,0.218924,2.224181,2.479976,2.728806,1.758890,2.165704,2.985955,2.051071,2.987994,0.000000,0.000000
0.168757,0.641705,0.046805,0.662806,0.778211,0.780107,0.682306,0.274285,0.233260,0.976431,2.644546,2.934681,1.854178,1.552922,3.058837,1.962661,2.910967,2.660986,0.000000,0.000000
0.942686,0.838347,0.661319,0.164942,0.368205,0.712162,0.976299,0.433072,0.931723,0.844562,2.253961,3.294471,3.418385,3.016135,3.023490,3.108347,3.378219,2.941385,0.000000,0.000000
0.908182,0.535303,0.421792,0.748584,0.272862,0.193794,0.387074,0.379907,0.286614,0.291253,1.996643,1.636397,2.149264,2.562551,1.557521,1.556425,2.638556,1.537130,0.000000,0.000000
0.717988,0.107672,0.570855,0.068118,0.920320,0.684707,0.361695,0.345945,0.477774,0.847008,2.064443,2.341205,2.664895,2.099793,2.308832,2.355391,2.392214,2.283726,0.000000,0.000000
0.189980,0.409239,0.493820,0.913558,0.297470,0.423258,0.444380,0.200649,0.506933,0.856203,2.722374,1.683970,1.523330,2.364938,2.144404,1.699649,2.780331,1.586992,0.000000,0.000000
0.630395,0.176282,0.078712,0.936743,0.995282,0.160479,0.129823,0.393899,0.993083,0.983485,3.222691,2.185483,3.603346,3.212498,2.236910,2.981834,3.284757,1.446372,0.000000,0.000000
0.813571,0.352691,0.157719,0.976486,0.012555,0.038691,0.215907,0.094322,0.133308,0.128065,2.050565,1.364253,1.875213,2.726927,1.226906,1.055272,2.809176,1.112789,0.000000,0.000000
0.437164,0.534280,0.917089,0.217833,0.728559,0.248736,0.658058,0.493653,0.764475,0.283197,2.271185,2.162863,2.455847,2.673293,1.928292,3.097873,1.865939,1.698877,0.000000,0.000000
0.584082,0.682028,0.509268,0.435301,0.508584,0.315861,0.448659,0.466944,0.652167,0.052398,1.723840,1.939012,2.393561,2.143067,1.676793,2.261695,1.872301,1.882856,0.000000,0.000000
0.976823,0.154175,0.252546,0.848526,0.169205,0.665744,0.467172,0.078904,0.520082,0.558784,1.977442,1.700170,2.251793,3.089269,1.844311,1.374224,3.129785,1.965898,0.000000,0.000000
0.370792,0.281602,0.637183,0.722137,0.216340,0.546729,0.735818,0.166995,0.094627,0.143635,1.856279,1.981099,1.404268,1.773534,1.856018,1.629478,2.250313,1.771109,0.000000,0.000000
0.900155,0.119447,0.645556,0.783520,0.769012,0.150937,0.397231,0.188648,0.905961,0.561037,2.152819,1.554638,3.072354,3.370919,1.609931,2.929538,2.787591,1.234416,0.000000,0.000000
0.827770,0.324719,0.833221,0.955654,0.064717,0.723952,0.030404,0.875777,0.696584,0.635394,3.527571,1.848872,2.347256,3.736555,2.328602,2.108096,2.751376,2.935108,0.000000,0.000000
0.373175,0.422068,0.560173,0.085558,0.460428,0.472042,0.394143,0.974183,0.707906,0.149129,2.083286,1.751062,1.994435,1.946258,2.396142,2.160710,1.534523,2.451564,0.000000,0.000000
0.167382,0.242803,0.291633,0.230222,0.794797,0.100679,0.472371,0.682612,0.175550,0.694928,2.078445,1.757390,1.611562,1.223002,2.274030,1.888733,1.745806,1.706360,0.000000,0.000000
0.260060,0.329801,0.846069,0.549953,0.998268,0.779288,0.147463,0.397608,0.438089,0.274092,2.233065,2.933386,2.480942,2.184470,1.694948,2.810011,1.387071,2.624019,0.000000,0.000000
0.370761,0.566810,0.747217,0.578642,0.556399,0.589270,0.586881,0.986904,0.123712,0.142974,2.636389,2.212028,1.664006,1.766656,2.684358,2.219842,1.918507,2.784599,0.000000,0.000000
0.562785,0.193758,0.742568,0.588949,0.946812,0.182488,0.361831,0.805374,0.110759,0.810776,2.989254,2.078059,2.385955,1.935820,2.544536,2.500988,2.314960,1.873387,0.000000,0.000000
0.696371,0.470546,0.304590,0.906259,0.221876,0.695606,0.487396,0.715777,0.585912,0.713300,2.908615,2.072621,2.146272,2.823767,2.596786,1.564814,2.975519,2.732536,0.000000,0.000000
0.371948,0.207478,0.357835,0.712244,0.794930,0.538096,0.981297,0.848517,0.131459,0.959218,3.254780,2.841273,1.797476,1.647516,3.667692,1.927101,3.327541,2.429465,0.000000,0.000000
0.132206,0.096374,0.533972,0.490072,0.135348,0.166352,0.171186,0.846762,0.261736,0.973312,3.090284,1.129399,1.201943,1.478212,2.811012,1.438491,2.203812,1.902194,0.000000,0.000000
0.709162,0.239679,0.589637,0.529790,0.580829,0.631577,0.647682,0.119508,0.107133,0.559855,1.696541,2.024080,1.848221,1.879619,1.996557,1.933031,2.397536,1.920588,0.000000,0.000000
0.423261,0.672741,0.524702,0.151171,0.063723,0.294355,0.200425,0.607169,0.931099,0.033019,1.705854,1.767453,2.594692,2.189500,1.576623,2.351077,1.383031,1.985288,0.000000,0.000000
0.807016,0.322938,0.254264,0.153560,0.606291,0.032071,0.638193,0.465896,0.839108,0.222906,1.504732,1.719018,2.679919,2.498184,1.866329,2.272635,2.295559,1.478829,0.000000,0.000000
0.115778,0.343850,0.130882,0.218334,0.526608,0.448116,0.499232,0.844152,0.151883,0.237902,1.905580,1.745987,1.256405,1.175989,2.265613,1.561221,1.526248,2.259747,0.000000,0.000000
0.724580,0.841461,0.420799,0.920890,0.931163,0.406084,0.921110,0.421229,0.279169,0.647943,2.572646,3.539676,3.150119,2.616489,2.397763,2.631337,3.403332,2.252382,0.000000,0.000000
0.245747,0.463421,0.814997,0.619145,0.061360,0.351074,0.218217,0.949125,0.297660,0.003540,2.773654,1.597080,1.433887,2.036583,2.134247,1.798074,1.515951,2.241753,0.000000,0.000000
0.743496,0.060926,0.333720,0.646038,0.905192,0.367804,0.329116,0.281594,0.647096,0.072137,1.711738,1.903226,2.833827,2.481919,1.427087,2.287535,2.151563,1.552167,0.000000,0.000000
0.976658,0.070459,0.604962,0.131986,0.512321,0.094980,0.599778,0.901860,0.107227,0.559714,2.228567,1.364132,2.057398,2.197327,2.588557,1.879558,2.654082,1.919927,0.000000,0.000000
0.409859,0.397715,0.081521,0.981897,0.390886,0.231885,0.846419,0.581840,0.635229,0.534175,2.698428,2.081228,1.899629,2.749925,2.340271,1.678876,3.042492,1.714401,0.000000,0.000000
0.986013,0.596288,0.136821,0.956084,0.612224,0.256100,0.207125,0.276941,0.836114,0.620100,2.429832,1.811249,3.037603,3.682640,1.526566,2.341882,3.201159,1.534538,0.000000,0.000000
0.329899,0.453663,0.354956,0.960897,0.004630,0.153988,0.690579,0.647858,0.154511,0.231459,2.599455,1.806712,1.447141,2.166437,2.123260,1.176670,2.689500,1.737640,0.000000,0.000000
0.093719,0.904697,0.266496,0.273289,0.610854,0.149748,0.915973,0.977057,0.013493,0.078915,2.057279,2.834865,1.973611,1.047731,2.871608,2.351782,1.945206,2.691811,0.000000,0.000000
0.128377,0.532289,0.963360,0.569246,0.273447,0.495972,0.422031,0.597240,0.037885,0.088064,2.783262,1.859037,1.286218,2.100124,1.839919,2.281840,1.623031,2.169494,0.000000,0.000000
0.193404,0.568700,0.956845,0.911355,0.702255,0.592272,0.243027,0.658648,0.782353,0.539320,3.484322,2.177050,2.232619,3.414938,1.956765,3.201269,2.121977,2.464821,0.000000,0.000000
0.958451,0.118675,0.530619,0.300040,0.430856,0.992274,0.821506,0.018459,0.875602,0.102830,1.188844,2.692156,2.761262,2.900516,2.792386,2.383916,2.767258,2.987872,0.000000,0.000000
0.347402,0.819987,0.843639,0.489711,0.863815,0.890920,0.094344,0.704423,0.385303,0.379316,2.505372,3.171344,2.603981,2.129989,2.275154,3.084836,1.353175,3.743993,0.000000,0.000000
0.063843,0.284977,0.142125,0.136614,0.815048,0.911674,0.637446,0.575609,0.681365,0.175200,1.600058,2.816444,1.992543,1.688399,2.664960,2.158172,1.645014,3.244504,0.000000,0.000000
0.086250,0.332113,0.893781,0.452652,0.439866,0.774117,0.129621,0.803569,0.069427,0.506417,2.776490,1.970983,1.165138,1.807765,2.264327,2.251212,1.295576,3.014249,0.000000,0.000000
0.260341,0.920322,0.196596,0.622936,0.020334,0.811518,0.185912,0.469342,0.648176,0.375305,1.911749,2.585309,2.459980,1.959178,1.892760,2.048700,1.515260,3.503860,0.000000,0.000000
0.150472,0.716862,0.859822,0.185509,0.620812,0.393038,0.751582,0.393507,0.472755,0.098664,1.975437,2.444429,1.890897,2.048337,1.931254,2.729849,1.780703,1.966548,0.000000,0.000000
0.179766,0.364446,0.637877,0.105511,0.572264,0.856573,0.706418,0.361525,0.594528,0.766574,1.988681,2.557931,1.688883,1.793575,2.825926,2.206936,2.085225,2.846601,0.000000,0.000000
0.273810,0.118632,0.881924,0.258318,0.117381,0.742166,0.119599,0.201567,0.335244,0.663359,2.165162,1.671343,1.388058,2.032410,1.755529,1.933046,1.405448,2.303387,0.000000,0.000000
0.746268,0.287849,0.225985,0.300177,0.955783,0.096245,0.454657,0.392871,0.220435,0.520572,1.626657,2.225616,2.653231,1.807006,1.750162,2.024429,2.112059,1.418262,0.000000,0.000000
0.439754,0.884239,0.496435,0.422505,0.125825,0.276888,0.406702,0.729653,0.212382,0.654911,2.249797,2.028428,2.176479,1.541923,2.225869,1.993188,1.859469,2.494322,0.000000,0.000000
0.124581,0.528059,0.437801,0.223794,0.918277,0.425673,0.136201,0.690541,0.914892,0.663046,2.068857,2.422826,2.819898,1.978358,1.937376,2.953491,1.356205,2.130692,0.000000,0.000000
0.239114,0.733629,0.928993,0.929853,0.836913,0.045656,0.604456,0.446789,0.761280,0.091580,3.057000,2.447154,2.704102,3.367247,1.804849,3.430810,2.465677,1.740630,0.000000,0.000000
0.368144,0.922554,0.087684,0.968289,0.172324,0.322609,0.847313,0.968562,0.358191,0.054040,2.906363,2.635830,2.282517,2.401633,2.796414,1.950349,2.890704,2.901094,0.000000,0.000000
0.788279,0.984830,0.401690,0.804162,0.565023,0.196291,0.406783,0.073727,0.549917,0.081510,1.746981,2.192592,3.147784,2.717369,1.414245,2.833363,2.548243,2.091473,0.000000,0.000000
0.908074,0.855395,0.541737,0.701309,0.357707,0.059338,0.854523,0.833706,0.015826,0.683940,2.731599,2.499269,2.550589,2.271482,2.869529,2.186574,3.242861,2.376132,0.000000,0.000000
0.371395,0.083305,0.526111,0.723501,0.554843,0.394150,0.925080,0.476336,0.084521,0.005182,2.076405,2.125090,1.473889,1.677790,2.176112,1.832288,2.441735,1.787093,0.000000,0.000000
0.043618,0.908121,0.625713,0.732879,0.218154,0.950907,0.184067,0.543303,0.831431,0.304178,2.261844,2.820846,2.486072,2.380257,2.325009,2.864524,1.588168,4.031852,0.000000,0.000000
0.107353,0.004701,0.573809,0.677942,0.926322,0.336420,0.109170,0.666999,0.647924,0.756839,2.668535,1.855468,2.263447,2.079444,2.000388,2.527581,1.760386,1.893356,0.000000,0.000000
