0.553533,0.937812,0.776026,0.219611,0.007750,0.903243,0.834092,0.337246,0.984808,0.805536,2.428332,3.547933,3.915184,1.900353,3.370243,2.897969,3.393877,3.074814,3.506885,0.000000
0.765655,0.780966,0.535409,0.299267,0.156882,0.297589,0.181716,0.584358,0.111175,0.922551,2.115407,2.122187,1.949813,1.904292,2.998372,3.012387,1.322340,2.880614,2.050905,0.000000
0.787217,0.198269,0.797832,0.667211,0.979086,0.198228,0.752309,0.706824,0.195494,0.907388,3.102115,2.254435,3.125790,3.513385,2.368706,2.981035,1.910172,4.301374,2.173447,0.000000
0.783315,0.645904,0.673649,0.918034,0.450734,0.804741,0.371626,0.603772,0.500703,0.167400,2.722883,2.334229,2.419687,2.853171,2.674686,2.804842,2.332525,2.555151,2.476753,0.000000
0.929953,0.310740,0.970262,0.034838,0.493885,0.330759,0.787636,0.070417,0.557159,0.483440,1.687669,2.303578,3.536449,2.034761,2.281031,2.053478,2.155210,3.297433,1.677767,0.000000
0.602954,0.575115,0.286109,0.887822,0.472535,0.768390,0.123087,0.853276,0.478197,0.162727,2.617291,2.214769,1.662018,2.763854,2.302018,2.504891,2.600586,1.799816,2.554964,0.000000
0.350423,0.481595,0.073000,0.450926,0.249281,0.157250,0.377475,0.883342,0.873676,0.610051,1.487773,2.700834,2.460389,1.948843,1.748439,1.834588,2.561046,1.435178,2.015648,0.000000
0.517271,0.090757,0.733024,0.663093,0.080769,0.735872,0.621008,0.144882,0.018857,0.506074,2.065336,1.539176,2.509584,2.045614,1.833469,2.086642,1.800297,2.602182,1.925949,0.000000
0.020638,0.433509,0.399475,0.437948,0.146443,0.835676,0.700292,0.742435,0.696036,0.851558,2.511417,2.325967,2.635718,2.035141,2.749373,1.865262,3.041652,2.437903,2.819537,0.000000
0.487096,0.037519,0.901520,0.441669,0.637089,0.473658,0.357358,0.295374,0.672209,0.227326,1.929341,2.479941,2.156159,2.239664,1.329911,1.693917,1.949808,3.220670,1.565364,0.000000
0.584535,0.423919,0.081787,0.724209,0.477397,0.890863,0.741147,0.820039,0.593088,0.167765,2.398570,2.204634,2.947706,2.186024,2.339024,2.146030,3.246044,1.396203,3.053082,0.000000
0.278414,0.214689,0.585168,0.387569,0.192754,0.585268,0.974890,0.481544,0.864493,0.219781,1.655601,2.431392,3.585824,1.876650,1.573852,1.441364,3.187347,2.218107,2.752752,0.000000
0.866525,0.151464,0.318650,0.780498,0.539904,0.030871,0.072348,0.281309,0.265407,0.511263,1.827103,1.384631,1.900523,1.958217,1.849856,2.609868,1.273001,2.062436,1.283167,0.000000
0.585440,0.601216,0.587904,0.062088,0.693540,0.838118,0.288745,0.557884,0.605047,0.607408,2.543231,2.257818,2.054246,2.130737,2.645229,1.944048,2.428431,2.880906,2.415054,0.000000
0.828825,0.038304,0.163658,0.555172,0.372589,0.504647,0.709408,0.139156,0.531173,0.823496,2.296916,1.425686,3.185373,1.373406,2.323325,2.695493,2.143233,2.024587,1.750844,0.000000
0.560115,0.573612,0.536112,0.727429,0.563077,0.791353,0.417708,0.285214,0.595665,0.734232,2.784232,1.902379,2.275040,2.102904,2.694100,2.593350,2.301404,2.785101,2.092597,0.000000
0.931054,0.153772,0.047371,0.861303,0.329118,0.441503,0.094228,0.551679,0.097176,0.640841,2.363332,1.561788,2.055407,2.002406,2.363324,2.936635,1.385566,1.466241,1.748000,0.000000
0.281332,0.283894,0.108331,0.701462,0.765003,0.274672,0.538544,0.887661,0.850033,0.032501,2.102047,2.617984,2.678324,2.583919,1.365638,1.779910,2.702524,1.801926,2.125795,0.000000
0.504454,0.271610,0.363432,0.841850,0.025747,0.580904,0.112212,0.157601,0.822057,0.579137,2.278081,1.886824,1.935572,1.984899,1.868059,2.412850,2.161536,1.921770,1.501906,0.000000
0.301751,0.773354,0.317035,0.979166,0.754141,0.459439,0.597823,0.518060,0.617461,0.442651,3.034135,2.288880,2.432057,2.847665,2.079463,2.704948,2.114234,2.289531,2.300499,0.000000
0.227271,0.755821,0.521288,0.196823,0.277574,0.675774,0.290869,0.772697,0.739613,0.845410,2.358552,2.787725,1.932629,2.131909,2.819390,2.196585,2.577374,2.723853,2.580321,0.000000
0.690381,0.576517,0.410814,0.158406,0.024761,0.037826,0.437603,0.260218,0.247397,0.740311,1.444803,1.501227,2.355579,1.482503,2.210855,2.231679,1.337213,2.227976,1.455920,0.000000
0.616408,0.292866,0.226835,0.672596,0.991830,0.084738,0.781319,0.951406,0.662075,0.039712,2.273180,2.408778,3.134741,3.404000,1.444477,2.076212,2.965557,2.437461,2.442906,0.000000
0.431605,0.311338,0.292754,0.433733,0.374029,0.229821,0.027932,0.985083,0.462219,0.129504,1.407281,2.233216,1.287791,2.364309,1.401029,1.631297,2.456711,1.727579,2.047318,0.000000
0.061034,0.163314,0.452108,0.037270,0.239213,0.491987,0.299380,0.268767,0.119348,0.680690,1.864602,1.376133,1.602689,1.527669,1.720769,1.378524,1.393450,2.276828,1.538362,0.000000
0.106388,0.268744,0.893207,0.764673,0.143883,0.505711,0.892465,0.317879,0.103145,0.261680,1.886235,2.046351,2.796361,2.441806,1.542535,1.714248,2.079941,2.825035,2.289681,0.000000
0.685202,0.463089,0.829521,0.027111,0.493550,0.382495,0.466912,0.492443,0.583866,0.126480,1.628111,2.450129,2.519538,2.131378,1.831847,1.733950,1.890765,2.904656,1.786525,0.000000
0.425106,0.372911,0.818961,0.992720,0.364780,0.393189,0.171057,0.505787,0.158277,0.335246,2.535128,2.099451,1.523457,3.070805,1.597845,2.467615,1.383324,2.808665,1.684728,0.000000
0.424378,0.670834,0.769401,0.356245,0.647741,0.580282,0.392836,0.280813,0.416061,0.252937,2.032139,2.111906,1.995735,2.069507,2.056178,1.769987,1.819630,2.974554,1.880679,0.000000
0.723038,0.770077,0.056153,0.146351,0.157622,0.264976,0.450539,0.773394,0.335567,0.309076,1.319805,2.237848,2.436543,1.658044,2.143118,2.125653,1.855002,1.166677,2.286731,0.000000
0.773474,0.247038,0.106794,0.521091,0.736728,0.918000,0.086252,0.623835,0.393011,0.637244,2.793273,1.783234,1.794623,1.932056,2.706453,2.307508,2.387829,2.015128,2.470925,0.000000
0.343702,0.574403,0.373807,0.119118,0.761305,0.097237,0.818210,0.807778,0.224028,0.243013,1.691376,2.019059,2.757069,2.363923,1.612164,1.481101,2.207012,2.341551,2.473857,0.000000
0.590064,0.343355,0.703603,0.609515,0.867376,0.055948,0.889694,0.189691,0.564547,0.770685,2.404060,1.870627,3.229142,2.532043,1.925464,2.433224,2.273215,3.617301,1.910962,0.000000
0.896786,0.251824,0.141001,0.699519,0.836609,0.289537,0.640338,0.036314,0.290346,0.869767,2.886868,1.127440,3.092007,1.974493,2.640409,3.048109,1.636738,2.639891,1.386727,0.000000
0.438454,0.929843,0.637179,0.290223,0.857924,0.952650,0.861771,0.214226,0.236536,0.801593,3.210844,2.276413,2.918915,2.249262,3.389408,2.785295,2.786179,3.525456,3.509308,0.000000
0.698370,0.897908,0.056056,0.189595,0.923853,0.283380,0.478406,0.319362,0.941264,0.891025,2.845585,2.855535,3.229490,1.893333,2.923492,3.091745,2.141464,2.673025,2.159180,0.000000
0.402605,0.247635,0.064743,0.956676,0.394366,0.820062,0.880822,0.637388,0.004717,0.277817,2.834675,1.641442,2.923735,2.370774,1.967852,2.343038,2.525651,1.306454,2.997032,0.000000
0.154973,0.520971,0.587605,0.639324,0.345119,0.589433,0.969411,0.187669,0.196964,0.359719,1.922151,1.503016,2.964344,1.898325,1.915526,1.683919,2.456647,2.340864,2.519775,0.000000
0.124801,0.695656,0.123811,0.005904,0.381640,0.303852,0.375267,0.089556,0.058284,0.127685,1.451583,1.329046,1.766122,1.153046,1.790306,1.361113,1.203521,1.395354,1.468925,0.000000
0.932460,0.095160,0.946068,0.663259,0.516941,0.881978,0.645116,0.305330,0.565205,0.455899,2.437484,2.471643,3.261766,2.402481,2.723800,2.467210,2.620262,3.254120,2.351778,0.000000
0.620813,0.468341,0.186542,0.241326,0.058172,0.354672,0.084584,0.710641,0.456292,0.589513,1.566318,1.973446,1.597924,1.705620,1.947543,1.932033,1.837726,1.581339,1.885150,0.000000
0.450621,0.031638,0.471713,0.936414,0.537013,0.331428,0.446824,0.040413,0.524688,0.197998,2.396475,1.420674,2.172495,2.377624,1.190478,2.335254,1.723745,2.239571,1.239467,0.000000
0.334366,0.155604,0.995054,0.873414,0.775832,0.850381,0.485282,0.557956,0.253646,0.590681,3.240330,2.608114,2.086503,3.334957,2.097342,2.303895,2.187993,3.798115,2.395973,0.000000
0.202638,0.228558,0.543835,0.600562,0.730432,0.333115,0.442789,0.866881,0.743897,0.344189,2.037506,2.583836,2.232873,2.796579,1.381984,1.606816,2.506403,2.661974,2.067389,0.000000
0.013661,0.593637,0.428856,0.115329,0.347293,0.920217,0.578685,0.003159,0.587804,0.232553,2.053583,1.551736,2.276936,1.444947,2.453013,1.163728,2.628392,1.990901,2.167935,0.000000
0.381918,0.967894,0.611298,0.622959,0.209963,0.021873,0.348707,0.961222,0.872690,0.096635,1.217465,3.828873,2.423293,2.778946,1.990550,2.648528,2.769250,2.267583,2.881732,0.000000
0.388847,0.383227,0.773456,0.743159,0.019330,0.270950,0.687441,0.148474,0.572541,0.757484,2.010973,1.960554,2.633540,2.205936,1.914134,2.397331,1.971309,2.981916,1.568325,0.000000
0.144428,0.704260,0.989906,0.353659,0.753611,0.281282,0.118212,0.314494,0.945052,0.660935,2.153575,3.423638,2.054952,2.455590,2.072535,1.804221,2.035606,3.836462,1.641263,0.000000
0.446514,0.411481,0.851970,0.144750,0.812412,0.853206,0.587306,0.520761,0.222121,0.738410,2.916275,2.217172,2.376422,2.561812,2.581809,1.898753,2.226204,3.766571,2.479968,0.000000
0.833917,0.369461,0.080214,0.475074,0.779120,0.170402,0.186296,0.825104,0.869307,0.062671,1.828614,2.599947,2.639083,2.236715,1.882349,2.078491,2.368293,1.767702,1.879239,0.000000
0.063215,0.362819,0.100918,0.616553,0.998554,0.087028,0.675988,0.032592,0.961537,0.598264,2.442773,1.975503,3.210773,2.330582,1.584540,1.674812,2.278012,2.413076,1.366394,0.000000
0.627358,0.230596,0.174188,0.369136,0.932100,0.777166,0.534218,0.262371,0.442580,0.536583,2.819038,1.466360,2.500382,2.048157,2.143981,1.920941,2.203766,2.371680,2.021646,0.000000
0.454211,0.182223,0.220627,0.528820,0.545705,0.483840,0.926454,0.965563,0.261886,0.832356,2.436508,2.045989,3.063919,2.389505,2.035556,2.311634,3.160384,2.315717,2.995957,0.000000
0.588103,0.606546,0.788563,0.909332,0.223614,0.917650,0.625794,0.503973,0.696295,0.875095,3.321532,2.614503,2.832510,2.796965,3.238390,3.220477,2.847960,3.297270,2.726476,0.000000
0.388227,0.399022,0.106710,0.812205,0.982375,0.624184,0.764337,0.393969,0.678073,0.684462,3.345082,1.880318,2.890794,2.729058,2.132006,2.393918,2.538303,2.499144,2.255459,0.000000
0.188742,0.783231,0.608316,0.831065,0.887883,0.599613,0.096227,0.189648,0.446351,0.884103,3.556022,1.990306,1.267771,2.839747,2.835085,2.946782,1.808071,3.696017,1.926397,0.000000
0.679881,0.924570,0.806409,0.028751,0.741969,0.957726,0.159491,0.416447,0.867893,0.939255,3.336856,3.424823,2.348590,2.282931,3.884085,3.240053,2.819268,3.991946,3.068478,0.000000
0.486634,0.400994,0.391310,0.988080,0.452192,0.024419,0.571760,0.296714,0.345294,0.201582,2.190254,1.501716,2.394549,2.485825,1.465862,2.496983,1.540555,1.995289,1.510080,0.000000
0.824600,0.568746,0.304858,0.242846,0.559230,0.164942,0.486413,0.968379,0.350272,0.090855,1.481908,2.224036,2.667846,2.354742,2.059055,1.988958,2.371951,1.923204,2.215303,0.000000
0.243590,0.434711,0.501749,0.773903,0.605406,0.517108,0.296620,0.218368,0.022326,0.759039,2.679650,1.380894,1.652576,2.147279,2.142945,2.315540,1.318098,2.807327,1.547578,0.000000
0.572720,0.439195,0.547612,0.482258,0.287329,0.657958,0.275427,0.588148,0.152417,0.807692,2.321516,1.812804,1.879402,2.012506,2.506603,2.369410,1.725879,2.704693,2.079158,0.000000
0.439554,0.764925,0.045318,0.567954,0.741305,0.426588,0.361452,0.493898,0.093725,0.467841,2.182573,1.845129,1.916189,1.774446,2.086630,2.206878,1.382430,1.742569,2.065451,0.000000
0.371471,0.204790,0.192396,0.934991,0.941593,0.477559,0.625576,0.241354,0.620140,0.932671,3.939702,1.634807,2.537039,2.854078,2.263201,3.058744,2.096412,3.082697,1.715991,0.000000
0.694814,0.832251,0.108607,0.914849,0.742085,0.145121,0.465512,0.261791,0.253571,0.451871,2.488561,1.807124,2.417924,2.246083,2.178641,3.103783,1.380205,1.860171,1.863482,0.000000
0.061291,0.008934,0.718477,0.641723,0.366346,0.467734,0.780542,0.635398,0.887326,0.256557,1.788416,2.793630,3.184757,2.404486,1.244609,1.489987,2.744640,2.588050,2.329714,0.000000
0.090622,0.739202,0.124089,0.188510,0.252327,0.962880,0.559399,0.977130,0.335313,0.304623,2.056079,2.390050,2.139653,2.089625,2.694675,1.453000,3.349113,1.340115,3.377894,0.000000
0.608258,0.301692,0.206989,0.802982,0.596783,0.028686,0.834612,0.249506,0.437910,0.297109,1.826805,1.458423,3.075975,1.913831,1.465625,2.287549,2.023980,1.796354,1.839985,0.000000
0.050001,0.415528,0.017064,0.881884,0.986299,0.514470,0.399144,0.316695,0.569910,0.155877,3.095890,1.671310,1.906282,2.749528,1.684001,1.861321,1.908238,2.010700,1.674777,0.000000
0.117106,0.818717,0.547612,0.859612,0.718354,0.951052,0.906339,0.311651,0.361126,0.403573,3.078838,2.055579,2.843399,2.546225,2.789135,2.371068,3.019572,2.676988,3.409961,0.000000
0.283301,0.904617,0.969242,0.284166,0.165890,0.070441,0.734588,0.715675,0.541716,0.576030,1.295614,3.589331,2.635552,2.505136,2.107153,2.224851,2.205415,3.157136,2.786701,0.000000
0.174741,0.013877,0.760596,0.299959,0.369174,0.491881,0.515119,0.885181,0.911486,0.315735,1.667741,3.155996,2.751010,2.589705,1.288232,1.296192,2.904062,2.688956,2.263814,0.000000
0.809214,0.702026,0.720719,0.244573,0.126405,0.751337,0.600055,0.974858,0.359038,0.134446,1.773323,2.721025,2.871555,2.685952,2.697762,2.114352,3.042766,2.459846,2.998316,0.000000
0.986224,0.891165,0.892457,0.094118,0.108396,0.786248,0.346768,0.435553,0.777893,0.421504,1.872962,3.382207,3.032342,2.083135,3.530262,2.700682,2.473765,2.871551,2.726149,0.000000
0.778328,0.884745,0.110079,0.896264,0.034780,0.220060,0.477902,0.100001,0.501437,0.237359,1.879916,1.965507,2.624819,1.840040,2.313530,3.207723,1.659111,1.234739,1.870309,0.000000
0.573121,0.413516,0.382402,0.871203,0.610005,0.685028,0.638678,0.338909,0.281786,0.396643,2.695610,1.503471,2.612128,2.296963,2.053073,2.423757,2.024765,2.199312,2.097935,0.000000
0.958145,0.884501,0.444481,0.803765,0.586108,0.697311,0.716068,0.602097,0.000821,0.243908,2.472709,2.301971,3.350177,2.444271,3.228054,3.230753,1.985650,2.246994,3.067565,0.000000
0.112390,0.539853,0.885106,0.898418,0.425110,0.845722,0.228446,0.795277,0.650128,0.147945,2.681178,2.996285,1.648169,3.275393,2.258496,2.007722,2.777307,2.954169,2.607382,0.000000
0.346094,0.117923,0.288189,0.413372,0.923458,0.419906,0.370140,0.236338,0.773362,0.515407,2.438795,1.858555,2.217772,2.141907,1.445506,1.654079,2.003513,2.566069,1.463562,0.000000
0.704801,0.751215,0.281675,0.914837,0.289726,0.061947,0.913164,0.010217,0.474206,0.419779,1.920306,1.575899,3.373639,2.054478,2.075778,2.934161,2.239502,1.721263,2.093975,0.000000
0.955835,0.205809,0.939214,0.266273,0.638356,0.470425,0.052643,0.831247,0.141352,0.558554,2.057209,2.681523,2.019306,2.815120,2.436071,2.202790,1.840240,3.460185,2.054487,0.000000
0.188370,0.835549,0.500551,0.996285,0.869385,0.115334,0.275794,0.868776,0.966153,0.344732,2.897356,3.415044,2.458405,3.815499,1.891078,2.709324,2.570114,2.797901,2.390457,0.000000
0.116053,0.750391,0.484275,0.864897,0.820394,0.904653,0.392369,0.097980,0.577639,0.410660,3.206527,1.862287,1.909539,2.593850,2.638224,2.250421,2.456535,2.710851,2.293851,0.000000
0.145337,0.006575,0.974320,0.701388,0.164888,0.199474,0.526445,0.719791,0.849832,0.231864,1.481137,3.366926,2.595606,2.838203,1.059276,1.649747,2.303950,2.988293,1.905482,0.000000
0.220679,0.407595,0.837369,0.716143,0.126306,0.741850,0.300561,0.479292,0.017026,0.425351,2.097786,2.094334,1.649822,2.434627,2.037265,1.838097,1.647291,2.767647,2.084387,0.000000
0.940549,0.405442,0.013917,0.512156,0.737064,0.008385,0.076418,0.005335,0.232686,0.390801,1.680137,1.086502,2.040401,1.443421,2.247773,2.289560,1.233203,1.630783,1.032873,0.000000
0.394810,0.831410,0.824060,0.046108,0.438777,0.493216,0.963044,0.508198,0.954434,0.417592,1.758567,3.456556,3.911783,2.119489,2.171790,1.947573,3.157577,2.913465,3.122457,0.000000
0.512654,0.655098,0.509064,0.973973,0.812902,0.804786,0.970635,0.203121,0.914237,0.449863,3.456524,2.355045,3.902695,2.910926,2.462891,2.736492,3.478086,2.769980,2.949441,0.000000
0.756368,0.819601,0.308892,0.367916,0.933104,0.638584,0.672737,0.488678,0.329187,0.610151,2.754739,2.077757,2.929309,2.355587,2.781831,2.570122,2.098469,2.715615,2.652174,0.000000
0.274492,0.632300,0.463137,0.753293,0.548312,0.332368,0.824907,0.954512,0.168166,0.484669,2.068864,2.241975,2.725960,2.892073,1.862296,2.115635,2.670050,2.340770,2.786148,0.000000
0.843862,0.940682,0.650129,0.238833,0.441145,0.157907,0.209513,0.781027,0.878051,0.032021,1.355803,3.609805,2.725531,2.311628,2.472739,2.683952,2.284287,2.494899,2.598174,0.000000
0.042397,0.256731,0.224203,0.741745,0.027932,0.220063,0.592885,0.451473,0.561743,0.193799,1.530826,1.782642,2.287143,1.836129,1.312440,1.604206,1.860123,1.456464,1.712652,0.000000
0.814850,0.511979,0.088800,0.839918,0.117877,0.344643,0.830702,0.852802,0.822196,0.194849,1.863613,2.598216,3.782370,2.408795,2.079026,2.596418,3.043138,1.198893,2.613529,0.000000
0.742001,0.908043,0.459585,0.179799,0.655457,0.970402,0.840647,0.098324,0.838139,0.909421,3.153203,2.577745,3.725335,1.659642,3.904979,3.206332,3.373988,3.100926,3.313949,0.000000
0.651738,0.511727,0.382528,0.577957,0.083418,0.589468,0.410732,0.963635,0.151233,0.986344,2.667594,2.111054,2.246749,2.504226,2.999210,3.013932,2.430280,2.731604,2.448971,0.000000
0.000186,0.453192,0.571473,0.625076,0.163870,0.622453,0.919326,0.427103,0.635284,0.603333,2.021588,2.059504,3.001534,1.998841,2.060259,1.652708,2.832986,2.389420,2.633711,0.000000
0.904130,0.626171,0.365842,0.614652,0.811079,0.714730,0.618602,0.157694,0.828046,0.434053,2.597087,2.046052,3.524784,2.055689,2.887012,2.517438,2.576223,2.471310,2.058987,0.000000
0.940406,0.584452,0.567874,0.246596,0.308685,0.252935,0.570789,0.169924,0.541091,0.448404,1.442078,1.762511,3.111663,1.620823,2.520687,2.208054,1.791864,2.321193,1.536543,0.000000
0.768164,0.966032,0.738702,0.159668,0.007113,0.270295,0.724359,0.738401,0.085464,0.419985,1.345075,3.019698,3.038848,2.288009,2.461362,2.738635,1.835874,2.551534,3.062426,0.000000
0.112904,0.043152,0.836779,0.317395,0.620089,0.739001,0.385671,0.084226,0.231900,0.857872,2.765006,1.723918,1.786981,2.023695,2.220782,1.844994,1.835438,3.689414,1.687717,0.000000
0.669380,0.134512,0.722826,0.521241,0.962075,0.016834,0.507067,0.864616,0.947758,0.693477,2.349738,3.140850,3.269049,3.468716,1.669062,2.274900,2.637263,3.704740,1.995602,0.000000
0.791107,0.577759,0.798621,0.568739,0.443865,0.621656,0.553438,0.135020,0.666835,0.558696,2.097693,2.200472,2.930456,2.039634,2.530295,2.400389,2.223137,2.968650,1.802416,0.000000
0.312610,0.939452,0.211381,0.535579,0.334461,0.179187,0.049903,0.222706,0.709339,0.530350,1.522504,2.514243,1.450703,1.427121,2.130282,2.527557,1.744032,1.683799,2.033868,0.000000
0.024913,0.650883,0.910412,0.241694,0.069226,0.711278,0.790621,0.782367,0.790313,0.323449,1.753322,3.341035,2.971981,2.536652,2.190639,1.296646,3.165096,2.859456,2.961964,0.000000
0.495857,0.879837,0.468060,0.073956,0.755624,0.903489,0.241623,0.664989,0.337742,0.090663,2.475232,2.480852,1.742132,2.236678,2.757329,2.101323,2.363691,2.507832,3.094639,0.000000
0.834234,0.939949,0.849098,0.903743,0.724647,0.406284,0.757174,0.649183,0.412890,0.516769,2.736485,3.212413,3.239357,3.284415,2.727361,3.569569,2.189664,3.361313,3.028926,0.000000
0.851401,0.302558,0.993824,0.453063,0.837089,0.731512,0.109295,0.449678,0.666455,0.433023,2.555559,2.883806,2.140754,2.780037,2.444321,2.146243,2.243760,3.769560,1.994474,0.000000
0.336909,0.600963,0.908815,0.487156,0.411569,0.471609,0.214189,0.636876,0.719749,0.637995,1.957007,3.035978,1.810250,2.458731,2.095949,1.964352,2.116510,3.246706,1.999551,0.000000
0.990878,0.287972,0.249716,0.407988,0.519754,0.181454,0.724558,0.188064,0.246722,0.462674,1.578348,1.271384,3.434661,1.425973,2.383949,2.263252,1.661280,1.868619,1.608248,0.000000
0.330765,0.583784,0.904645,0.886674,0.443442,0.815328,0.767178,0.041699,0.033435,0.041491,2.630135,1.899310,2.643764,2.642145,2.260585,2.233174,2.149731,3.006001,2.274139,0.000000
0.221895,0.962183,0.320566,0.319752,0.208058,0.969233,0.396007,0.146489,0.492366,0.779959,2.497451,2.278954,1.900021,1.376590,3.378497,2.655712,2.494341,2.158896,3.005103,0.000000
0.488392,0.868397,0.560871,0.998208,0.483091,0.648144,0.519326,0.076280,0.356571,0.155084,2.878103,1.948546,2.293345,2.615790,2.349112,3.057229,1.916757,2.358849,2.205119,0.000000
0.427938,0.301402,0.853380,0.455255,0.666561,0.488927,0.096853,0.871122,0.433963,0.416652,2.048517,2.689180,1.412303,2.903996,1.646319,1.715779,2.249781,3.223395,2.119333,0.000000
0.662297,0.540311,0.937904,0.455610,0.335910,0.369514,0.014280,0.300293,0.717666,0.385425,1.582694,2.725606,1.732469,2.135388,1.926511,2.012360,1.862341,3.045900,1.522063,0.000000
0.989438,0.364831,0.998876,0.808147,0.916867,0.730771,0.365427,0.688004,0.713189,0.438907,3.082508,3.210992,2.968555,3.706712,2.941823,2.744806,2.520074,3.922947,2.288545,0.000000
0.156507,0.120564,0.956246,0.886608,0.197218,0.002631,0.724474,0.662988,0.111963,0.847289,2.267705,2.550133,2.473600,3.094252,1.729438,2.551059,1.685426,3.559655,2.043455,0.000000
0.383035,0.747404,0.142958,0.375888,0.410166,0.442871,0.251470,0.047742,0.546063,0.281314,1.653333,1.660897,1.738571,1.226650,1.987327,1.858638,1.758105,1.476414,1.571827,0.000000
0.566206,0.289819,0.765537,0.587040,0.833990,0.353545,0.111391,0.323499,0.316518,0.057465,2.168033,1.879378,1.553407,2.556266,1.517780,1.918067,1.453846,3.226802,1.456930,0.000000
0.669654,0.160681,0.495678,0.913802,0.518601,0.022124,0.758932,0.464034,0.603355,0.051441,1.988490,1.950524,3.098824,2.546394,1.362402,2.505491,2.087339,2.260440,1.902318,0.000000
0.756793,0.434983,0.632568,0.922016,0.445770,0.690742,0.607684,0.537023,0.688115,0.859463,3.247011,2.299443,3.012308,2.744267,2.874998,3.277571,2.472816,3.098711,2.274354,0.000000
0.692018,0.727284,0.533714,0.870525,0.037398,0.245007,0.438956,0.422561,0.894123,0.892768,2.532254,2.653825,2.995930,2.371968,2.728216,3.441180,2.070613,2.780395,1.846948,0.000000
0.798487,0.199134,0.835137,0.903089,0.589166,0.982744,0.216402,0.671415,0.084172,0.776856,3.463852,2.262541,2.070435,3.142957,3.040266,3.084466,2.263310,3.486226,2.648907,0.000000
0.797494,0.177019,0.411671,0.258455,0.740870,0.461559,0.500082,0.084558,0.302123,0.794948,2.517271,1.246586,2.644493,1.737364,2.296909,2.367636,1.640273,2.874592,1.423639,0.000000
0.923262,0.696465,0.189654,0.522176,0.524856,0.896554,0.580889,0.466232,0.914680,0.771617,2.705790,2.544981,3.714158,1.625293,3.686298,2.890632,2.961751,2.114197,2.701339,0.000000
0.041240,0.030633,0.418462,0.412014,0.682832,0.959225,0.036195,0.657236,0.797148,0.416150,2.526371,2.365958,1.477879,2.137761,2.022818,1.283066,2.903897,2.375252,2.577397,0.000000
0.009576,0.080555,0.927423,0.200548,0.527843,0.308976,0.110887,0.558259,0.227263,0.991705,2.564534,2.407637,1.224534,2.324770,2.151343,2.025160,1.421220,4.108786,1.655130,0.000000
0.766511,0.542594,0.863685,0.025509,0.004201,0.383491,0.831456,0.201959,0.713087,0.582262,1.580913,2.441395,3.509015,1.904489,2.232265,2.051242,2.436617,2.924791,2.010502,0.000000
0.003631,0.741330,0.046887,0.690620,0.561519,0.594707,0.443883,0.186742,0.099656,0.494540,2.258447,1.498803,1.887877,1.510571,2.215956,1.903563,1.542008,1.530028,1.929904,0.000000
0.515757,0.896661,0.511702,0.199112,0.530454,0.285938,0.448634,0.721994,0.548844,0.918522,2.343834,2.803626,2.254012,2.120047,2.824123,2.976763,1.992631,3.079727,2.540471,0.000000
0.302088,0.331139,0.924478,0.774135,0.943608,0.984110,0.316129,0.239430,0.501202,0.972802,4.154254,2.292771,1.786617,3.238536,3.228546,2.834003,2.504553,4.659957,2.251519,0.000000
0.037608,0.846398,0.051739,0.594403,0.945126,0.575461,0.415881,0.662986,0.095567,0.292411,2.618558,2.185471,1.833261,2.499219,2.202558,1.929138,1.691857,2.021742,2.579285,0.000000
0.112143,0.905276,0.573522,0.959146,0.041953,0.280246,0.868810,0.546508,0.522674,0.742545,2.537755,2.679962,2.824829,2.754574,2.393391,3.113144,2.346221,2.558222,2.952471,0.000000
0.103030,0.028383,0.736323,0.299589,0.483180,0.075911,0.239256,0.652456,0.868205,0.432609,1.398392,2.805450,2.057313,2.243416,1.115221,1.273747,2.068884,2.787071,1.671916,0.000000
0.913865,0.794697,0.898137,0.903583,0.053677,0.295910,0.484348,0.488949,0.201703,0.714924,2.330810,2.652964,2.805501,2.874958,2.945141,3.494583,1.460045,3.164564,2.088984,0.000000
0.504494,0.313165,0.744881,0.661299,0.131221,0.014224,0.910110,0.908179,0.466599,0.749344,1.643458,2.548807,3.122133,2.859164,1.798914,2.372198,2.900923,2.927749,2.671843,0.000000
0.121656,0.283432,0.728835,0.439104,0.336993,0.976739,0.579888,0.465731,0.479326,0.249691,2.143047,2.089094,2.227363,2.043301,2.253238,1.336488,2.675392,2.586801,2.621203,0.000000
0.328943,0.354981,0.336751,0.182057,0.953782,0.079973,0.150818,0.581051,0.743901,0.186235,1.997232,2.188508,1.716080,2.507962,1.379544,1.384426,1.867715,2.589662,1.606757,0.000000
0.278087,0.667416,0.466302,0.353259,0.773866,0.930151,0.178809,0.389832,0.618679,0.816259,3.088448,2.072408,1.581458,2.020999,3.082432,2.145154,2.512671,3.075327,2.459150,0.000000
0.319583,0.697569,0.743692,0.366252,0.444691,0.446962,0.344817,0.992660,0.557343,0.567480,1.845453,2.951393,1.888258,2.817301,2.090523,1.873254,2.769078,2.867881,2.470216,0.000000
0.515897,0.181740,0.665020,0.814515,0.884457,0.836007,0.911894,0.787102,0.650114,0.212087,3.067957,2.504948,3.268571,3.436865,1.961023,2.189963,3.491126,3.121843,3.245387,0.000000
0.364235,0.211805,0.698779,0.534346,0.053868,0.695387,0.556249,0.955107,0.847006,0.499180,1.904199,3.015746,2.759855,2.763585,1.837354,1.776159,3.334840,2.524845,2.612792,0.000000
0.306059,0.011908,0.751090,0.795950,0.077695,0.563036,0.552728,0.600173,0.443435,0.837359,2.557572,2.220524,2.237794,2.615597,1.924824,2.526727,2.059057,3.095348,2.086046,0.000000
0.919540,0.055077,0.213450,0.501306,0.628257,0.049914,0.200543,0.510502,0.664017,0.577968,1.700844,1.961154,2.441049,1.755837,1.965599,2.363925,1.742492,2.014674,1.521068,0.000000
0.272156,0.754729,0.494537,0.546266,0.435227,0.270646,0.252871,0.034722,0.115942,0.430529,1.628916,1.493573,1.579992,1.694633,1.913265,1.974825,1.205362,2.258297,1.448602,0.000000
0.164191,0.241070,0.716447,0.010753,0.355695,0.834793,0.334615,0.900640,0.998660,0.214467,1.971176,3.269089,2.690841,2.543607,1.948540,1.177549,3.390972,2.569278,2.638362,0.000000
0.448961,0.549457,0.128398,0.897902,0.894746,0.187888,0.046364,0.460778,0.990245,0.298811,2.665141,2.534625,2.255841,2.705539,1.652068,2.373014,2.070725,2.084046,1.587325,0.000000
0.473343,0.134277,0.879823,0.172764,0.188039,0.269359,0.953078,0.369543,0.004038,0.281810,1.327989,2.050945,3.130209,2.022792,1.279412,1.525896,1.960976,2.817385,2.308157,0.000000
0.901227,0.228685,0.935589,0.597001,0.416012,0.397617,0.257308,0.986643,0.161357,0.701535,2.042973,2.834359,2.327505,3.151782,2.391731,2.605634,2.284124,3.389504,2.164513,0.000000
0.220768,0.580820,0.871327,0.187646,0.393047,0.049959,0.824510,0.860118,0.392293,0.328054,1.240990,2.789340,2.721442,2.641604,1.620997,1.405090,2.502614,2.932445,2.536937,0.000000
0.296761,0.305102,0.146868,0.881330,0.869458,0.441123,0.890043,0.342460,0.873569,0.679937,3.114754,2.117417,3.450510,2.520184,1.821793,2.396513,2.786984,2.364038,2.250785,0.000000
0.485572,0.809584,0.578982,0.863258,0.315205,0.213203,0.129608,0.197173,0.552308,0.595690,2.079280,2.125886,1.588049,2.271043,2.122010,2.871749,1.601452,2.468696,1.674389,0.000000
0.235741,0.622554,0.058973,0.487041,0.847305,0.519662,0.212285,0.136310,0.555157,0.423382,2.369748,1.594927,1.575131,1.708502,1.971583,1.699055,1.835117,1.911765,1.566138,0.000000
0.004665,0.438066,0.841016,0.732887,0.014185,0.041574,0.325210,0.454808,0.159588,0.166104,1.334859,2.111961,1.651090,2.441517,1.444377,1.583197,1.238499,2.686817,1.527758,0.000000
0.781198,0.583247,0.709843,0.484730,0.745097,0.772726,0.714831,0.462985,0.880779,0.067322,2.383408,2.712150,3.641754,2.346304,2.553089,2.132187,2.889100,2.975161,2.541078,0.000000
0.297857,0.102859,0.660538,0.806165,0.301763,0.384879,0.953313,0.949575,0.501519,0.941956,2.734092,2.489407,3.058607,3.094451,2.094640,2.783650,3.329075,3.247915,2.964194,0.000000
0.983354,0.304935,0.909831,0.486847,0.455459,0.540916,0.986466,0.122214,0.543050,0.360677,1.851457,2.178914,4.026884,2.083192,2.579506,2.275940,2.795806,3.074024,2.383394,0.000000
0.283358,0.231751,0.471150,0.663123,0.721360,0.967201,0.981313,0.147584,0.116975,0.691396,3.011432,1.268739,3.043105,2.055302,2.504183,2.056482,2.997907,2.793166,3.030927,0.000000
0.754131,0.842901,0.526661,0.190992,0.725245,0.054773,0.380130,0.546828,0.336365,0.181826,1.588095,2.310836,2.341775,2.109304,2.175348,2.301406,1.483707,2.585314,2.109541,0.000000
0.557275,0.914566,0.754873,0.197978,0.283165,0.205306,0.343675,0.357475,0.581132,0.254286,1.303467,2.824958,2.111957,1.896850,2.069604,2.312530,1.680205,2.606370,2.139835,0.000000
0.744297,0.071946,0.335599,0.381860,0.493722,0.651468,0.859627,0.282830,0.613656,0.972319,2.835727,1.697228,3.415041,1.530693,2.722484,2.809377,2.679694,2.834194,2.342496,0.000000
0.881581,0.967575,0.675913,0.380237,0.807267,0.172248,0.242152,0.998582,0.940406,0.599418,2.060203,4.068215,3.043586,3.152740,2.816632,3.118005,2.978613,3.218878,2.918923,0.000000
0.817488,0.222380,0.754275,0.981004,0.150028,0.346751,0.469716,0.838277,0.999914,0.317693,2.327478,3.269681,3.607376,3.401578,1.821288,2.814367,2.717585,2.563122,2.064594,0.000000
0.766609,0.221376,0.600014,0.882252,0.933244,0.091291,0.391328,0.208441,0.569205,0.434560,2.650155,1.750853,2.475318,3.088722,1.657152,2.629442,1.639354,3.153036,1.279104,0.000000
0.343135,0.818014,0.891003,0.093183,0.621426,0.751208,0.906393,0.732586,0.728438,0.212641,2.147068,3.418320,3.212086,2.577622,2.405806,1.809190,3.325426,3.177790,3.489304,0.000000
0.958103,0.646909,0.962130,0.719578,0.475089,0.790684,0.823540,0.845447,0.829567,0.664506,2.577928,3.599402,4.038636,3.100448,3.408168,2.944456,3.524200,3.443395,3.204304,0.000000
0.512910,0.359189,0.247627,0.467685,0.017684,0.634259,0.146084,0.670737,0.906622,0.369559,1.732887,2.524531,2.230869,1.799812,1.881156,1.798757,2.514424,1.546039,2.092785,0.000000
0.165294,0.727616,0.459576,0.642147,0.342388,0.968355,0.553645,0.158853,0.346284,0.487855,2.371729,1.656123,2.148992,1.763343,2.782184,1.974048,2.454337,2.152491,2.546560,0.000000
0.551418,0.340764,0.339752,0.657622,0.910943,0.131685,0.183833,0.675428,0.646155,0.802967,2.666247,2.145646,1.846048,2.768950,1.968277,2.515086,1.877830,3.027039,1.712466,0.000000
0.921732,0.666220,0.402107,0.185861,0.968246,0.544390,0.729200,0.463641,0.159442,0.440691,2.568670,1.751081,3.308637,2.502397,2.769969,2.238864,1.889752,2.827300,2.344743,0.000000
0.377310,0.269378,0.584078,0.276244,0.689988,0.691171,0.806905,0.887347,0.697268,0.154333,2.176753,2.578052,2.992546,2.619199,1.771038,1.462562,3.320332,2.647915,2.895702,0.000000
0.137988,0.197208,0.003683,0.192005,0.067425,0.777554,0.662092,0.116716,0.852525,0.164335,1.787897,1.845027,2.871461,1.024405,1.806598,1.180805,2.747539,1.016350,2.013058,0.000000
0.494250,0.892244,0.020113,0.763437,0.892790,0.573682,0.176099,0.711742,0.353290,0.857063,3.340014,2.470337,1.612059,2.606975,2.910589,3.340420,1.944482,2.466861,2.680087,0.000000
0.816881,0.631914,0.451865,0.591462,0.964347,0.874545,0.898667,0.678471,0.305153,0.793900,3.427268,2.023304,3.473300,2.983934,3.342403,2.826539,3.007645,3.334073,3.328518,0.000000
0.865863,0.324328,0.033892,0.043053,0.752385,0.660706,0.784242,0.901300,0.298503,0.259410,2.244249,2.001507,3.326141,2.166762,2.340394,1.896237,2.877270,1.651323,2.831233,0.000000
0.774301,0.447645,0.112951,0.178680,0.078294,0.683550,0.637340,0.220697,0.720351,0.380550,1.745810,1.781198,3.143484,1.167401,2.329447,1.901493,2.448853,1.287143,1.986982,0.000000
0.599050,0.954084,0.318873,0.488383,0.363644,0.983504,0.139742,0.286368,0.805435,0.388533,2.231283,2.796118,2.059189,1.534855,3.108798,2.724822,2.782169,1.828635,3.084980,0.000000
0.466951,0.205543,0.115041,0.565546,0.265225,0.340859,0.174849,0.579149,0.581328,0.553144,1.682747,1.920399,1.681945,1.636289,1.538516,1.957823,1.815361,1.469672,1.702465,0.000000
0.473140,0.078833,0.643525,0.122163,0.700109,0.455075,0.948156,0.919014,0.097465,0.062646,1.945696,2.195052,3.120264,2.730184,1.336286,1.488348,2.870279,2.777449,2.978539,0.000000
0.028944,0.647265,0.367663,0.530841,0.438539,0.839530,0.658790,0.143086,0.767964,0.567444,2.293966,1.958075,2.666244,1.574709,2.534789,1.668970,2.759111,2.110354,2.309335,0.000000
0.223854,0.294057,0.538298,0.400434,0.761258,0.226548,0.952542,0.964979,0.935405,0.310145,1.861606,3.003419,3.720790,2.869527,1.377725,1.421511,3.718109,2.685943,2.888056,0.000000
0.974477,0.861454,0.891875,0.529375,0.649326,0.738728,0.440660,0.712694,0.910790,0.847844,2.848348,3.802382,3.519061,2.725924,3.918388,3.414894,2.800073,3.814837,2.894697,0.000000
0.402601,0.501211,0.164450,0.818248,0.363544,0.750751,0.124911,0.149011,0.796047,0.288068,2.355091,1.850257,1.813475,1.751964,2.115015,2.159144,2.362116,1.484969,1.777694,0.000000
0.030313,0.639708,0.462453,0.883710,0.940437,0.558861,0.898324,0.067415,0.518644,0.268670,3.072547,1.602774,2.869924,2.939325,1.971428,1.998115,2.555926,2.828721,2.272142,0.000000
0.846560,0.887932,0.538643,0.741595,0.774041,0.900758,0.090796,0.048698,0.170738,0.776610,3.270749,1.855741,1.899106,2.307833,3.681296,3.486527,1.982856,3.144818,2.482422,0.000000
0.707224,0.322016,0.028168,0.649442,0.084582,0.961807,0.023731,0.458422,0.041412,0.793905,2.647242,1.470912,1.547631,1.512288,2.997641,2.640138,2.010662,1.563875,2.394261,0.000000
0.922432,0.669678,0.405528,0.642469,0.788428,0.922259,0.687674,0.511065,0.037695,0.422955,2.789916,1.780299,3.226231,2.318313,3.319899,2.611984,2.281674,2.508337,2.887948,0.000000
0.261304,0.268938,0.176627,0.284413,0.123757,0.237489,0.920622,0.012521,0.283078,0.089402,1.260063,1.103396,2.915945,1.200025,1.330716,1.348141,2.119747,1.369285,1.854421,0.000000
0.791648,0.867976,0.058591,0.974274,0.491784,0.145111,0.551930,0.385862,0.348576,0.233958,2.300766,2.075154,2.745330,2.190762,2.294601,3.321248,1.559934,1.371839,2.142637,0.000000
0.951607,0.568344,0.508817,0.756391,0.426515,0.809901,0.190153,0.972428,0.455177,0.738243,2.721491,2.415682,2.328788,2.920278,3.446661,3.030419,3.012180,2.601895,2.739581,0.000000
0.087755,0.349225,0.808949,0.232791,0.908535,0.211798,0.083725,0.219443,0.783430,0.203677,2.048620,2.377454,1.551855,2.551065,1.402592,1.165270,1.831194,3.451784,1.279762,0.000000
0.708893,0.571969,0.382337,0.677736,0.373449,0.459125,0.120431,0.215902,0.450672,0.977375,2.743219,1.581924,1.784642,1.759704,2.968949,3.208894,1.665387,2.837788,1.535470,0.000000
0.027286,0.013973,0.487344,0.486876,0.386995,0.607494,0.142371,0.245519,0.307519,0.506470,1.943366,1.455833,1.294430,1.685466,1.512938,1.394250,1.683087,2.254368,1.617453,0.000000
0.601999,0.866500,0.830192,0.156689,0.598917,0.526581,0.314522,0.504036,0.246199,0.630934,2.137046,2.700566,1.995120,2.216757,2.526284,2.441444,1.619143,3.270245,2.376170,0.000000
0.802251,0.263355,0.192915,0.777996,0.487572,0.654951,0.248722,0.397861,0.800587,0.339015,2.298001,2.050791,2.551854,1.878626,2.145508,2.451302,2.269991,1.662520,1.847018,0.000000
0.628360,0.064023,0.110706,0.203218,0.502224,0.471345,0.518052,0.695500,0.368070,0.010568,1.725280,1.832348,2.449293,1.666437,1.442086,1.669675,1.963254,1.473641,2.056716,0.000000
0.078944,0.168048,0.366186,0.261508,0.989583,0.931787,0.957883,0.956792,0.086080,0.006023,2.915738,2.014102,2.922054,3.258499,2.036314,1.148128,3.671255,2.711646,3.704714,0.000000
0.272192,0.101549,0.944508,0.988456,0.145299,0.177669,0.813457,0.581069,0.943649,0.034072,2.153438,3.314241,3.493946,3.248361,1.138644,2.249383,2.627491,2.910168,2.151016,0.000000
0.337860,0.835231,0.147941,0.101913,0.064001,0.103999,0.726297,0.569951,0.886345,0.289991,1.132590,2.845457,3.183921,1.473860,1.883464,1.859295,2.385811,1.324364,2.450554,0.000000
0.664445,0.606545,0.324313,0.279405,0.287601,0.037050,0.523058,0.413656,0.024852,0.313837,1.156770,1.583732,2.487604,1.524078,1.833739,1.908771,1.198607,1.762251,1.693480,0.000000
0.861273,0.954025,0.867251,0.504639,0.260656,0.408186,0.802181,0.498489,0.950505,0.753941,1.969541,3.882626,4.162394,2.248870,3.099456,3.372891,2.695069,3.231003,3.009702,0.000000
0.505465,0.161355,0.106671,0.405151,0.346096,0.064282,0.707207,0.118876,0.616988,0.249299,1.226503,1.501441,2.814821,1.201655,1.246259,1.685784,1.975023,1.348618,1.477389,0.000000
0.835264,0.756553,0.710533,0.605207,0.377238,0.347592,0.515846,0.175554,0.220889,0.093291,1.624871,1.910674,2.731738,1.983276,2.364923,2.529963,1.479924,2.564186,1.761250,0.000000
0.929951,0.394920,0.043655,0.255642,0.795627,0.618758,0.695724,0.051569,0.440536,0.934191,3.071332,1.270049,3.293921,1.463739,3.340957,2.834910,2.160157,2.535614,1.795507,0.000000
0.849670,0.193612,0.529630,0.744875,0.808736,0.485949,0.815384,0.020954,0.717362,0.655826,2.729924,1.685533,3.617530,2.371141,2.233030,2.687989,2.495618,2.995390,1.800615,0.000000
0.779615,0.548899,0.673498,0.597336,0.293853,0.959573,0.265723,0.979526,0.820037,0.781331,2.650221,3.048261,2.591447,2.853562,3.316084,2.704186,3.680165,2.910332,3.009844,0.000000
0.559778,0.469397,0.077260,0.764090,0.695517,0.988802,0.903395,0.233011,0.949442,0.620739,3.052589,2.183458,3.932734,1.811663,2.784497,2.431340,3.667400,1.877445,2.996568,0.000000
0.991196,0.594682,0.603388,0.124947,0.222886,0.478668,0.773535,0.098880,0.147970,0.184164,1.534836,1.465521,3.530019,1.617583,2.795299,2.138120,1.840037,2.262700,1.915918,0.000000
0.343056,0.151243,0.180172,0.286053,0.503762,0.003266,0.221386,0.572970,0.486127,0.441175,1.349607,1.815661,1.616307,1.596275,1.250973,1.511274,1.604766,1.699989,1.584354,0.000000
0.465025,0.459940,0.907074,0.487365,0.028945,0.685491,0.308442,0.181778,0.346815,0.698626,2.083731,2.093135,1.847599,2.055879,2.317585,2.088284,1.847149,3.155970,1.725772,0.000000
0.176403,0.912149,0.123199,0.328240,0.781673,0.102545,0.944926,0.710652,0.241246,0.017139,1.725171,2.462971,2.924357,2.036927,1.923638,1.976399,2.350524,1.857415,3.257127,0.000000
0.420848,0.937719,0.562804,0.624437,0.049792,0.819869,0.173742,0.498326,0.924991,0.695512,2.310831,3.305398,2.256661,2.054620,2.977718,2.920410,2.664088,2.464531,2.948953,0.000000
0.168352,0.726696,0.068070,0.903855,0.841027,0.144318,0.247074,0.952594,0.455582,0.346772,2.560759,2.439340,1.565570,3.214227,1.790026,2.305881,2.314933,1.885167,2.267380,0.000000
0.289839,0.299724,0.230852,0.378838,0.556759,0.101806,0.567109,0.063878,0.945610,0.628395,1.680524,1.978430,3.017780,1.385391,1.565286,1.689568,2.138380,2.019826,1.264702,0.000000
0.705621,0.733345,0.302702,0.578427,0.478328,0.906306,0.837850,0.731577,0.525155,0.484643,2.360878,2.324324,3.249659,2.083784,2.916473,2.443254,3.221153,1.948035,3.430354,0.000000
0.360659,0.726202,0.053696,0.445135,0.248269,0.097632,0.224670,0.371923,0.374404,0.772981,1.660386,1.790374,1.599064,1.284023,2.214509,2.298778,1.414411,1.630884,1.670913,0.000000
0.068241,0.534728,0.633700,0.167257,0.421355,0.189502,0.200956,0.615054,0.322765,0.137545,1.370427,2.055468,1.417422,2.048191,1.573263,1.180577,1.509896,2.447543,1.740838,0.000000
0.170526,0.932290,0.498533,0.343600,0.970744,0.081327,0.306913,0.840656,0.133573,0.638936,2.298447,2.737847,1.643223,3.133812,2.200588,2.304871,1.668526,3.200248,2.631626,0.000000
0.572733,0.839715,0.433884,0.585468,0.630097,0.459240,0.941996,0.795409,0.685131,0.208771,1.982854,2.843690,3.432357,2.424868,2.167315,2.421802,3.132197,2.273890,3.339393,0.000000
0.858147,0.888780,0.657285,0.007716,0.086546,0.766586,0.644920,0.670106,0.713748,0.705506,2.125233,3.087494,3.285783,2.106384,3.369899,2.833352,2.771278,2.673218,3.149986,0.000000
0.885441,0.280683,0.708924,0.182231,0.015679,0.774196,0.024404,0.663404,0.489490,0.219569,1.786130,2.265498,1.890221,2.155081,2.505312,1.935441,2.282576,2.428679,2.269005,0.000000
0.726355,0.204294,0.981187,0.828028,0.611380,0.398477,0.316851,0.161945,0.553008,0.449377,2.333098,2.414122,2.254818,2.714850,1.732178,2.504474,1.744290,3.426908,1.354281,0.000000
0.623919,0.306154,0.157657,0.974193,0.414205,0.957313,0.090364,0.523247,0.839090,0.021457,3.029587,2.240024,2.065723,2.385438,2.374148,2.581766,2.831236,1.486890,2.449218,0.000000
0.800933,0.637597,0.176431,0.678446,0.996654,0.748301,0.748166,0.494611,0.858828,0.142100,2.956356,2.402955,3.681857,2.720036,2.611936,2.429358,2.897418,2.349051,2.638620,0.000000
0.689150,0.829041,0.912231,0.879583,0.495007,0.300672,0.437107,0.605740,0.171340,0.048866,2.144382,2.866618,2.350004,3.019698,2.145118,2.935327,1.479890,3.069611,2.252052,0.000000
0.968648,0.416423,0.658637,0.171783,0.665745,0.427251,0.763177,0.434759,0.788686,0.323774,1.905279,2.372574,3.851549,2.049162,2.513276,2.062169,2.451460,2.794430,2.091877,0.000000
0.614108,0.086323,0.754081,0.322586,0.954645,0.963751,0.666738,0.708448,0.947188,0.893303,3.598774,3.034468,3.515511,3.120100,2.870214,2.431073,3.424298,4.132356,2.933711,0.000000
0.061674,0.628119,0.218393,0.750572,0.487302,0.024898,0.691885,0.137878,0.871627,0.400783,1.644111,2.063685,2.964769,1.716634,1.693130,1.845066,2.203817,1.738626,1.625363,0.000000
0.095772,0.491103,0.630193,0.160914,0.522710,0.147299,0.079830,0.078107,0.975990,0.393863,1.482295,2.339109,2.076195,1.715113,1.573983,1.240934,1.998233,2.594711,1.158482,0.000000
0.187653,0.378775,0.720847,0.986830,0.330702,0.633110,0.860305,0.029515,0.835897,0.996916,3.681600,2.123390,3.244039,2.694686,2.771620,3.172846,2.873460,3.541834,2.087661,0.000000
0.239796,0.034779,0.334484,0.322407,0.117668,0.554563,0.493447,0.001542,0.235838,0.526269,1.724969,1.094585,2.047489,1.368191,1.491381,1.489500,1.663528,1.828568,1.429233,0.000000
0.360085,0.323363,0.344250,0.995069,0.609520,0.788642,0.316432,0.884602,0.528089,0.166107,3.145160,2.215210,1.840298,3.250073,1.966714,2.365763,2.794067,2.064598,2.549176,0.000000
0.107248,0.189276,0.651353,0.202967,0.135146,0.664679,0.614339,0.282147,0.971488,0.411667,1.754406,2.503563,3.130917,1.739655,1.700972,1.219492,2.651483,2.390736,1.957089,0.000000
0.945765,0.560089,0.012290,0.249547,0.275707,0.463769,0.123107,0.325421,0.626578,0.136325,1.546195,1.816430,2.294820,1.139508,2.577785,2.108980,1.854740,1.103128,1.640777,0.000000
0.504411,0.912572,0.359011,0.186757,0.448201,0.972751,0.619106,0.174341,0.302791,0.259615,2.192350,2.005831,2.501048,1.436274,2.941050,2.250321,2.487259,1.936405,3.051419,0.000000
0.585208,0.343321,0.057711,0.629660,0.617006,0.082410,0.702915,0.146261,0.633382,0.619358,1.857886,1.561520,2.909238,1.473676,1.704986,2.233162,1.987934,1.733708,1.514248,0.000000
0.020616,0.118332,0.670553,0.964958,0.432309,0.570713,0.575120,0.603844,0.031883,0.296351,2.650661,1.906565,2.150667,2.968624,1.470073,1.977983,1.680780,2.554023,2.119983,0.000000
0.192002,0.814547,0.518956,0.842063,0.345577,0.015384,0.654582,0.962987,0.305999,0.000429,1.637587,2.636600,2.354797,3.057644,1.816142,2.341286,2.446678,2.157336,2.683912,0.000000
0.798772,0.596555,0.067807,0.327041,0.865373,0.617094,0.268537,0.125431,0.860822,0.318078,2.409586,1.993406,2.724213,1.679326,2.416631,2.064557,2.261240,1.916665,1.652250,0.000000
0.844169,0.917282,0.229722,0.091886,0.318234,0.078624,0.423943,0.565691,0.878714,0.690302,1.508908,3.057917,3.156706,1.560760,2.760232,2.889516,2.063494,1.889656,2.356032,0.000000
0.754639,0.286193,0.170612,0.146892,0.539069,0.063588,0.075045,0.350343,0.714026,0.820614,1.907256,1.871852,1.979501,1.380968,2.167150,2.335531,1.733558,2.184426,1.361518,0.000000
0.281261,0.178692,0.700663,0.536954,0.137158,0.187785,0.302469,0.842435,0.350959,0.808389,1.818001,2.310603,1.699217,2.565528,1.748489,2.098875,1.917565,2.948414,1.906390,0.000000
0.575903,0.684889,0.266379,0.210472,0.128791,0.496631,0.495946,0.900976,0.555602,0.563712,1.694312,2.448601,2.418848,2.087736,2.220664,2.019362,2.583180,1.728477,2.489632,0.000000
0.448942,0.792176,0.443252,0.581787,0.490671,0.818972,0.767658,0.183682,0.702559,0.576219,2.365617,2.158168,2.980496,1.731876,2.694834,2.372549,2.826793,2.318583,2.700587,0.000000
0.894722,0.937272,0.395551,0.362202,0.594236,0.073202,0.738616,0.364046,0.676405,0.083690,1.444115,2.655180,3.487086,1.700289,2.584059,2.798221,2.102282,2.144805,2.544083,0.000000
0.353309,0.365763,0.736947,0.790900,0.525530,0.737402,0.839514,0.441628,0.977553,0.864548,3.051063,2.815365,3.717047,2.502985,2.571306,2.642930,3.151029,3.396276,2.594963,0.000000
0.652814,0.615281,0.690960,0.699613,0.844731,0.732674,0.181259,0.155411,0.368498,0.069197,2.686145,1.764400,1.807122,2.566726,2.334041,2.285919,1.911848,3.095822,1.841493,0.000000
0.950274,0.271813,0.372835,0.764192,0.141762,0.640670,0.477992,0.824120,0.325544,0.701378,2.346839,1.987384,2.870238,2.498693,2.842747,2.884751,2.306490,2.110797,2.349247,0.000000
0.959734,0.033436,0.481062,0.349467,0.294774,0.216337,0.389159,0.039358,0.939632,0.162146,1.322407,2.033594,3.478935,1.532840,1.932907,2.086125,2.045372,2.053278,1.145097,0.000000
0.019923,0.846455,0.197509,0.589824,0.258673,0.655783,0.857239,0.204536,0.201456,0.235552,1.856794,1.766178,2.716523,1.449017,2.289576,1.894238,2.263208,1.474999,2.777890,0.000000
0.224881,0.764688,0.582395,0.549857,0.967289,0.300895,0.984809,0.701204,0.122650,0.252228,2.343999,2.255716,3.020415,3.115762,1.873830,1.885200,2.410059,3.116483,3.088787,0.000000
0.405030,0.851315,0.368117,0.698523,0.111373,0.406551,0.529781,0.437863,0.772868,0.639760,1.918884,2.610314,2.580408,1.900828,2.305360,2.680058,2.123602,2.010487,2.277082,0.000000
0.733292,0.512133,0.572418,0.219545,0.793858,0.069803,0.527687,0.979436,0.533005,0.253632,1.718653,2.519881,2.673800,2.939461,1.822462,1.866599,2.605060,2.791363,2.200035,0.000000
0.165746,0.836151,0.380690,0.194815,0.350474,0.733444,0.273555,0.850816,0.111396,0.420943,1.932305,2.407204,1.574736,2.127059,2.449434,1.767096,2.193820,1.958801,2.898035,0.000000
0.093044,0.652076,0.461942,0.733164,0.877704,0.861719,0.170268,0.104129,0.791216,0.579740,3.115871,2.009524,1.741098,2.460343,2.589562,2.006221,2.538830,2.889098,2.032424,0.000000
0.319352,0.938869,0.118214,0.614265,0.872883,0.845687,0.620379,0.002745,0.582884,0.562482,2.927946,2.121149,2.458176,1.930527,2.842418,2.651633,2.536836,2.176315,2.733695,0.000000
0.180268,0.495518,0.388755,0.137973,0.409477,0.504335,0.498875,0.763942,0.973307,0.443366,1.759523,2.830311,2.927674,2.003104,1.838081,1.346747,2.692416,2.032337,2.202742,0.000000
0.279443,0.093559,0.230170,0.239480,0.423857,0.340777,0.354427,0.229216,0.645867,0.219774,1.534336,1.658631,1.960952,1.328720,1.226401,1.347485,1.809279,1.650610,1.389944,0.000000
0.518763,0.620030,0.854184,0.374156,0.036052,0.755064,0.907819,0.742355,0.244575,0.971508,2.692897,2.573202,3.088331,2.457655,3.179510,2.723483,2.866562,3.626603,3.208433,0.000000
0.103687,0.092146,0.521343,0.788113,0.142109,0.069528,0.091639,0.418622,0.555284,0.315312,1.506865,1.868735,1.289102,2.186510,1.128444,1.756230,1.591598,2.094229,1.424298,0.000000
0.190833,0.480164,0.122788,0.156168,0.181482,0.088172,0.849255,0.179111,0.643790,0.223562,1.132876,1.648585,2.906709,1.159763,1.500438,1.279552,2.265105,1.289686,1.852554,0.000000
0.311180,0.258792,0.788464,0.071804,0.802469,0.929937,0.229855,0.295805,0.192940,0.478143,2.683234,1.827684,1.557929,2.291015,2.242265,1.430135,2.077523,3.330198,2.177216,0.000000
0.642485,0.561068,0.227339,0.428806,0.076184,0.254182,0.245253,0.731672,0.300744,0.533434,1.445585,1.932965,1.911475,1.841563,1.947859,2.077247,1.666696,1.612271,1.910129,0.000000
0.422292,0.761908,0.636295,0.375267,0.296893,0.074263,0.087601,0.615947,0.637279,0.319834,1.214957,2.616674,1.518469,2.076302,1.831942,1.932819,1.787404,2.393452,1.959119,0.000000
0.936874,0.301010,0.013733,0.166605,0.750558,0.720933,0.990219,0.605608,0.281536,0.492873,2.404772,1.693083,3.864453,1.702468,2.710899,2.092571,2.906737,1.710533,3.104505,0.000000
0.395430,0.276954,0.136052,0.610407,0.754317,0.647505,0.625191,0.954288,0.530157,0.113614,2.356795,2.243757,2.485746,2.597909,1.722133,1.775377,3.023097,1.842566,2.623799,0.000000
0.058470,0.559646,0.535784,0.976515,0.661436,0.054798,0.556242,0.624820,0.339202,0.628547,2.649936,1.991779,2.129141,3.048776,1.810982,2.358470,1.666721,2.757386,1.898024,0.000000
0.210142,0.879659,0.866501,0.211142,0.706666,0.979439,0.822848,0.930164,0.678702,0.629330,2.730055,3.640157,2.902042,2.990496,3.090161,2.102741,3.943716,3.481630,4.045365,0.000000
0.337702,0.964036,0.577504,0.009280,0.673922,0.012648,0.484859,0.911076,0.479476,0.853190,2.087883,3.197297,2.136613,2.613836,2.598266,2.822571,2.282621,3.230243,2.888940,0.000000
0.821297,0.960169,0.552066,0.653043,0.210592,0.769092,0.468648,0.154282,0.384437,0.089572,1.996032,2.320277,2.633667,1.856336,3.007378,3.098427,2.079436,2.149200,2.698659,0.000000
0.769639,0.276854,0.197171,0.563680,0.702217,0.526562,0.469623,0.779126,0.349219,0.625497,2.365350,1.914620,2.546462,2.226464,2.149716,2.337972,2.098553,2.132174,2.165841,0.000000
0.012825,0.608429,0.086330,0.193069,0.268897,0.558345,0.301570,0.727744,0.408812,0.502183,1.758685,2.032553,1.631236,1.628366,2.046823,1.313783,2.028476,1.371610,2.203957,0.000000
0.116651,0.830509,0.642970,0.329431,0.924784,0.250736,0.196618,0.340355,0.540017,0.958568,2.998522,2.373531,1.491885,2.525973,2.774346,2.581708,1.623905,4.021948,1.886573,0.000000
0.840933,0.737964,0.090301,0.421050,0.393355,0.703092,0.085398,0.802432,0.000374,0.081512,1.889791,2.099748,1.877965,1.832783,2.732932,2.315338,1.909938,1.335872,2.593972,0.000000
0.454743,0.591821,0.799958,0.537535,0.097903,0.739008,0.392402,0.802688,0.329219,0.637681,2.091387,2.545669,2.003343,2.599676,2.440021,2.125668,2.350907,2.868806,2.531919,0.000000
0.118169,0.239920,0.143816,0.610962,0.247845,0.799499,0.103593,0.368316,0.979927,0.462890,2.099443,2.334861,2.143245,1.511302,1.978497,1.593939,2.638641,1.448242,2.011940,0.000000
0.212802,0.136659,0.916881,0.376904,0.210476,0.469369,0.261140,0.834086,0.639089,0.669360,1.833752,3.013664,1.734383,2.668085,1.658920,1.655110,2.361203,3.177964,2.072551,0.000000
0.311196,0.012455,0.663792,0.292820,0.365131,0.905538,0.944788,0.539781,0.819697,0.717035,2.414865,2.504163,3.437871,1.998037,2.210487,1.765595,3.567927,2.829560,3.203119,0.000000
0.560234,0.946911,0.116960,0.852786,0.353150,0.169224,0.261550,0.762251,0.602572,0.401714,1.887649,2.930907,1.968798,2.333723,2.138883,3.156266,1.986692,1.423461,2.612742,0.000000
0.285827,0.477848,0.294852,0.895908,0.487304,0.824350,0.992975,0.312240,0.277194,0.172109,2.711164,1.466849,3.073551,2.167839,2.169173,2.145716,2.945326,1.832268,3.023005,0.000000
0.915581,0.332099,0.587105,0.981914,0.177384,0.642605,0.498245,0.445299,0.133259,0.047848,2.603775,1.677591,2.835093,2.733104,2.447877,2.892009,1.709208,2.205785,1.994092,0.000000
0.452943,0.190194,0.585930,0.678366,0.654880,0.298833,0.019560,0.986450,0.051448,0.181633,1.945459,2.191563,1.244284,3.055112,1.327576,1.920424,2.087647,2.606721,2.077067,0.000000
0.832657,0.809618,0.772864,0.692106,0.459341,0.645722,0.934373,0.720446,0.862024,0.363335,2.134133,3.354834,4.114239,2.667953,2.755229,2.789288,3.364143,2.804688,3.382815,0.000000
0.878050,0.042581,0.070023,0.736195,0.814848,0.978671,0.581263,0.026320,0.373716,0.536965,3.091217,1.166330,2.953002,1.910587,2.749598,2.574859,2.527902,1.958848,2.180509,0.000000
0.768885,0.680765,0.264129,0.814658,0.777971,0.425813,0.131420,0.041845,0.263843,0.439953,2.556664,1.344662,1.858870,2.172857,2.296738,2.732487,1.447432,2.218655,1.440209,0.000000
0.805691,0.530447,0.839267,0.147381,0.445404,0.512129,0.543363,0.296897,0.766901,0.286739,1.734561,2.555360,3.081769,1.969973,2.237678,1.930159,2.197371,2.900495,1.798769,0.000000
0.081113,0.354628,0.912296,0.821136,0.020421,0.905565,0.437148,0.308661,0.351257,0.999182,3.358160,2.207148,1.896099,2.561230,3.172266,2.768739,2.263920,3.822556,2.228063,0.000000
0.139931,0.381322,0.257649,0.265095,0.322334,0.491337,0.399458,0.962918,0.904630,0.313393,1.630955,2.819520,2.488203,2.214284,1.653897,1.262130,3.069502,1.649977,2.289213,0.000000
0.411568,0.379728,0.285590,0.039852,0.608382,0.071149,0.508916,0.552360,0.691161,0.478918,1.551126,2.074149,2.415422,1.727751,1.523328,1.543794,1.921118,2.051155,1.710021,0.000000
0.098642,0.266396,0.177679,0.202492,0.941280,0.254476,0.701222,0.256613,0.210866,0.713359,2.505180,1.311724,2.414151,2.036842,1.694263,1.507696,1.624760,2.604380,1.671207,0.000000
0.016496,0.413956,0.519034,0.681046,0.353683,0.632610,0.762702,0.121614,0.587362,0.681697,2.289626,1.635798,2.644697,1.865357,2.130944,1.826476,2.431451,2.479952,1.994849,0.000000
0.905769,0.389363,0.186390,0.962339,0.340111,0.320148,0.059820,0.848042,0.845931,0.874504,2.962261,2.593100,2.452140,2.810165,2.833724,3.523632,2.465851,2.157240,1.973734,0.000000
0.465080,0.136427,0.236880,0.011369,0.265451,0.886771,0.238697,0.594181,0.962769,0.424601,2.033785,2.534744,2.552883,1.594898,2.046125,1.542105,2.887377,1.620773,2.394490,0.000000
0.431498,0.441852,0.315019,0.238646,0.764635,0.142822,0.943351,0.624799,0.904763,0.071066,1.731092,2.512773,3.742992,2.060821,1.497276,1.526925,2.917051,2.215065,2.522812,0.000000
0.589160,0.077568,0.275495,0.838965,0.376996,0.773674,0.733124,0.064212,0.138844,0.237356,2.424595,1.104435,2.813728,1.890334,1.809997,2.306431,2.131465,1.706488,2.056852,0.000000
0.879700,0.299988,0.373017,0.753549,0.628425,0.944844,0.860534,0.308936,0.949777,0.776169,3.129792,2.271014,4.308682,2.052311,3.259189,2.923227,3.488858,2.608546,2.847007,0.000000
0.465254,0.775453,0.020664,0.456050,0.901554,0.324526,0.989510,0.400766,0.650735,0.004711,2.180582,2.185826,3.374796,1.936771,1.927625,2.034830,2.750708,1.854128,2.836537,0.000000
0.565713,0.466839,0.911830,0.337356,0.603760,0.726826,0.580255,0.693644,0.526641,0.686882,2.428381,2.776619,2.557464,2.564246,2.421611,2.051095,2.481784,3.512264,2.464787,0.000000
0.136737,0.003740,0.726635,0.778704,0.465800,0.085304,0.883791,0.138707,0.775279,0.767799,2.122599,2.123427,3.147550,2.265141,1.463995,2.195746,2.473244,3.122867,1.836302,0.000000
0.688446,0.527064,0.207511,0.294812,0.883521,0.850144,0.941913,0.257140,0.118282,0.508441,2.769746,1.357237,3.357980,1.908606,2.605884,1.983970,2.681065,2.327069,2.892722,0.000000
0.851220,0.103792,0.675852,0.684307,0.338257,0.681264,0.574233,0.394433,0.716406,0.644117,2.282200,2.216498,3.136453,2.164965,2.360158,2.586848,2.394079,2.733356,2.048018,0.000000
0.385502,0.367290,0.640164,0.693178,0.185742,0.866073,0.609457,0.098729,0.050243,0.986445,3.091332,1.381798,2.367532,1.984170,3.099341,2.844079,2.026797,3.274711,2.093385,0.000000
0.372213,0.239390,0.854189,0.827215,0.261998,0.505582,0.072013,0.095731,0.521642,0.103302,2.043572,1.994375,1.356613,2.434115,1.515299,2.060884,1.777712,2.778124,1.355002,0.000000
0.361744,0.692508,0.917777,0.964827,0.164851,0.381918,0.515261,0.019706,0.723084,0.725708,2.657846,2.545600,2.434753,2.817052,2.237689,2.904815,2.005744,3.244925,1.532352,0.000000
0.212810,0.092851,0.542511,0.632978,0.386402,0.893418,0.826553,0.260044,0.282481,0.119000,2.204938,1.499585,2.704762,1.886036,1.894782,1.615231,2.649943,2.236014,2.623007,0.000000
0.902266,0.627707,0.756512,0.077554,0.728541,0.916873,0.764440,0.968855,0.368303,0.340439,2.487137,2.692710,3.361363,2.977377,3.170552,2.102985,3.536796,3.083251,3.411475,0.000000
0.528082,0.619616,0.935606,0.671127,0.467968,0.344629,0.153907,0.475257,0.271297,0.657627,2.050899,2.515248,1.592103,2.511717,2.100560,2.410296,1.444729,3.374612,1.745070,0.000000
0.226506,0.822172,0.281017,0.110691,0.123935,0.092554,0.324221,0.746157,0.612459,0.537254,1.263137,2.600385,1.840451,1.839358,1.988444,1.850763,1.965077,1.732467,2.245735,0.000000
0.200687,0.461361,0.764053,0.530521,0.379646,0.961916,0.287538,0.310867,0.875021,0.810808,2.718295,2.567873,2.201590,2.030782,2.921298,2.060478,2.833417,3.205270,2.305231,0.000000
0.010985,0.383787,0.968878,0.983315,0.756286,0.150753,0.366779,0.200695,0.108706,0.383967,2.714244,2.143718,1.733817,3.287081,1.463122,2.056197,1.182397,3.566334,1.294458,0.000000
0.415724,0.128618,0.473619,0.604989,0.698938,0.016641,0.867759,0.200922,0.298228,0.947616,2.490057,1.396375,2.916256,1.974067,2.009701,2.632947,1.953564,3.286688,1.854901,0.000000
0.943037,0.964314,0.513373,0.734759,0.672977,0.534830,0.070845,0.212779,0.097527,0.198824,2.287047,2.222309,2.031099,2.160439,3.049104,3.355485,1.385975,2.487503,2.363895,0.000000
0.216898,0.648098,0.729994,0.334397,0.889030,0.182289,0.540203,0.368421,0.716476,0.355789,2.030205,2.447193,2.390966,2.527813,1.728579,1.550183,1.925770,3.295402,1.735718,0.000000
0.464289,0.515978,0.429694,0.960236,0.311043,0.828529,0.155393,0.911050,0.423838,0.412067,2.845426,2.240906,1.558620,3.154454,2.318875,2.527190,2.802970,2.026105,2.672142,0.000000
0.830603,0.925330,0.845636,0.920507,0.526963,0.566306,0.583330,0.772020,0.867556,0.788185,3.051617,3.862529,3.423048,3.298738,3.211645,3.900725,2.741984,3.458611,3.024355,0.000000
0.807834,0.050007,0.913456,0.927415,0.439519,0.025398,0.262108,0.290882,0.435461,0.944483,2.800869,2.242705,2.212769,2.833055,2.319057,3.510463,1.461272,3.862613,1.309541,0.000000
0.444400,0.387017,0.678529,0.383196,0.645860,0.353906,0.056975,0.494907,0.025310,0.390986,1.852373,1.830378,1.311443,2.153732,1.611039,1.673444,1.210737,2.833962,1.642776,0.000000
0.300222,0.538528,0.884493,0.376894,0.381939,0.931464,0.943285,0.901280,0.419082,0.628990,2.346365,2.852982,3.007550,2.771617,2.663122,1.775225,3.785871,3.163711,3.692335,0.000000
0.983330,0.449714,0.917866,0.268697,0.215700,0.858143,0.299779,0.233168,0.037470,0.809137,2.439626,2.048755,2.566498,1.993797,3.650835,2.626173,1.803776,3.412002,2.037421,0.000000
0.843702,0.406759,0.894614,0.457040,0.124076,0.981340,0.341865,0.354249,0.875018,0.342112,2.080409,2.863270,2.981793,2.115812,2.916535,2.120004,2.893748,2.844663,2.384606,0.000000
0.114125,0.796904,0.465193,0.273152,0.097791,0.160220,0.097538,0.777521,0.918541,0.734799,1.572089,3.125206,1.919961,2.090205,2.219484,1.988773,2.310607,2.336689,2.207417,0.000000
0.257484,0.884385,0.341501,0.559874,0.593015,0.399386,0.083251,0.491972,0.733304,0.266526,1.868243,2.681271,1.521958,1.882705,2.067223,2.201613,1.951972,2.053602,2.263796,0.000000
0.966108,0.548198,0.336872,0.623278,0.694509,0.990746,0.466137,0.455750,0.935847,0.100319,2.625012,2.460102,3.632681,2.019364,3.401956,2.445907,3.061850,2.157097,2.628924,0.000000
0.362785,0.323357,0.033114,0.057968,0.516948,0.110662,0.040833,0.455933,0.938115,0.020985,1.377918,2.346962,1.987785,1.312598,1.352934,1.377087,1.993641,1.333473,1.479180,0.000000
0.796497,0.752144,0.425445,0.597542,0.522273,0.440234,0.350400,0.086689,0.104987,0.844609,2.443005,1.494759,2.335329,1.720719,2.950936,3.076106,1.341872,2.726173,1.643558,0.000000
0.401723,0.345762,0.000984,0.233631,0.325189,0.966223,0.878853,0.397630,0.861607,0.597624,2.288394,2.154289,3.470194,1.183029,2.518836,1.684042,3.499002,1.321160,3.024319,0.000000
0.013133,0.381128,0.213529,0.476136,0.138368,0.002531,0.618645,0.738815,0.921428,0.746528,1.489115,2.618680,2.958313,1.867685,1.797178,1.676982,2.456152,1.862247,1.996690,0.000000
0.668363,0.028902,0.642142,0.507022,0.000957,0.886056,0.985726,0.959426,0.212958,0.326107,1.986822,2.269562,3.420216,2.692980,2.048225,1.960115,3.803153,2.318964,3.702306,0.000000
0.908145,0.123670,0.597558,0.214764,0.988381,0.411314,0.761707,0.798105,0.849039,0.192798,2.397505,2.732579,3.867791,3.198763,1.980190,1.961669,2.865892,3.179179,2.409459,0.000000
0.938296,0.023542,0.396410,0.342179,0.603471,0.764609,0.560753,0.434639,0.308962,0.691694,2.473431,1.592389,3.011018,1.758012,2.714207,2.386318,2.105601,2.487933,2.195592,0.000000
0.936264,0.029091,0.212978,0.191992,0.764283,0.985936,0.115801,0.923574,0.946146,0.640761,2.834504,2.828429,2.909563,2.414251,3.032653,2.236206,3.647361,2.273165,2.897199,0.000000
0.052190,0.057050,0.212584,0.498300,0.531144,0.398533,0.449116,0.138926,0.681882,0.669864,2.042881,1.613507,2.117147,1.435202,1.516465,1.601082,1.931672,2.007862,1.388355,0.000000
0.591663,0.983744,0.329877,0.559092,0.406544,0.548465,0.897104,0.651993,0.980375,0.172563,1.816591,3.585568,4.068053,1.957052,2.412243,2.845929,3.183881,1.830172,3.611337,0.000000
0.584880,0.459696,0.655210,0.073037,0.753635,0.920722,0.657671,0.702756,0.742865,0.585973,2.689918,2.580543,2.961964,2.472050,2.625649,1.836073,3.118961,3.079588,2.879604,0.000000
0.677436,0.119627,0.945187,0.197926,0.289561,0.200561,0.600472,0.507214,0.275130,0.201780,1.294156,2.427525,2.665593,2.217237,1.378674,1.725031,1.598051,2.982435,1.764154,0.000000
0.634105,0.967210,0.734672,0.722392,0.346860,0.565462,0.485373,0.291002,0.679045,0.121812,1.959908,3.023790,2.585451,2.210809,2.450440,3.032913,2.120311,2.591464,2.600247,0.000000
0.049813,0.350716,0.790540,0.975154,0.922657,0.310187,0.047700,0.100998,0.853948,0.032783,3.065775,2.339405,1.629655,3.452742,1.446973,2.015902,1.950376,3.432410,1.212452,0.000000
0.838191,0.422776,0.423753,0.785355,0.466708,0.875387,0.187803,0.630036,0.065279,0.401493,2.538344,1.742336,2.078189,2.352535,2.747394,2.551640,1.995771,2.130041,2.434910,0.000000
0.923427,0.186064,0.896393,0.010943,0.228547,0.569695,0.670460,0.370244,0.013904,0.969568,2.533382,2.091906,3.193637,2.036203,3.149197,2.836198,1.658630,3.756472,1.997377,0.000000
0.833815,0.681145,0.556255,0.114663,0.621044,0.365688,0.398307,0.741557,0.354124,0.499213,1.875967,2.254335,2.507587,2.256431,2.422653,2.186631,1.853440,2.622617,2.153733,0.000000
0.661189,0.749806,0.664204,0.671427,0.664023,0.921036,0.563625,0.285047,0.836846,0.067558,2.565505,2.594462,3.054856,2.242561,2.789541,2.428391,2.870804,2.769642,2.628482,0.000000
0.584154,0.411357,0.071397,0.110640,0.125964,0.160998,0.710107,0.623876,0.577063,0.107574,1.178259,1.985875,2.872339,1.462224,1.554964,1.626274,2.112548,1.159906,2.036502,0.000000
0.803631,0.760086,0.408348,0.759675,0.372049,0.399497,0.227311,0.397252,0.140289,0.180154,1.876816,1.818798,2.100831,2.023731,2.342618,2.720358,1.336536,1.960963,1.902369,0.000000
0.520290,0.481877,0.028749,0.643507,0.157829,0.970409,0.504251,0.619149,0.904317,0.716885,2.535223,2.490881,2.947983,1.679192,2.865274,2.356735,3.121179,1.450832,2.742977,0.000000
0.604723,0.422814,0.695054,0.872980,0.418777,0.609238,0.418768,0.311453,0.249097,0.463102,2.464718,1.741242,2.207076,2.488105,2.027033,2.498095,1.703115,2.664800,1.788022,0.000000
0.908049,0.059460,0.955825,0.965472,0.653909,0.979976,0.587001,0.836044,0.643344,0.115159,3.277976,3.123190,3.169861,3.737583,2.701228,2.841725,3.294516,3.340774,2.998671,0.000000
0.754113,0.150179,0.675591,0.648961,0.346635,0.333550,0.301838,0.207451,0.152145,0.889349,2.334498,1.539463,2.172900,2.006375,2.288263,2.879197,1.292752,3.174761,1.346715,0.000000
0.167920,0.050981,0.892721,0.428626,0.985896,0.095866,0.127842,0.208032,0.155142,0.503643,2.229362,1.943563,1.284461,2.959513,1.188718,1.479399,1.168294,3.885186,1.219318,0.000000
0.547979,0.485060,0.469320,0.885252,0.941561,0.542622,0.686825,0.695774,0.071531,0.822746,3.600227,1.859622,2.673958,3.433116,2.426594,2.943936,1.924320,3.382103,2.369567,0.000000
0.073156,0.846072,0.019864,0.211264,0.576816,0.899883,0.023072,0.003974,0.050455,0.674478,2.541425,1.518952,1.051501,1.140009,2.962724,1.937047,1.860256,1.679278,2.326199,0.000000
0.281230,0.847063,0.388492,0.191709,0.554978,0.444067,0.184104,0.328223,0.012641,0.765766,2.202463,1.901846,1.447298,1.598133,2.499558,2.281856,1.227683,2.534029,2.046489,0.000000
0.515426,0.471125,0.802170,0.493779,0.381554,0.476733,0.445394,0.662973,0.144121,0.774041,2.145521,2.249186,2.156884,2.383289,2.232734,2.272267,1.652940,3.213681,2.027868,0.000000
0.054323,0.329874,0.771622,0.705859,0.309476,0.651480,0.776543,0.901199,0.605457,0.332668,2.032311,2.739042,2.690417,2.944639,1.791125,1.601217,3.157755,2.675836,2.805736,0.000000
0.389758,0.184570,0.174244,0.440934,0.056067,0.556441,0.912233,0.804465,0.272019,0.644280,1.864824,1.884910,2.981853,1.907146,1.784713,1.852780,2.759599,1.619071,2.874384,0.000000
0.813075,0.242340,0.113685,0.641342,0.848120,0.757814,0.309957,0.016531,0.962832,0.807579,3.172994,1.948496,3.140419,1.895158,2.780352,2.754533,2.566892,2.473367,1.624040,0.000000
0.558714,0.580992,0.132374,0.969249,0.236457,0.580715,0.103991,0.279607,0.690325,0.750570,2.942017,1.872416,1.747242,2.124234,2.438504,3.034935,2.034792,1.743496,1.731903,0.000000
0.807717,0.230490,0.502016,0.753581,0.979255,0.509042,0.373905,0.119013,0.296833,0.332035,2.827081,1.336464,2.407979,2.863694,1.951854,2.415030,1.608432,2.999579,1.433233,0.000000
0.453328,0.206093,0.237670,0.842073,0.366930,0.524121,0.324719,0.362779,0.874375,0.185042,2.167898,2.142539,2.439453,1.984509,1.529364,2.170555,2.200637,1.616315,1.673524,0.000000
0.030030,0.044826,0.280278,0.920677,0.616004,0.762909,0.848558,0.398648,0.909851,0.423124,2.936626,2.248497,3.383317,2.363595,1.702610,1.953434,3.128140,2.015769,2.591686,0.000000
0.449736,0.043990,0.237409,0.349945,0.929436,0.199632,0.974750,0.027211,0.328572,0.414447,2.149668,1.148555,3.163419,2.027244,1.195941,1.643389,2.294573,2.409857,1.993216,0.000000
0.266657,0.793581,0.865208,0.908123,0.224028,0.169918,0.062568,0.458992,0.859379,0.503495,2.027856,3.241818,1.741673,2.827319,1.955148,2.615596,1.932879,2.908244,1.884721,0.000000
0.039265,0.633160,0.161224,0.310941,0.377245,0.254883,0.017117,0.722014,0.738611,0.373853,1.458797,2.432465,1.333396,1.732845,1.750379,1.348915,2.075340,1.517014,1.947698,0.000000
0.459694,0.644192,0.477874,0.323556,0.525405,0.626614,0.883005,0.433628,0.902280,0.897220,2.635889,2.529077,3.640102,1.775983,2.803757,2.458857,3.018760,2.954062,2.686962,0.000000
0.516164,0.041746,0.606890,0.308331,0.096542,0.133336,0.239856,0.486894,0.677283,0.061372,1.151926,2.169137,1.956554,1.873356,1.130738,1.611466,1.765061,2.223332,1.518475,0.000000
0.422153,0.610457,0.356157,0.671174,0.882738,0.383115,0.119742,0.605324,0.543998,0.999135,3.362675,2.085309,1.505273,2.632116,2.786400,3.008907,1.826753,3.488947,1.892692,0.000000
0.816721,0.272215,0.685987,0.216801,0.653834,0.036289,0.743223,0.569054,0.081869,0.446546,1.555040,1.904059,3.153524,2.202756,1.807509,1.958258,1.598588,2.888517,1.986403,0.000000
0.474752,0.379989,0.967510,0.402383,0.976670,0.853863,0.675399,0.208632,0.289666,0.732790,3.227457,2.219051,2.583227,2.986084,2.553366,2.051007,2.328734,4.282399,2.266655,0.000000
0.587052,0.735762,0.152028,0.133725,0.280161,0.902677,0.997050,0.046035,0.887100,0.175034,1.986850,2.129549,3.958014,1.162700,2.674720,1.903352,3.693106,1.387910,3.145092,0.000000
0.850237,0.802701,0.419389,0.281567,0.024491,0.424747,0.146847,0.279763,0.488801,0.598370,1.645877,2.007615,2.073681,1.519980,2.719943,2.558921,1.678504,2.053623,1.878499,0.000000
0.631219,0.436877,0.993857,0.571856,0.734090,0.218911,0.237210,0.967021,0.563931,0.215986,1.874817,3.303152,1.973993,3.406395,1.653627,2.004742,2.499667,3.536679,2.064719,0.000000
0.819307,0.454560,0.723744,0.993468,0.531125,0.538608,0.827365,0.797712,0.787988,0.845297,3.398818,2.840431,3.711540,3.420198,2.799242,3.452968,3.049379,3.333569,2.696863,0.000000
0.718108,0.773205,0.682347,0.302003,0.914821,0.326100,0.775577,0.738289,0.742284,0.212293,2.180885,2.964394,3.370418,2.955361,2.155039,2.176301,2.612252,3.211160,2.668575,0.000000
0.415377,0.748351,0.264872,0.030243,0.607939,0.385904,0.234086,0.431008,0.156005,0.896409,2.475803,1.787561,1.641303,1.587264,2.647351,2.450233,1.352263,2.619642,1.906390,0.000000
0.768250,0.094723,0.685241,0.871577,0.984601,0.289607,0.406909,0.005411,0.817930,0.680554,3.151311,1.996259,2.851599,3.287172,1.842144,2.843179,1.969176,3.655123,1.156737,0.000000
0.018097,0.395110,0.994905,0.795575,0.486345,0.293696,0.255430,0.611674,0.593320,0.409627,1.999573,2.972865,1.635112,2.928547,1.550100,1.744140,1.836227,3.295074,1.738967,0.000000
0.978169,0.306796,0.572867,0.889068,0.673991,0.363934,0.710422,0.426185,0.164844,0.218623,2.453445,1.650219,3.378397,2.663613,2.365185,2.787919,1.688833,2.610447,1.926042,0.000000
0.654068,0.619818,0.175454,0.929929,0.709750,0.642220,0.612806,0.367432,0.994704,0.976499,3.824930,2.509859,3.632400,2.368393,3.146421,3.597566,2.655505,2.785792,2.157596,0.000000
0.632427,0.249299,0.102903,0.097490,0.782245,0.667887,0.510230,0.166853,0.213630,0.798711,2.789413,1.217444,2.422507,1.506100,2.364872,2.155323,1.793309,2.327242,1.749620,0.000000
0.787806,0.966982,0.028570,0.195139,0.442042,0.792799,0.226702,0.483325,0.552882,0.544282,2.150890,2.663352,2.167482,1.307785,3.141944,2.861451,2.247633,1.413781,2.997832,0.000000
0.813406,0.122851,0.731306,0.590950,0.061303,0.004761,0.805351,0.433151,0.514543,0.122180,1.132299,2.089242,3.342427,2.125313,1.562452,2.164680,2.072109,2.468195,1.955744,0.000000
0.962632,0.209653,0.633104,0.429231,0.188390,0.275377,0.330093,0.990611,0.880423,0.758377,1.780981,3.021448,3.187694,2.694754,2.580354,2.584972,2.955191,2.737868,2.104343,0.000000
0.917604,0.597504,0.408176,0.814517,0.991932,0.994030,0.875364,0.649964,0.596451,0.674346,3.724764,2.201181,3.719287,3.339128,3.601213,3.015154,3.433772,3.106935,3.436275,0.000000
0.837892,0.748300,0.331882,0.406172,0.687982,0.429550,0.096671,0.980816,0.008920,0.600365,2.146480,2.330998,1.895404,2.584922,2.642099,2.532808,2.119781,2.353478,2.479780,0.000000
0.785582,0.234502,0.491868,0.190058,0.881322,0.514438,0.762836,0.601104,0.563997,0.488446,2.409005,2.041220,3.243993,2.463366,1.996543,1.941261,2.403108,2.876997,2.312682,0.000000
0.883714,0.347616,0.792992,0.665227,0.293864,0.082095,0.653415,0.956945,0.503214,0.293598,1.389589,2.723434,3.151903,3.010574,1.989546,2.366150,2.627518,2.697648,2.257263,0.000000
0.412515,0.019461,0.406591,0.447506,0.374648,0.656490,0.102079,0.780344,0.493379,0.372530,1.888656,2.090984,1.433582,2.124848,1.531097,1.664476,2.296228,2.005241,2.212388,0.000000
0.835049,0.524865,0.680499,0.233470,0.571737,0.580770,0.666979,0.634296,0.790343,0.178348,1.916297,2.649954,3.421443,2.202409,2.354070,1.971122,2.586220,2.693554,2.344194,0.000000
0.632966,0.313917,0.198609,0.150539,0.586055,0.056249,0.353380,0.507204,0.196617,0.404578,1.466445,1.563407,2.108901,1.577241,1.543821,1.731561,1.310091,1.806901,1.564208,0.000000
0.708418,0.373841,0.996726,0.212747,0.513122,0.505066,0.125588,0.517260,0.392598,0.387807,1.828733,2.681137,1.776790,2.343238,1.939117,1.831535,1.721258,3.315071,1.793866,0.000000
0.180895,0.347539,0.980699,0.369463,0.933484,0.021683,0.154322,0.191010,0.244682,0.210738,1.921067,2.208676,1.344951,2.826941,1.358439,1.341346,1.250158,3.842149,1.209744,0.000000
0.310912,0.706602,0.206875,0.104180,0.860369,0.499637,0.734670,0.334631,0.571101,0.014723,2.239993,1.918927,2.672384,1.867932,1.965586,1.571055,2.229808,2.153989,2.230084,0.000000
0.347080,0.154865,0.958325,0.816022,0.770283,0.028370,0.071128,0.819795,0.509896,0.782298,2.543877,2.960477,1.330317,3.525820,1.648939,2.492305,1.962732,3.988744,1.821535,0.000000
0.992777,0.357158,0.882997,0.690799,0.448457,0.824732,0.916198,0.512967,0.148935,0.881726,2.939058,2.239880,3.818493,2.516231,3.694248,3.171741,2.667432,3.652597,2.978495,0.000000
0.909911,0.770533,0.844036,0.128042,0.217980,0.295583,0.303486,0.313858,0.644642,0.511956,1.477550,2.683216,2.607603,1.946900,2.677567,2.412993,1.769668,2.869771,1.781685,0.000000
0.075984,0.280153,0.362610,0.123933,0.064050,0.622791,0.728654,0.790546,0.804660,0.589694,1.832189,2.491863,2.882309,1.989494,1.873115,1.302563,2.969977,1.934383,2.571444,0.000000
0.864015,0.706726,0.593832,0.244826,0.223270,0.098198,0.593939,0.554532,0.968050,0.072851,1.152027,2.950521,3.812595,1.918497,2.274049,2.173802,2.281773,2.237900,2.023156,0.000000
0.523763,0.866480,0.569711,0.710045,0.920312,0.222195,0.990728,0.517303,0.808227,0.184034,2.329583,2.919126,3.682494,2.912657,1.997339,2.597842,2.901650,2.992628,3.102797,0.000000
0.522434,0.319251,0.070803,0.823574,0.824171,0.383547,0.652673,0.011167,0.164553,0.755228,2.953619,1.048988,2.579017,2.090927,1.971613,2.641855,1.589689,2.251622,1.446691,0.000000
0.702457,0.528919,0.859009,0.006766,0.483781,0.988173,0.177002,0.228800,0.721733,0.498258,2.345915,2.461820,2.118786,1.966135,2.872593,1.904464,2.706505,3.075759,2.289095,0.000000
0.846773,0.108445,0.907189,0.534308,0.226568,0.036015,0.457065,0.427876,0.925822,0.293625,1.194164,3.031770,3.365855,2.245438,1.649181,2.157711,2.056122,2.891026,1.524796,0.000000
0.611426,0.649409,0.282932,0.693472,0.185105,0.495540,0.943105,0.361649,0.465894,0.475408,1.868520,1.779213,3.307166,1.748389,2.142175,2.377636,2.567402,1.707577,2.623908,0.000000
0.188303,0.557386,0.233128,0.471878,0.794048,0.169147,0.240624,0.939374,0.774974,0.162598,1.853538,2.649150,1.877409,2.618169,1.591552,1.511792,2.596188,2.101067,2.078438,0.000000
0.004674,0.422697,0.992171,0.965875,0.950780,0.734334,0.874850,0.363936,0.377210,0.412702,3.578939,2.514844,2.769968,3.842884,2.032236,2.039806,2.603576,3.958617,2.604683,0.000000
0.204100,0.023241,0.604054,0.464527,0.433707,0.381027,0.529915,0.036990,0.781851,0.962866,2.508376,1.868689,2.475163,1.741043,2.062842,2.312570,2.075840,3.288894,1.330978,0.000000
0.681549,0.207879,0.811361,0.695110,0.994000,0.520002,0.290272,0.482347,0.950491,0.301054,2.768783,2.921772,2.861244,3.356095,1.721335,2.193879,2.299481,3.638043,1.779075,0.000000
0.955196,0.241509,0.896281,0.109135,0.013133,0.020600,0.861559,0.257134,0.119063,0.381206,1.076310,1.994711,3.635718,1.963698,2.129801,2.025904,1.763381,2.848130,1.900482,0.000000
0.922213,0.918417,0.278479,0.842425,0.110187,0.135115,0.299834,0.590347,0.472917,0.017593,1.650908,2.547067,2.500164,2.224989,2.659988,3.343372,1.639587,1.569105,2.347032,0.000000
0.105148,0.363031,0.826518,0.297477,0.483934,0.094680,0.085965,0.805882,0.676528,0.692108,1.668233,2.845561,1.392467,2.557134,1.703647,1.542539,2.107907,3.218757,1.832850,0.000000
0.373991,0.515203,0.296420,0.125747,0.373761,0.685536,0.897265,0.452258,0.204907,0.539797,1.982769,1.590745,2.936162,1.522461,2.162012,1.617545,2.439075,1.889824,2.715046,0.000000
0.110115,0.809542,0.124186,0.722866,0.938594,0.344941,0.862732,0.128884,0.181239,0.058934,2.499148,1.593141,2.738668,2.294610,1.928878,2.062350,1.942636,2.129537,2.319500,0.000000
0.203515,0.725131,0.346888,0.049162,0.169240,0.402402,0.880595,0.379402,0.532684,0.469997,1.534871,1.981378,2.883123,1.491773,1.992595,1.586234,2.398187,1.826239,2.500666,0.000000
0.974116,0.832838,0.513369,0.746535,0.073800,0.190943,0.702896,0.421416,0.735517,0.942777,2.344955,2.578805,3.647358,2.107044,3.607677,3.850503,2.150789,2.870151,2.286256,0.000000
0.987110,0.879111,0.465308,0.261728,0.074784,0.648625,0.893146,0.070053,0.047069,0.228983,1.670917,1.770290,3.760684,1.488176,3.261261,2.664894,2.180280,1.948216,2.800516,0.000000
0.704589,0.693138,0.314326,0.878615,0.936737,0.396247,0.475641,0.250352,0.401768,0.612759,3.099727,1.673648,2.473783,2.825226,2.326684,2.937451,1.670314,2.736204,1.745793,0.000000
0.083929,0.334708,0.901372,0.072123,0.017392,0.387801,0.966476,0.055349,0.991159,0.022558,1.388142,2.782633,3.905098,1.904810,1.485158,1.101692,3.044320,2.803057,2.121051,0.000000
0.433524,0.671359,0.048316,0.317070,0.770629,0.206013,0.818105,0.651225,0.034987,0.609125,2.035995,1.855712,2.824155,1.856967,1.975128,1.963214,1.804838,1.916506,2.444371,0.000000
0.267675,0.003426,0.790463,0.968498,0.566050,0.576203,0.907847,0.952055,0.061148,0.919284,3.553307,2.449700,2.887357,3.707975,2.117440,2.982533,2.962967,3.678209,3.032299,0.000000
0.872500,0.899341,0.886709,0.006605,0.776625,0.360558,0.462550,0.802881,0.961159,0.407327,2.031286,4.078065,3.539811,2.895113,2.676435,2.594304,2.605657,3.444147,2.686026,0.000000
0.541161,0.081164,0.128255,0.482532,0.159693,0.205553,0.188045,0.942491,0.382054,0.318163,1.317475,2.090610,1.690251,2.129546,1.241388,1.806249,2.220014,1.314219,1.991436,0.000000
0.045373,0.807606,0.448106,0.941960,0.797565,0.947877,0.564521,0.415742,0.471871,0.157184,3.375153,2.153785,2.180679,2.861374,2.709966,2.361947,2.580121,2.536206,2.919519,0.000000
0.450074,0.905611,0.822967,0.971799,0.852185,0.372763,0.120057,0.764484,0.610275,0.958968,3.872747,3.366909,1.581388,3.852556,2.967483,3.948970,2.092522,4.254039,2.577782,0.000000
0.334565,0.862027,0.479201,0.654553,0.616465,0.444453,0.557358,0.245603,0.372986,0.922902,2.794123,2.046947,2.246004,1.964381,2.858176,3.101269,1.747306,3.124513,2.168468,0.000000
0.920028,0.082784,0.536159,0.325765,0.778613,0.236543,0.137449,0.226825,0.408655,0.706871,2.207243,1.547998,2.149238,1.989704,2.208416,2.379397,1.469852,3.031755,1.285421,0.000000
0.520394,0.100228,0.782643,0.916378,0.738305,0.171061,0.328792,0.813051,0.258324,0.473869,2.527743,2.359275,1.932848,3.510351,1.309236,2.466653,1.760119,3.216789,1.877957,0.000000
0.324847,0.285606,0.383229,0.521358,0.623423,0.916672,0.121207,0.365894,0.149342,0.887678,3.078677,1.451133,1.348437,1.809874,2.836495,2.302781,2.009333,2.854580,2.214615,0.000000
0.322139,0.246599,0.253692,0.317898,0.940730,0.183821,0.910706,0.009641,0.614690,0.503605,2.206730,1.407510,3.067950,2.069088,1.418881,1.554619,2.403805,2.520080,1.802454,0.000000
0.666203,0.289966,0.642286,0.190238,0.563174,0.178271,0.659919,0.312908,0.843277,0.283004,1.519412,2.296057,3.269350,1.847676,1.541395,1.732129,2.172034,2.624402,1.639148,0.000000
0.652829,0.506558,0.689661,0.185122,0.468429,0.988058,0.461711,0.052921,0.122498,0.882969,2.897051,1.461796,2.349834,1.746953,3.352845,2.441337,2.197192,3.287141,2.193450,0.000000
0.566492,0.537832,0.870824,0.853415,0.714516,0.437761,0.919411,0.351125,0.888892,0.171395,2.483774,2.885301,3.784037,2.876313,1.837486,2.383516,2.872918,3.257216,2.403625,0.000000
0.513158,0.635767,0.102824,0.524366,0.017394,0.063870,0.779177,0.480562,0.584672,0.518106,1.278852,1.986868,2.938541,1.477943,1.848267,2.090573,2.115136,1.345028,2.121071,0.000000
0.371823,0.435322,0.481585,0.400415,0.940397,0.198071,0.717978,0.453173,0.008558,0.583083,2.306364,1.600849,2.574207,2.533220,1.691907,1.766307,1.460077,3.045757,1.898428,0.000000
0.700454,0.428700,0.635776,0.290394,0.688290,0.229916,0.956122,0.506804,0.719933,0.938167,2.536504,2.315872,3.671518,2.141547,2.548018,2.644292,2.712824,3.571028,2.467500,0.000000
0.384451,0.679048,0.794362,0.745461,0.278016,0.110224,0.481520,0.609006,0.889099,0.574601,1.686047,3.113373,2.735728,2.585486,1.902756,2.342495,2.150452,2.855731,1.945420,0.000000
0.428002,0.702692,0.086553,0.035373,0.433559,0.712737,0.678647,0.120200,0.946741,0.836951,2.486985,2.260981,3.343866,1.136379,2.830515,2.259340,2.767502,1.947352,2.184567,0.000000
0.156101,0.343510,0.662134,0.056011,0.175702,0.550357,0.079994,0.138280,0.748777,0.618433,1.817764,2.003164,1.498703,1.682384,1.883522,1.409687,2.052547,2.591665,1.455609,0.000000
0.875402,0.564820,0.985535,0.519629,0.060431,0.957182,0.988565,0.442600,0.526844,0.604840,2.255011,2.779170,3.820501,2.321751,3.289547,2.468461,3.447502,3.195992,3.426658,0.000000
0.713426,0.243741,0.854796,0.883295,0.569368,0.844594,0.518583,0.758499,0.872009,0.222474,2.788512,3.147009,3.124352,3.224364,2.227149,2.508177,3.055804,3.044784,2.614829,0.000000
0.296090,0.887619,0.095882,0.725764,0.920981,0.010982,0.237014,0.889118,0.038951,0.000854,2.136636,2.512253,1.561699,2.988151,1.895426,2.443559,1.677325,2.039971,2.523290,0.000000
0.981123,0.478062,0.076826,0.142082,0.384545,0.317244,0.439034,0.286706,0.562124,0.124299,1.467446,1.655375,2.940515,1.183762,2.507229,2.055463,1.754148,1.303447,1.524205,0.000000
0.753445,0.073154,0.518043,0.534989,0.021590,0.274403,0.364514,0.150884,0.556424,0.053758,1.356942,1.599547,2.392564,1.693930,1.470865,2.039841,1.680673,2.036708,1.274643,0.000000
0.644662,0.542927,0.060080,0.543295,0.703309,0.207710,0.095504,0.855777,0.916296,0.597103,2.002364,2.782481,2.311522,2.197470,1.971670,2.239606,2.496654,1.827688,1.986681,0.000000
0.157019,0.472347,0.883125,0.268661,0.638219,0.676858,0.939810,0.468001,0.140730,0.061242,2.089621,2.226343,2.904668,2.287454,1.931321,1.279206,2.476920,3.173803,2.805998,0.000000
0.219369,0.917014,0.919737,0.523300,0.589414,0.599036,0.791578,0.572295,0.363340,0.617964,2.257422,3.189469,2.648706,2.511254,2.514161,2.436337,2.325453,3.422870,3.134276,0.000000
0.998995,0.497329,0.528194,0.340588,0.034242,0.608065,0.743365,0.048504,0.534456,0.273961,1.643256,1.542683,3.566313,1.570057,2.883620,2.196732,2.314982,2.078123,1.890199,0.000000
0.227534,0.350884,0.558146,0.544014,0.853571,0.791800,0.120568,0.960573,0.469187,0.881293,3.292451,2.369746,1.341367,3.172682,2.664993,2.223125,2.949264,3.529356,2.604432,0.000000
0.326469,0.742792,0.317862,0.372844,0.697026,0.837716,0.904332,0.342817,0.024404,0.374408,2.395371,1.679945,2.915246,1.723262,2.508404,1.822383,2.479561,2.174055,3.088578,0.000000
0.470948,0.552915,0.316495,0.331328,0.259009,0.285586,0.379535,0.073903,0.340457,0.430539,1.444529,1.314979,1.994296,1.362830,1.763472,1.753993,1.476717,1.779882,1.303594,0.000000
0.026558,0.242926,0.360071,0.684883,0.787291,0.939678,0.043725,0.143365,0.950364,0.524326,2.923672,2.096722,1.903909,2.086064,2.270066,1.643252,2.833864,2.484115,2.029925,0.000000
0.628027,0.968348,0.667614,0.494737,0.660879,0.411368,0.533263,0.770268,0.044722,0.218924,1.918531,2.949107,2.460947,2.572781,2.303630,2.762563,1.717609,2.782481,2.970413,0.000000
0.168757,0.641705,0.046805,0.662806,0.778211,0.780107,0.682306,0.274285,0.233260,0.976431,3.509659,1.498365,2.396052,1.779982,3.182028,2.708581,2.165129,2.630168,2.370061,0.000000
0.942686,0.838347,0.661319,0.164942,0.368205,0.712162,0.976299,0.433072,0.931723,0.844562,2.450891,3.084366,4.594864,1.871738,3.737646,3.066270,3.404641,3.060628,3.364779,0.000000
0.908182,0.535303,0.421792,0.748584,0.272862,0.193794,0.387074,0.379907,0.286614,0.291253,1.606978,1.619205,2.605692,1.991154,2.277853,2.575378,1.402995,1.942743,1.557568,0.000000
0.717988,0.107672,0.570855,0.068118,0.920320,0.684707,0.361695,0.345945,0.477774,0.847008,3.139381,1.760375,2.291004,2.408240,2.449907,2.330426,2.008239,3.596363,1.862221,0.000000
0.189980,0.409239,0.493820,0.913558,0.297470,0.423258,0.444380,0.200649,0.506933,0.856203,2.835953,1.606101,1.990893,2.304355,2.217359,2.680286,1.775455,2.703798,1.495599,0.000000
0.630395,0.176282,0.078712,0.936743,0.995282,0.160479,0.129823,0.393899,0.993083,0.983485,3.872315,2.381565,2.629660,3.037107,2.311227,3.460115,2.045098,3.099276,1.422806,0.000000
0.813571,0.352691,0.157719,0.976486,0.012555,0.038691,0.215907,0.094322,0.133308,0.128065,1.950158,1.131489,2.094027,2.097718,1.794396,2.784668,1.144949,1.317696,1.121356,0.000000
0.437164,0.534280,0.917089,0.217833,0.728559,0.248736,0.658058,0.493653,0.764475,0.283197,1.804499,2.930880,2.848778,2.452866,1.655386,1.588812,2.170697,3.387689,1.921973,0.000000
0.584082,0.682028,0.509268,0.435301,0.508584,0.315861,0.448659,0.466944,0.652167,0.052398,1.610567,2.240723,2.419367,1.876693,1.898324,1.990088,1.889787,2.277338,1.873401,0.000000
0.976823,0.154175,0.252546,0.848526,0.169205,0.665744,0.467172,0.078904,0.520082,0.558784,2.387243,1.366061,2.961690,1.870527,2.682331,2.871859,2.065295,1.708196,1.624644,0.000000
0.370792,0.281602,0.637183,0.722137,0.216340,0.546729,0.735818,0.166995,0.094627,0.143635,1.868440,1.440936,2.609204,2.043843,1.602382,1.901527,1.792711,2.324133,1.870590,0.000000
0.900155,0.119447,0.645556,0.783520,0.769012,0.150937,0.397231,0.188648,0.905961,0.561037,2.295788,2.278647,3.278395,2.511879,1.975373,2.690855,1.992689,3.059084,1.274314,0.000000
0.827770,0.324719,0.833221,0.955654,0.064717,0.723952,0.030404,0.875777,0.696584,0.635394,2.818736,2.950595,1.981458,3.472999,2.574854,3.008688,2.808985,2.927157,2.411030,0.000000
0.373175,0.422068,0.560173,0.085558,0.460428,0.472042,0.394143,0.974183,0.707906,0.149129,1.687406,2.682827,2.178678,2.554773,1.667601,1.415546,2.892621,2.335657,2.289970,0.000000
0.167382,0.242803,0.291633,0.230222,0.794797,0.100679,0.472371,0.682612,0.175550,0.694928,2.070789,1.741708,1.973709,2.168843,1.589321,1.559457,1.508206,2.550567,1.801626,0.000000
0.260060,0.329801,0.846069,0.549953,0.998268,0.779288,0.147463,0.397608,0.438089,0.274092,2.887893,2.207005,1.399391,3.163582,1.962257,1.594931,2.073579,3.709269,2.019935,0.000000
0.370761,0.566810,0.747217,0.578642,0.556399,0.589270,0.586881,0.986904,0.123712,0.142974,2.013882,2.522621,2.311460,3.010781,1.935868,1.811727,2.621725,2.806937,2.639499,0.000000
0.562785,0.193758,0.742568,0.588949,0.946812,0.182488,0.361831,0.805374,0.110759,0.810776,2.732222,2.228509,2.040540,3.399106,1.860345,2.444024,1.612149,3.914559,1.887456,0.000000
0.696371,0.470546,0.304590,0.906259,0.221876,0.695606,0.487396,0.715777,0.585912,0.713300,2.782302,2.136352,2.577575,2.563666,2.552498,2.929625,2.448052,2.021335,2.364452,0.000000
0.371948,0.207478,0.357835,0.712244,0.794930,0.538096,0.981297,0.848517,0.131459,0.959218,3.309930,1.913471,3.101238,2.838446,2.398741,2.763669,2.884313,3.230161,3.084850,0.000000
0.132206,0.096374,0.533972,0.490072,0.135348,0.166352,0.171186,0.846762,0.261736,0.973312,2.164407,2.067604,1.364543,2.369015,2.046407,2.294517,1.808523,3.008318,1.879538,0.000000
0.709162,0.239679,0.589637,0.529790,0.580829,0.631577,0.647682,0.119508,0.107133,0.559855,2.223199,1.339286,2.798407,1.866433,2.066967,2.168619,1.777925,2.692116,1.793396,0.000000
0.423261,0.672741,0.524702,0.151171,0.063723,0.294355,0.200425,0.607169,0.931099,0.033019,1.298974,2.823400,2.331596,1.896827,1.791516,1.650978,2.161701,2.053500,1.906694,0.000000
0.807016,0.322938,0.254264,0.153560,0.606291,0.032071,0.638193,0.465896,0.839108,0.222906,1.411292,2.197312,3.423421,1.610066,1.759201,1.852549,2.147181,1.887193,1.737731,0.000000
0.115778,0.343850,0.130882,0.218334,0.526608,0.448116,0.499232,0.844152,0.151883,0.237902,1.741169,1.883441,2.012400,1.930787,1.558302,1.190891,1.984903,1.552545,2.183363,0.000000
0.724580,0.841461,0.420799,0.920890,0.931163,0.406084,0.921110,0.421229,0.279169,0.647943,3.264342,2.075021,3.373310,3.130982,2.554033,3.345988,2.257066,2.980688,2.868988,0.000000
0.245747,0.463421,0.814997,0.619145,0.061360,0.351074,0.218217,0.949125,0.297660,0.003540,1.501789,2.625185,1.504675,2.953193,1.590322,1.675209,2.242816,2.633758,2.128891,0.000000
0.743496,0.060926,0.333720,0.646038,0.905192,0.367804,0.329116,0.281594,0.647096,0.072137,2.361746,1.737507,2.386355,2.354021,1.502154,2.161250,1.824312,2.487188,1.452537,0.000000
0.976658,0.070459,0.604962,0.131986,0.512321,0.094980,0.599778,0.901860,0.107227,0.559714,1.533104,2.134785,3.153549,2.489504,2.164677,2.169450,1.993548,2.647743,2.126666,0.000000
0.409859,0.397715,0.081521,0.981897,0.390886,0.231885,0.846419,0.581840,0.635229,0.534175,2.466630,2.010917,3.023648,2.390071,1.632127,2.551423,2.410004,1.468256,2.267027,0.000000
0.986013,0.596288,0.136821,0.956084,0.612224,0.256100,0.207125,0.276941,0.836114,0.620100,2.704935,2.105011,2.875193,2.227960,2.845532,3.264975,1.916469,1.886903,1.477837,0.000000
0.329899,0.453663,0.354956,0.960897,0.004630,0.153988,0.690579,0.647858,0.154511,0.231459,2.018935,1.758811,2.490560,2.661893,1.501621,2.307980,1.683725,1.722333,2.043264,0.000000
0.093719,0.904697,0.266496,0.273289,0.610854,0.149748,0.915973,0.977057,0.013493,0.078915,1.528961,2.666071,2.840730,2.380783,1.927690,1.838802,2.715764,1.906627,3.437894,0.000000
0.128377,0.532289,0.963360,0.569246,0.273447,0.495972,0.422031,0.597240,0.037885,0.088064,1.676431,2.573009,1.860544,2.510105,1.779232,1.533378,1.486273,3.002176,1.998673,0.000000
0.193404,0.568700,0.956845,0.911355,0.702255,0.592272,0.243027,0.658648,0.782353,0.539320,2.932147,3.251367,1.898097,3.390813,2.077756,2.285442,2.335690,3.563723,2.128388,0.000000
0.958451,0.118675,0.530619,0.300040,0.430856,0.992274,0.821506,0.018459,0.875602,0.102830,2.187103,1.934735,4.149437,1.592432,2.948250,2.049761,3.414621,2.247962,2.557676,0.000000
0.347402,0.819987,0.843639,0.489711,0.863815,0.890920,0.094344,0.704423,0.385303,0.379316,2.749184,2.905416,1.331417,3.014071,2.682867,2.093888,2.426109,3.488031,2.951094,0.000000
0.063843,0.284977,0.142125,0.136614,0.815048,0.911674,0.637446,0.575609,0.681365,0.175200,2.581703,2.049334,2.494505,1.917298,2.121522,1.094479,2.881310,1.953931,2.672373,0.000000
0.086250,0.332113,0.893781,0.452652,0.439866,0.774117,0.129621,0.803569,0.069427,0.506417,2.139456,2.534547,1.266704,2.669685,2.061300,1.433185,2.087820,3.110919,2.417170,0.000000
0.260341,0.920322,0.196596,0.622936,0.020334,0.811518,0.185912,0.469342,0.648176,0.375305,2.015377,2.614470,1.616114,1.658608,2.636340,2.418651,2.361687,1.446468,2.851725,0.000000
0.150472,0.716862,0.859822,0.185509,0.620812,0.393038,0.751582,0.393507,0.472755,0.098664,1.780590,2.516749,2.575757,2.169592,1.872814,1.449930,2.075762,3.106012,2.236620,0.000000
0.179766,0.364446,0.637877,0.105511,0.572264,0.856573,0.706418,0.361525,0.594528,0.766574,2.634650,1.992173,2.570088,1.876999,2.549674,1.659007,2.697849,3.053707,2.465405,0.000000
0.273810,0.118632,0.881924,0.258318,0.117381,0.742166,0.119599,0.201567,0.335244,0.663359,2.052305,2.000106,1.326801,1.939980,1.966972,1.632645,1.889416,3.069535,1.754287,0.000000
0.746268,0.287849,0.225985,0.300177,0.955783,0.096245,0.454657,0.392871,0.220435,0.520572,2.158957,1.459868,2.468591,2.241901,1.748339,1.984312,1.347504,2.506563,1.502983,0.000000
0.439754,0.884239,0.496435,0.422505,0.125825,0.276888,0.406702,0.729653,0.212382,0.654911,1.605483,2.508439,2.008821,2.104500,2.279200,2.510497,1.639762,2.289599,2.484926,0.000000
0.124581,0.528059,0.437801,0.223794,0.918277,0.425673,0.136201,0.690541,0.914892,0.663046,2.562910,2.689236,1.988537,2.636899,2.000993,1.543916,2.325999,3.010331,1.952021,0.000000
0.239114,0.733629,0.928993,0.929853,0.836913,0.045656,0.604456,0.446789,0.761280,0.091580,2.494426,3.117755,2.601962,3.423181,1.739751,2.394180,2.024061,3.559176,1.959394,0.000000
0.368144,0.922554,0.087684,0.968289,0.172324,0.322609,0.847313,0.968562,0.358191,0.054040,2.231527,2.821917,2.846616,2.934530,2.045156,3.030266,2.950639,1.205221,3.405336,0.000000
0.788279,0.984830,0.401690,0.804162,0.565023,0.196291,0.406783,0.073727,0.549917,0.081510,1.934275,2.381636,2.526400,2.029080,2.410018,3.376183,1.655788,2.123173,2.120254,0.000000
0.908074,0.855395,0.541737,0.701309,0.357707,0.059338,0.854523,0.833706,0.015826,0.683940,1.749122,2.528329,3.533645,2.598102,2.858807,3.255222,2.126444,2.531356,2.996592,0.000000
0.371395,0.083305,0.526111,0.723501,0.554843,0.394150,0.925080,0.476336,0.084521,0.005182,1.976005,1.629152,2.988146,2.226499,1.257685,1.894898,2.083017,2.360073,2.423398,0.000000
0.043618,0.908121,0.625713,0.732879,0.218154,0.950907,0.184067,0.543303,0.831431,0.304178,2.315131,3.159660,1.847902,2.316794,2.840492,2.288975,2.829021,2.327162,3.133865,0.000000
0.107353,0.004701,0.573809,0.677942,0.926322,0.336420,0.109170,0.666999,0.647924,0.756839,2.839250,2.275735,1.406102,3.066569,1.551534,2.000480,1.960329,3.439212,1.781478,0.000000
