0.553533,0.937812,0.776026,0.219611,0.007750,0.903243,0.834092,0.337246,0.984808,0.805536,3.077913,3.459126,3.482345,3.178200,2.650956,3.409036,2.056535,4.246549,3.467091,2.930382
0.765655,0.780966,0.535409,0.299267,0.156882,0.297589,0.181716,0.584358,0.111175,0.922551,2.445829,2.045793,2.392244,2.004196,2.600751,1.853354,1.992292,2.695234,1.838862,2.642446
0.787217,0.198269,0.797832,0.667211,0.979086,0.198228,0.752309,0.706824,0.195494,0.907388,3.749753,2.398273,3.694473,2.207236,3.455075,2.214597,3.610117,2.118327,3.070195,2.988197
0.783315,0.645904,0.673649,0.918034,0.450734,0.804741,0.371626,0.603772,0.500703,0.167400,2.169122,2.815470,1.807759,3.328811,2.762288,2.659115,2.453705,2.941547,3.007090,2.507554
0.929953,0.310740,0.970262,0.034838,0.493885,0.330759,0.787636,0.070417,0.557159,0.483440,1.776778,3.228446,3.028530,2.368553,2.469221,2.692564,3.547832,1.636669,3.530678,1.629169
0.602954,0.575115,0.286109,0.887822,0.472535,0.768390,0.123087,0.853276,0.478197,0.162727,2.082961,2.773312,1.472584,3.323002,2.500829,2.750515,2.421968,2.707354,2.061928,2.773259
0.350423,0.481595,0.073000,0.450926,0.249281,0.157250,0.377475,0.883342,0.873676,0.610051,1.884787,2.555792,1.718789,2.574433,1.773931,2.632569,2.092909,2.217507,1.998613,2.255585
0.517271,0.090757,0.733024,0.663093,0.080769,0.735872,0.621008,0.144882,0.018857,0.506074,2.068464,2.215525,2.055201,2.132084,1.666067,1.903222,1.600528,2.001916,2.521482,1.418473
0.020638,0.433509,0.399475,0.437948,0.146443,0.835676,0.700292,0.742435,0.696036,0.851558,2.422051,2.487313,2.192563,2.493251,2.074969,2.897801,1.948334,2.891933,2.107235,2.679096
0.487096,0.037519,0.901520,0.441669,0.637089,0.473658,0.357358,0.295374,0.672209,0.227326,1.768238,2.617772,2.382217,2.039086,2.127722,2.013414,2.451706,1.707801,2.449799,1.715208
0.584535,0.423919,0.081787,0.724209,0.477397,0.890863,0.741147,0.820039,0.593088,0.167765,2.176576,2.893377,1.711639,3.092587,2.032454,3.134435,2.651318,2.398236,2.317797,2.838544
0.278414,0.214689,0.585168,0.387569,0.192754,0.585268,0.974890,0.481544,0.864493,0.219781,2.346769,2.431243,2.361045,2.371375,1.381006,3.330885,2.418111,2.209250,2.864382,1.468354
0.866525,0.151464,0.318650,0.780498,0.539904,0.030871,0.072348,0.281309,0.265407,0.511263,2.199375,1.809981,1.835222,2.096336,1.990031,1.687376,2.272996,1.482054,2.214464,1.620039
0.585440,0.601216,0.587904,0.062088,0.693540,0.838118,0.288745,0.557884,0.605047,0.607408,1.850126,2.569454,2.377106,2.499223,2.288804,2.497311,2.282611,2.557696,1.833173,2.804739
0.828825,0.038304,0.163658,0.555172,0.372589,0.504647,0.709408,0.139156,0.531173,0.823496,2.538311,2.341958,2.219972,2.394581,1.808238,2.441061,2.214704,2.196909,2.421491,1.820317
0.560115,0.573612,0.536112,0.727429,0.563077,0.791353,0.417708,0.285214,0.595665,0.734232,2.537594,2.367339,2.297917,2.526734,2.610500,2.280514,1.894878,2.845782,2.263462,2.520872
0.931054,0.153772,0.047371,0.861303,0.329118,0.441503,0.094228,0.551679,0.097176,0.640841,2.307795,2.401911,1.749431,2.875912,2.069699,2.370305,2.440641,2.202419,2.486881,1.666745
0.281332,0.283894,0.108331,0.701462,0.765003,0.274672,0.538544,0.887661,0.850033,0.032501,2.236181,2.588884,1.704963,2.758701,2.214292,2.748219,2.659344,2.047222,2.345489,2.550716
0.504454,0.271610,0.363432,0.841850,0.025747,0.580904,0.112212,0.157601,0.822057,0.579137,2.178904,2.397862,1.629440,2.814359,1.987735,2.325370,1.185454,2.728431,2.281092,1.282455
0.301751,0.773354,0.317035,0.979166,0.754141,0.459439,0.597823,0.518060,0.617461,0.442651,3.008363,1.861139,2.447600,2.758019,3.322470,2.064388,2.180935,3.189690,2.735170,2.552810
0.227271,0.755821,0.521288,0.196823,0.277574,0.675774,0.290869,0.772697,0.739613,0.845410,2.186744,2.526990,2.317929,2.488792,2.389809,2.688899,1.932025,3.150805,1.794224,2.950589
0.690381,0.576517,0.410814,0.158406,0.024761,0.037826,0.437603,0.260218,0.247397,0.740311,1.806841,1.545880,1.910616,1.534279,1.893176,1.359871,1.469900,1.779779,1.838445,1.597123
0.616408,0.292866,0.226835,0.672596,0.991830,0.084738,0.781319,0.951406,0.662075,0.039712,3.024678,2.574851,2.409926,2.711899,2.581469,2.819803,3.504473,1.500364,2.408628,2.938839
0.431605,0.311338,0.292754,0.433733,0.374029,0.229821,0.027932,0.985083,0.462219,0.129504,1.505756,2.458658,1.297419,2.471858,1.535264,2.434081,2.426969,1.389919,1.251032,2.429699
0.061034,0.163314,0.452108,0.037270,0.239213,0.491987,0.299380,0.268767,0.119348,0.680690,1.522447,1.521519,1.838474,1.502630,1.454160,1.528064,1.338599,1.834251,1.503872,1.490020
0.106388,0.268744,0.893207,0.764673,0.143883,0.505711,0.892465,0.317879,0.103145,0.261680,2.471932,2.096876,2.630802,1.789782,2.309798,2.114780,2.449074,1.857411,3.137546,1.314859
0.685202,0.463089,0.829521,0.027111,0.493550,0.382495,0.466912,0.492443,0.583866,0.126480,1.232157,2.502611,2.009693,2.109843,2.099724,2.085436,2.498049,1.715183,2.443321,1.848856
0.425106,0.372911,0.818961,0.992720,0.364780,0.393189,0.171057,0.505787,0.158277,0.335246,2.161717,2.011710,2.025653,2.607439,2.865322,1.580436,2.066676,2.534683,2.852829,1.661369
0.424378,0.670834,0.769401,0.356245,0.647741,0.580282,0.392836,0.280813,0.416061,0.252937,1.851663,2.108249,2.287644,1.844358,2.409335,1.817323,2.096469,2.082186,2.074928,2.234324
0.723038,0.770077,0.056153,0.146351,0.157622,0.264976,0.450539,0.773394,0.335567,0.309076,1.557813,2.183317,1.646115,2.183384,1.807183,2.132045,2.174958,1.900267,1.734385,2.220988
0.773474,0.247038,0.106794,0.521091,0.736728,0.918000,0.086252,0.623835,0.393011,0.637244,2.328020,2.728433,2.182206,2.766840,2.096217,2.673158,2.588708,2.300079,1.606446,2.855800
0.343702,0.574403,0.373807,0.119118,0.761305,0.097237,0.818210,0.807778,0.224028,0.243013,2.130130,1.659674,2.385546,1.652400,2.166465,2.055171,2.909898,1.444070,1.974151,2.619261
0.590064,0.343355,0.703603,0.609515,0.867376,0.055948,0.889694,0.189691,0.564547,0.770685,3.487366,1.757787,3.502683,1.669471,2.847360,2.060160,2.907806,1.817295,2.789764,2.263988
0.896786,0.251824,0.141001,0.699519,0.836609,0.289537,0.640338,0.036314,0.290346,0.869767,3.210709,2.118296,2.741625,2.285733,2.866373,2.128322,2.727328,2.185527,2.651353,2.404855
0.438454,0.929843,0.637179,0.290223,0.857924,0.952650,0.861771,0.214226,0.236536,0.801593,3.810864,2.265261,4.042947,2.162292,3.208223,2.530679,2.644662,3.337512,2.329910,3.886953
0.698370,0.897908,0.056056,0.189595,0.923853,0.283380,0.478406,0.319362,0.941264,0.891025,3.408074,2.615442,3.380747,2.615687,3.388547,2.464862,2.418838,3.582227,2.465086,3.330742
0.402605,0.247635,0.064743,0.956676,0.394366,0.820062,0.880822,0.637388,0.004717,0.277817,2.698062,2.147204,2.036483,2.948559,2.284697,2.635505,2.467828,2.704183,2.786866,2.168550
0.154973,0.520971,0.587605,0.639324,0.345119,0.589433,0.969411,0.187669,0.196964,0.359719,2.731349,1.692384,2.603236,1.729139,1.988189,2.491544,2.337258,2.015703,2.576878,1.749871
0.124801,0.695656,0.123811,0.005904,0.381640,0.303852,0.375267,0.089556,0.058284,0.127685,1.260544,1.319718,1.457984,1.319689,1.841600,1.315652,1.411466,1.789882,1.390840,1.874854
0.932460,0.095160,0.946068,0.663259,0.516941,0.881978,0.645116,0.305330,0.565205,0.455899,2.182453,3.698610,2.743110,3.069065,2.455264,3.097633,3.352027,2.216198,3.645616,2.179260
0.620813,0.468341,0.186542,0.241326,0.058172,0.354672,0.084584,0.710641,0.456292,0.589513,1.611632,2.090344,1.621971,2.090937,1.606779,2.070300,1.802726,1.823052,1.301755,1.723418
0.450621,0.031638,0.471713,0.936414,0.537013,0.331428,0.446824,0.040413,0.524688,0.197998,2.170343,1.702291,1.631204,2.398945,2.166027,1.665836,1.693365,2.135990,2.571449,1.550450
0.334366,0.155604,0.995054,0.873414,0.775832,0.850381,0.485282,0.557956,0.253646,0.590681,2.744854,3.050932,3.233383,2.583694,3.521053,2.127830,3.155504,2.593100,3.155249,2.568593
0.202638,0.228558,0.543835,0.600562,0.730432,0.333115,0.442789,0.866881,0.743897,0.344189,2.147799,2.398133,2.077625,2.428688,2.040299,2.556651,2.576245,1.810486,2.184644,2.451260
0.013661,0.593637,0.428856,0.115329,0.347293,0.920217,0.578685,0.003159,0.587804,0.232553,1.397162,2.138005,1.617905,2.123519,1.733214,2.330626,1.473954,2.404599,1.834308,2.417448
0.381918,0.967894,0.611298,0.622959,0.209963,0.021873,0.348707,0.961222,0.872690,0.096635,2.505792,2.771407,2.233390,2.779866,2.339185,2.698012,2.289765,2.633432,2.491601,3.034909
0.388847,0.383227,0.773456,0.743159,0.019330,0.270950,0.687441,0.148474,0.572541,0.757484,2.548541,1.887127,2.452159,1.836996,2.400069,1.778413,1.600305,2.186575,2.780495,1.424239
0.144428,0.704260,0.989906,0.353659,0.753611,0.281282,0.118212,0.314494,0.945052,0.660935,2.391934,3.106511,3.372330,2.161504,3.457788,2.205969,2.806264,2.869186,2.896633,2.413081
0.446514,0.411481,0.851970,0.144750,0.812412,0.853206,0.587306,0.520761,0.222121,0.738410,2.356973,2.585957,3.147600,2.137148,2.820695,2.153395,2.740475,2.427638,2.356484,2.872407
0.833917,0.369461,0.080214,0.475074,0.779120,0.170402,0.186296,0.825104,0.869307,0.062671,1.960038,2.986237,1.678303,3.010433,2.083730,2.971653,3.041044,1.902424,2.279996,2.478193
0.063215,0.362819,0.100918,0.616553,0.998554,0.087028,0.675988,0.032592,0.961537,0.598264,3.185239,1.980029,2.811500,2.069114,2.722421,2.152788,2.208691,2.376692,2.742486,2.206925
0.627358,0.230596,0.174188,0.369136,0.932100,0.777166,0.534218,0.262371,0.442580,0.536583,2.548975,2.262334,2.492778,2.269028,2.232764,2.189518,2.329460,2.030056,1.786743,2.412618
0.454211,0.182223,0.220627,0.528820,0.545705,0.483840,0.926454,0.965563,0.261886,0.832356,3.121052,2.577837,2.877797,2.618671,2.108418,3.177718,3.308954,2.139775,2.166809,2.933445
0.588103,0.606546,0.788563,0.909332,0.223614,0.917650,0.625794,0.503973,0.696295,0.875095,2.921765,2.970526,2.650912,3.287353,3.299816,2.746078,2.139289,3.812491,3.282831,2.941804
0.388227,0.399022,0.106710,0.812205,0.982375,0.624184,0.764337,0.393969,0.678073,0.684462,3.580163,2.110775,3.002156,2.464212,3.119371,2.428702,2.537417,2.668916,2.477579,2.504761
0.188742,0.783231,0.608316,0.831065,0.887883,0.599613,0.096227,0.189648,0.446351,0.884103,3.607487,1.808756,3.192378,2.121894,3.839817,1.806940,2.013959,3.340243,2.059253,3.177571
0.679881,0.924570,0.806409,0.028751,0.741969,0.957726,0.159491,0.416447,0.867893,0.939255,2.995680,3.444790,3.690439,3.103773,3.594406,2.996956,2.571328,4.208536,2.515890,4.241352
0.486634,0.400994,0.391310,0.988080,0.452192,0.024419,0.571760,0.296714,0.345294,0.201582,2.238417,1.319326,1.583217,2.251955,2.580962,1.286954,1.771517,2.149426,2.750537,1.639444
0.824600,0.568746,0.304858,0.242846,0.559230,0.164942,0.486413,0.968379,0.350272,0.090855,1.541481,2.769905,1.547414,2.768116,1.898506,2.685319,3.116299,1.505061,2.061300,2.791552
0.243590,0.434711,0.501749,0.773903,0.605406,0.517108,0.296620,0.218368,0.022326,0.759039,2.595200,1.610529,2.275136,1.856338,2.628476,1.533836,1.707085,2.421004,2.015404,2.128249
0.572720,0.439195,0.547612,0.482258,0.287329,0.657958,0.275427,0.588148,0.152417,0.807692,2.180441,2.158411,2.076563,2.135251,2.108739,1.993814,1.876104,2.404386,1.795138,2.214820
0.439554,0.764925,0.045318,0.567954,0.741305,0.426588,0.361452,0.493898,0.093725,0.467841,2.473145,1.680123,2.296411,1.739220,2.545571,1.599350,2.087234,2.173271,1.584048,2.502422
0.371471,0.204790,0.192396,0.934991,0.941593,0.477559,0.625576,0.241354,0.620140,0.932671,3.793190,1.857696,2.979901,2.571988,3.665709,1.991041,2.204519,3.193258,2.590726,2.755339
0.694814,0.832251,0.108607,0.914849,0.742085,0.145121,0.465512,0.261791,0.253571,0.451871,2.973930,1.648904,2.450077,2.289725,3.190331,1.482285,2.193026,2.575001,2.477101,2.471952
0.061291,0.008934,0.718477,0.641723,0.366346,0.467734,0.780542,0.635398,0.887326,0.256557,2.127891,2.524577,2.132830,2.441950,1.603196,2.801346,2.332940,2.213444,3.111100,1.671929
0.090622,0.739202,0.124089,0.188510,0.252327,0.962880,0.559399,0.977130,0.335313,0.304623,1.616001,2.920433,1.688834,2.920642,1.818210,3.063108,2.305808,2.550447,1.585803,3.593901
0.608258,0.301692,0.206989,0.802982,0.596783,0.028686,0.834612,0.249506,0.437910,0.297109,2.591520,1.486895,2.149847,1.820347,2.183761,1.777838,2.369678,1.516537,2.548190,1.705649
0.050001,0.415528,0.017064,0.881884,0.986299,0.514470,0.399144,0.316695,0.569910,0.155877,2.903408,1.712134,2.166436,2.245540,3.074762,1.881167,2.112101,2.329820,2.145422,2.260872
0.117106,0.818717,0.547612,0.859612,0.718354,0.951052,0.906339,0.311651,0.361126,0.403573,3.435806,2.070540,3.126451,2.490663,3.045718,2.723502,2.541112,3.173455,2.847745,3.247746
0.283301,0.904617,0.969242,0.284166,0.165890,0.070441,0.734588,0.715675,0.541716,0.576030,2.517523,2.427392,3.411065,1.573862,2.920564,1.950804,2.847390,2.167874,2.750056,2.414228
0.174741,0.013877,0.760596,0.299959,0.369174,0.491881,0.515119,0.885181,0.911486,0.315735,1.520371,3.148175,1.962442,2.896056,1.441641,3.053469,2.483012,2.216216,2.750688,2.124622
0.809214,0.702026,0.720719,0.244573,0.126405,0.751337,0.600055,0.974858,0.359038,0.134446,1.564833,3.550068,1.824955,3.356484,1.927420,3.313294,2.930756,2.264100,2.568885,2.864412
0.986224,0.891165,0.892457,0.094118,0.108396,0.786248,0.346768,0.435553,0.777893,0.421504,1.849585,3.831748,2.720606,3.265598,2.501470,3.425032,2.837960,3.021482,3.374946,2.380656
0.778328,0.884745,0.110079,0.896264,0.034780,0.220060,0.477902,0.100001,0.501437,0.237359,2.546920,1.952051,1.834177,2.530371,2.609104,1.864414,1.568465,2.657763,2.608667,1.821651
0.573121,0.413516,0.382402,0.871203,0.610005,0.685028,0.638678,0.338909,0.281786,0.396643,2.433997,2.057240,2.003150,2.550940,2.479789,2.017519,2.087683,2.426607,2.555815,2.049954
0.958145,0.884501,0.444481,0.803765,0.586108,0.697311,0.716068,0.602097,0.000821,0.243908,2.868881,2.764122,2.479527,3.082237,2.768174,2.946649,3.108509,2.829627,3.275694,2.824018
0.112390,0.539853,0.885106,0.898418,0.425110,0.845722,0.228446,0.795277,0.650128,0.147945,2.045709,3.076373,2.070644,3.118471,2.989435,2.772154,2.604940,2.904367,2.853324,2.731182
0.346094,0.117923,0.288189,0.413372,0.923458,0.419906,0.370140,0.236338,0.773362,0.515407,2.485312,2.007334,2.410910,2.017417,2.113889,2.052491,2.041527,1.940507,1.814816,2.018025
0.704801,0.751215,0.281675,0.914837,0.289726,0.061947,0.913164,0.010217,0.474206,0.419779,3.049941,1.667099,2.460638,2.306121,2.633633,2.168529,2.337044,2.391604,3.028890,1.867101
0.955835,0.205809,0.939214,0.266273,0.638356,0.470425,0.052643,0.831247,0.141352,0.558554,1.838761,3.595153,2.794930,2.865652,2.460359,2.899478,3.933447,1.688779,2.788405,2.358421
0.188370,0.835549,0.500551,0.996285,0.869385,0.115334,0.275794,0.868776,0.966153,0.344732,3.185266,2.653779,2.639009,3.603920,3.625821,2.707369,2.668049,3.707341,3.358344,3.228300
0.116053,0.750391,0.484275,0.864897,0.820394,0.904653,0.392369,0.097980,0.577639,0.410660,2.847328,2.137588,2.458906,2.594926,3.125496,2.248742,1.881894,3.132301,2.338366,3.065875
0.145337,0.006575,0.974320,0.701388,0.164888,0.199474,0.526445,0.719791,0.849832,0.231864,1.836441,2.980811,2.260782,2.272528,2.259723,2.335494,2.640893,1.903319,3.264501,1.540108
0.220679,0.407595,0.837369,0.716143,0.126306,0.741850,0.300561,0.479292,0.017026,0.425351,1.918492,2.255029,2.047866,2.031691,2.235267,1.857068,1.786638,2.173305,2.371402,1.719343
0.940549,0.405442,0.013917,0.512156,0.737064,0.008385,0.076418,0.005335,0.232686,0.390801,2.076292,1.905616,1.945057,1.940854,2.106371,1.845106,2.569167,1.270623,1.994210,1.910563
0.394810,0.831410,0.824060,0.046108,0.438777,0.493216,0.963044,0.508198,0.954434,0.417592,2.562399,2.965236,3.427147,2.585228,2.434451,3.388091,2.998763,3.087099,3.458521,2.333145
0.512654,0.655098,0.509064,0.973973,0.812902,0.804786,0.970635,0.203121,0.914237,0.449863,3.721789,2.867636,3.250860,3.709914,3.314985,3.579616,2.910694,3.900057,3.861482,2.688350
0.756368,0.819601,0.308892,0.367916,0.933104,0.638584,0.672737,0.488678,0.329187,0.610151,3.127300,2.306189,3.084969,2.310119,2.881493,2.328730,2.812258,2.555964,2.149108,2.972405
0.274492,0.632300,0.463137,0.753293,0.548312,0.332368,0.824907,0.954512,0.168166,0.484669,2.717154,2.263867,2.448765,2.485119,2.436890,2.617939,2.964436,2.089381,2.472671,2.856710
0.843862,0.940682,0.650129,0.238833,0.441145,0.157907,0.209513,0.781027,0.878051,0.032021,2.064204,3.035214,2.239913,2.919847,2.265058,2.912805,2.770135,2.638001,2.674809,2.803078
0.042397,0.256731,0.224203,0.741745,0.027932,0.220063,0.592885,0.451473,0.561743,0.193799,1.904001,1.441234,1.330525,1.665197,1.667585,1.700902,1.355964,1.617357,2.107188,1.188484
0.814850,0.511979,0.088800,0.839918,0.117877,0.344643,0.830702,0.852802,0.822196,0.194849,2.390891,3.093362,1.720813,3.511365,2.119851,3.477312,2.862390,2.489155,3.247719,2.014606
0.742001,0.908043,0.459585,0.179799,0.655457,0.970402,0.840647,0.098324,0.838139,0.909421,3.405203,3.130340,3.552876,3.110024,3.047988,3.396778,2.593556,4.040740,2.774402,3.989759
0.651738,0.511727,0.382528,0.577957,0.083418,0.589468,0.410732,0.963635,0.151233,0.986344,2.614962,2.888163,2.112827,2.944460,2.666417,2.699276,2.325494,2.875931,1.930619,3.294401
0.000186,0.453192,0.571473,0.625076,0.163870,0.622453,0.919326,0.427103,0.635284,0.603333,2.726901,1.973072,2.550233,2.007546,1.917730,2.760621,2.121535,2.305763,2.593614,1.677224
0.904130,0.626171,0.365842,0.614652,0.811079,0.714730,0.618602,0.157694,0.828046,0.434053,2.579322,3.107110,2.383566,3.188286,2.558283,3.163122,2.728017,2.746455,3.042170,2.483454
0.940406,0.584452,0.567874,0.246596,0.308685,0.252935,0.570789,0.169924,0.541091,0.448404,1.651415,2.355608,1.901158,2.297465,1.794217,2.393308,2.334422,1.771309,2.736748,1.677397
0.768164,0.966032,0.738702,0.159668,0.007113,0.270295,0.724359,0.738401,0.085464,0.419985,2.452677,2.378239,2.939752,2.158382,2.221227,2.227813,2.500892,2.277750,2.622305,2.361339
0.112904,0.043152,0.836779,0.317395,0.620089,0.739001,0.385671,0.084226,0.231900,0.857872,2.313895,2.174524,2.850419,1.767491,2.411505,1.802071,2.061001,2.378322,2.118677,2.385434
0.669380,0.134512,0.722826,0.521241,0.962075,0.016834,0.507067,0.864616,0.947758,0.693477,2.958788,3.072390,3.062878,2.913546,2.630311,2.795721,3.272993,2.213749,3.136623,2.786904
0.791107,0.577759,0.798621,0.568739,0.443865,0.621656,0.553438,0.135020,0.666835,0.558696,2.126522,2.869225,2.423262,2.603866,2.381040,2.512396,2.375892,2.387090,2.898742,1.983915
0.312610,0.939452,0.211381,0.535579,0.334461,0.179187,0.049903,0.222706,0.709339,0.530350,2.586038,1.636707,2.383433,1.680352,2.284480,1.702946,1.415037,2.508169,1.437348,2.271066
0.024913,0.650883,0.910412,0.241694,0.069226,0.711278,0.790621,0.782367,0.790313,0.323449,1.854192,3.205634,2.590384,2.581012,2.306186,3.123675,2.697513,2.559709,2.941906,2.231251
0.495857,0.879837,0.468060,0.073956,0.755624,0.903489,0.241623,0.664989,0.337742,0.090663,2.044264,2.405905,2.294824,2.383442,2.473741,2.372902,2.345626,2.691362,1.525956,3.490142
0.834234,0.939949,0.849098,0.903743,0.724647,0.406284,0.757174,0.649183,0.412890,0.516769,3.613707,2.791586,3.716447,2.953102,3.715869,2.583567,3.496710,3.059727,3.712617,2.945842
0.851401,0.302558,0.993824,0.453063,0.837089,0.731512,0.109295,0.449678,0.666455,0.433023,2.229812,3.762797,3.118003,2.812389,3.100930,2.792077,3.626105,2.120619,2.846913,2.321127
0.336909,0.600963,0.908815,0.487156,0.411569,0.471609,0.214189,0.636876,0.719749,0.637995,2.044399,2.742473,2.638504,2.149932,2.671622,2.261306,2.477504,2.388254,2.361784,2.186220
0.990878,0.287972,0.249716,0.407988,0.519754,0.181454,0.724558,0.188064,0.246722,0.462674,2.040052,2.180533,2.025978,2.190866,1.672823,2.412680,2.804584,1.378435,2.819750,1.631619
0.330765,0.583784,0.904645,0.886674,0.443442,0.815328,0.767178,0.041699,0.033435,0.041491,2.389805,2.530658,2.392688,2.472822,3.083407,2.094243,2.433659,2.704253,3.294624,2.226224
0.221895,0.962183,0.320566,0.319752,0.208058,0.969233,0.396007,0.146489,0.492366,0.779959,2.786372,2.141677,2.705468,2.141635,2.411620,2.226964,1.268421,3.431618,1.562821,3.308135
0.488392,0.868397,0.560871,0.998208,0.483091,0.648144,0.519326,0.076280,0.356571,0.155084,2.701585,1.987543,2.131482,2.923114,3.152490,1.870400,1.733645,3.413226,2.891197,2.414213
0.427938,0.301402,0.853380,0.455255,0.666561,0.488927,0.096853,0.871122,0.433963,0.416652,1.927586,2.782243,2.485013,2.349200,2.322796,2.371852,2.956471,1.707123,1.968394,2.488161
0.662297,0.540311,0.937904,0.455610,0.335910,0.369514,0.014280,0.300293,0.717666,0.385425,1.688114,2.911672,2.369351,2.205545,2.495549,2.104040,2.442354,2.003609,2.371299,1.682074
0.989438,0.364831,0.998876,0.808147,0.916867,0.730771,0.365427,0.688004,0.713189,0.438907,2.795840,4.290968,3.300479,3.641283,3.764781,3.530009,4.371089,2.551845,4.033910,2.677107
0.156507,0.120564,0.956246,0.886608,0.197218,0.002631,0.724474,0.662988,0.111963,0.847289,2.887683,2.021292,3.036089,1.769582,3.171333,1.506763,2.715642,2.173437,3.336438,1.939845
0.383035,0.747404,0.142958,0.375888,0.410166,0.442871,0.251470,0.047742,0.546063,0.281314,1.761255,1.752479,1.689697,1.759923,1.975073,1.763695,1.472702,2.120164,1.395095,2.009119
0.566206,0.289819,0.765537,0.587040,0.833990,0.353545,0.111391,0.323499,0.316518,0.057465,2.172613,1.979720,2.203842,1.786513,2.450595,1.590378,2.383239,1.517483,2.005694,1.967463
0.669654,0.160681,0.495678,0.913802,0.518601,0.022124,0.758932,0.464034,0.603355,0.051441,2.387783,1.766492,1.774033,2.373747,2.222614,1.938952,2.395899,1.817779,3.048738,1.644339
0.756793,0.434983,0.632568,0.922016,0.445770,0.690742,0.607684,0.537023,0.688115,0.859463,2.901212,2.773755,2.463231,3.338808,3.064438,2.730013,2.405256,3.405357,3.273949,2.486462
0.692018,0.727284,0.533714,0.870525,0.037398,0.245007,0.438956,0.422561,0.894123,0.892768,2.908219,2.513896,2.286802,2.970515,3.066949,2.365545,1.627787,3.624572,3.184296,2.212540
0.798487,0.199134,0.835137,0.903089,0.589166,0.982744,0.216402,0.671415,0.084172,0.776856,2.713610,3.230385,2.708947,3.424834,3.053246,2.699486,2.957502,3.091979,3.056901,3.147180
0.797494,0.177019,0.411671,0.258455,0.740870,0.461559,0.500082,0.084558,0.302123,0.794948,2.359767,2.137008,2.476318,2.126338,2.154346,1.989210,2.329589,2.004741,2.093829,2.135658
0.923262,0.696465,0.189654,0.522176,0.524856,0.896554,0.580889,0.466232,0.914680,0.771617,2.539882,3.561722,2.331642,3.600299,2.469057,3.627289,2.643336,3.579822,3.126092,3.030908
0.041240,0.030633,0.418462,0.412014,0.682832,0.959225,0.036195,0.657236,0.797148,0.416150,1.903574,2.666889,1.955688,2.665931,1.609658,2.878572,2.127695,2.447895,1.603129,2.826759
0.009576,0.080555,0.927423,0.200548,0.527843,0.308976,0.110887,0.558259,0.227263,0.991705,2.331249,2.104034,3.068167,1.418257,3.020574,1.534624,2.525750,2.293779,1.979672,2.676638
0.766511,0.542594,0.863685,0.025509,0.004201,0.383491,0.831456,0.201959,0.713087,0.582262,1.889490,2.815886,2.751499,2.335293,2.138162,2.642794,2.453858,2.133868,3.107006,1.395401
0.003631,0.741330,0.046887,0.690620,0.561519,0.594707,0.443883,0.186742,0.099656,0.494540,2.374962,1.596926,2.072670,1.754033,2.445843,1.628383,1.635213,2.422432,1.775486,2.272269
0.515757,0.896661,0.511702,0.199112,0.530454,0.285938,0.448634,0.721994,0.548844,0.918522,2.812184,2.024082,2.954017,1.989313,2.932821,2.052460,2.264517,2.955934,1.838927,3.371305
0.302088,0.331139,0.924478,0.774135,0.943608,0.984110,0.316129,0.239430,0.501202,0.972802,3.574632,2.879835,3.667281,2.482582,4.256308,2.260524,2.713768,3.355497,2.674671,3.876135
0.037608,0.846398,0.051739,0.594403,0.945126,0.575461,0.415881,0.662986,0.095567,0.292411,2.988449,1.770954,2.650109,1.845153,2.956983,1.888453,2.414644,2.391136,1.628579,3.064733
0.112143,0.905276,0.573522,0.959146,0.041953,0.280246,0.868810,0.546508,0.522674,0.742545,3.688365,1.586865,3.110724,2.336569,3.155477,2.211841,1.973856,3.395575,3.119282,2.256614
0.103030,0.028383,0.736323,0.299589,0.483180,0.075911,0.239256,0.652456,0.868205,0.432609,1.602821,2.138624,2.068561,1.924596,1.540202,2.108339,2.129691,1.728278,2.301731,1.776921
0.913865,0.794697,0.898137,0.903583,0.053677,0.295910,0.484348,0.488949,0.201703,0.714924,2.786850,2.780824,2.814285,2.798757,3.380963,2.177616,2.695400,2.896855,3.726547,1.996548
0.504494,0.313165,0.744881,0.661299,0.131221,0.014224,0.910110,0.908179,0.466599,0.749344,2.914167,2.279917,2.868950,2.177073,2.164197,2.670181,2.999807,1.706936,2.841048,2.214618
0.121656,0.283432,0.728835,0.439104,0.336993,0.976739,0.579888,0.465731,0.479326,0.249691,1.654626,2.354372,1.865319,2.165038,1.691206,2.373303,1.874434,2.141751,2.221274,2.429470
0.328943,0.354981,0.336751,0.182057,0.953782,0.079973,0.150818,0.581051,0.743901,0.186235,2.090551,1.718162,2.140278,1.714031,2.276250,1.841323,2.331844,1.518884,1.509774,2.276234
0.278087,0.667416,0.466302,0.353259,0.773866,0.930151,0.178809,0.389832,0.618679,0.816259,2.616432,2.289432,2.649970,2.272887,2.776341,2.378320,1.970409,3.071459,1.536952,3.389449
0.319583,0.697569,0.743692,0.366252,0.444691,0.446962,0.344817,0.992660,0.557343,0.567480,1.955532,2.920677,2.355858,2.699776,2.275646,2.751040,2.704334,2.219394,2.011234,3.008197
0.515897,0.181740,0.665020,0.814515,0.884457,0.836007,0.911894,0.787102,0.650114,0.212087,3.243051,2.890813,2.980132,3.119250,2.636474,3.447679,3.462839,2.415714,3.081490,2.894020
0.364235,0.211805,0.698779,0.534346,0.053868,0.695387,0.556249,0.955107,0.847006,0.499180,1.879846,3.434482,1.939452,3.311435,1.595976,3.354935,2.276764,2.422886,2.650655,2.234833
0.306059,0.011908,0.751090,0.795950,0.077695,0.563036,0.552728,0.600173,0.443435,0.837359,2.590925,2.112686,2.360448,2.193120,2.252881,2.036221,1.798942,2.508443,2.647047,1.806199
0.919540,0.055077,0.213450,0.501306,0.628257,0.049914,0.200543,0.510502,0.664017,0.577968,2.084947,2.256607,1.984017,2.287824,1.687796,2.339162,2.668451,1.472084,2.216138,1.828834
0.272156,0.754729,0.494537,0.546266,0.435227,0.270646,0.252871,0.034722,0.115942,0.430529,2.063033,1.375854,1.989869,1.394918,2.171097,1.290650,1.490260,1.968886,1.665954,2.025042
0.164191,0.241070,0.716447,0.010753,0.355695,0.834793,0.334615,0.900640,0.998660,0.214467,1.115102,3.704469,1.722086,3.515704,1.558471,3.567592,2.372575,2.897423,2.841959,2.630459
0.448961,0.549457,0.128398,0.897902,0.894746,0.187888,0.046364,0.460778,0.990245,0.298811,2.753581,2.405587,2.151583,2.989190,3.081947,2.306933,2.197597,3.061656,2.779558,2.298108
0.473343,0.134277,0.879823,0.172764,0.188039,0.269359,0.953078,0.369543,0.004038,0.281810,2.083986,2.039262,2.823385,1.512216,1.708300,2.156437,2.782968,1.309924,2.782522,1.263576
0.901227,0.228685,0.935589,0.597001,0.416012,0.397617,0.257308,0.986643,0.161357,0.701535,2.166159,3.878504,2.698555,3.237497,2.573585,3.044928,3.842689,1.871690,3.005207,2.623686
0.220768,0.580820,0.871327,0.187646,0.393047,0.049959,0.824510,0.860118,0.392293,0.328054,1.884238,2.208612,2.672314,1.706611,2.255730,2.223595,3.107995,1.446533,2.601995,2.370523
0.296761,0.305102,0.146868,0.881330,0.869458,0.441123,0.890043,0.342460,0.873569,0.679937,3.631104,2.209655,3.069249,2.741318,2.959429,2.810706,2.640483,2.962645,3.112665,2.185900
0.485572,0.809584,0.578982,0.863258,0.315205,0.213203,0.129608,0.197173,0.552308,0.595690,2.597487,1.684035,2.237196,2.098379,2.743228,1.581541,1.533915,2.652465,2.215126,2.055370
0.235741,0.622554,0.058973,0.487041,0.847305,0.519662,0.212285,0.136310,0.555157,0.423382,2.370142,1.746681,2.237060,1.774085,2.488142,1.833913,1.881018,2.105519,1.387114,2.323941
0.004665,0.438066,0.841016,0.732887,0.014185,0.041574,0.325210,0.454808,0.159588,0.166104,1.787798,1.509195,1.788482,1.299885,2.253427,1.164757,1.652970,1.450145,2.426272,1.300294
0.781198,0.583247,0.709843,0.484730,0.745097,0.772726,0.714831,0.462985,0.880779,0.067322,2.231515,3.292451,2.308763,3.138988,2.432554,3.206816,2.877523,2.741790,3.235103,2.541054
0.297857,0.102859,0.660538,0.806165,0.301763,0.384879,0.953313,0.949575,0.501519,0.941956,3.546863,2.538534,3.147154,2.753292,2.630859,3.287862,3.181552,2.635003,2.953150,2.932081
0.983354,0.304935,0.909831,0.486847,0.455459,0.540916,0.986466,0.122214,0.543050,0.360677,2.661005,3.291723,3.270858,2.695622,2.268145,3.706840,3.991688,1.795139,3.911939,1.641983
0.283358,0.231751,0.471150,0.663123,0.721360,0.967201,0.981313,0.147584,0.116975,0.691396,3.444507,2.072785,3.244332,2.177792,2.295435,2.900537,2.716429,2.479828,2.501360,2.811393
0.754131,0.842901,0.526661,0.190992,0.725245,0.054773,0.380130,0.546828,0.336365,0.181826,2.051881,1.791476,2.300251,1.751212,2.417460,1.662800,2.514550,1.784322,1.992211,2.599448
0.557275,0.914566,0.754873,0.197978,0.283165,0.205306,0.343675,0.357475,0.581132,0.254286,1.939141,1.973563,2.418416,1.728753,2.251804,1.689941,1.843083,2.172535,2.083992,2.168116
0.744297,0.071946,0.335599,0.381860,0.493722,0.651468,0.859627,0.282830,0.613656,0.972319,2.993677,2.447189,2.799940,2.451051,2.269436,2.826966,2.536357,2.725806,2.421849,2.570696
0.881581,0.967575,0.675913,0.380237,0.807267,0.172248,0.242152,0.998582,0.940406,0.599418,3.117110,3.916508,3.411386,3.783380,2.944404,3.657211,3.634098,3.113868,3.093491,3.817483
0.817488,0.222380,0.754275,0.981004,0.150028,0.346751,0.469716,0.838277,0.999914,0.317693,2.134533,3.752726,1.818554,4.417141,2.443308,3.405117,2.691877,3.336487,4.428913,1.806239
0.766609,0.221376,0.600014,0.882252,0.933244,0.091291,0.391328,0.208441,0.569205,0.434560,2.907880,1.943057,2.545502,2.399806,2.892467,1.778897,2.528439,1.861853,2.843191,2.006874
0.343135,0.818014,0.891003,0.093183,0.621426,0.751208,0.906393,0.732586,0.728438,0.212641,2.419588,3.105061,3.347378,2.543510,2.768596,3.300622,3.435009,2.711537,2.920049,3.002625
0.958103,0.646909,0.962130,0.719578,0.475089,0.790684,0.823540,0.845447,0.829567,0.664506,2.841656,4.614908,3.354131,3.983375,3.264653,4.304641,4.353811,3.169119,4.357357,3.018309
0.512910,0.359189,0.247627,0.467685,0.017684,0.634259,0.146084,0.670737,0.906622,0.369559,1.610699,2.845878,1.391490,2.867322,1.481382,2.827256,1.603893,2.511749,1.991446,1.617184
0.165294,0.727616,0.459576,0.642147,0.342388,0.968355,0.553645,0.158853,0.346284,0.487855,2.218187,2.058339,2.000051,2.147024,2.186783,2.145041,1.486596,2.737456,2.035371,2.782757
0.551418,0.340764,0.339752,0.657622,0.910943,0.131685,0.183833,0.675428,0.646155,0.802967,3.064031,1.918175,2.677739,2.036641,2.875218,1.949997,2.540480,2.062836,1.788755,2.669298
0.921732,0.666220,0.402107,0.185861,0.968246,0.544390,0.729200,0.463641,0.159442,0.440691,2.701788,2.454755,2.857195,2.444464,2.658370,2.597454,3.259555,2.074693,2.619216,2.616211
0.377310,0.269378,0.584078,0.276244,0.689988,0.691171,0.806905,0.887347,0.697268,0.154333,2.053898,2.860484,2.255016,2.794117,1.835085,3.238372,3.022989,2.005393,2.354215,2.689538
0.137988,0.197208,0.003683,0.192005,0.067425,0.777554,0.662092,0.116716,0.852525,0.164335,1.411780,2.416394,1.361344,2.416655,1.209561,2.633536,1.275840,2.349379,2.119880,1.473555
0.494250,0.892244,0.020113,0.763437,0.892790,0.573682,0.176099,0.711742,0.353290,0.857063,3.776054,2.118681,3.220586,2.378019,3.673849,2.118891,2.521065,3.274257,1.686640,3.620202
0.816881,0.631914,0.451865,0.591462,0.964347,0.874545,0.898667,0.678471,0.305153,0.793900,3.871532,2.800991,3.569111,2.854535,3.184878,3.311392,3.640831,2.855292,2.757687,3.576319
0.865863,0.324328,0.033892,0.043053,0.752385,0.660706,0.784242,0.901300,0.298503,0.259410,1.918115,3.096920,2.207388,3.096920,1.895019,3.340704,3.592147,1.791291,2.349917,2.781471
0.774301,0.447645,0.112951,0.178680,0.078294,0.683550,0.637340,0.220697,0.720351,0.380550,1.506954,2.659276,1.571096,2.659440,1.480470,2.677816,1.756245,2.208492,2.209216,1.515725
0.599050,0.954084,0.318873,0.488383,0.363644,0.983504,0.139742,0.286368,0.805435,0.388533,2.478364,2.874893,2.344129,2.899381,2.228893,2.784548,1.664305,3.401060,1.825654,3.241889
0.466951,0.205543,0.115041,0.565546,0.265225,0.340859,0.174849,0.579149,0.581328,0.553144,1.891473,1.867881,1.626312,1.925715,1.550410,1.920762,1.703410,1.724411,1.482902,1.567011
0.473140,0.078833,0.643525,0.122163,0.700109,0.455075,0.948156,0.919014,0.097465,0.062646,2.277453,2.503553,2.627503,2.393216,1.681188,3.057177,3.569180,1.461653,2.414227,2.525399
0.028944,0.647265,0.367663,0.530841,0.438539,0.839530,0.658790,0.143086,0.767964,0.567444,2.239139,2.300426,2.111427,2.335861,2.099565,2.556318,1.654114,2.831174,2.210672,2.416011
0.223854,0.294057,0.538298,0.400434,0.761258,0.226548,0.952542,0.964979,0.935405,0.310145,2.763242,3.007424,2.871097,2.972522,1.992230,3.786805,3.572117,2.118742,3.025169,2.751804
0.974477,0.861454,0.891875,0.529375,0.649326,0.738728,0.440660,0.712694,0.910790,0.847844,3.034107,4.266178,3.491024,3.743438,3.512471,3.848634,3.684647,3.820001,3.912950,3.489344
0.402601,0.501211,0.164450,0.818248,0.363544,0.750751,0.124911,0.149011,0.796047,0.288068,1.981153,2.417900,1.456553,2.784577,2.188224,2.414053,1.451368,2.794230,2.045734,1.937724
0.030313,0.639708,0.462453,0.883710,0.940437,0.558861,0.898324,0.067415,0.518644,0.268670,3.545992,1.720463,3.010349,2.238261,3.240617,2.413173,2.617388,2.598786,2.839842,2.448916
0.846560,0.887932,0.538643,0.741595,0.774041,0.900758,0.090796,0.048698,0.170738,0.776610,3.360493,2.667747,3.084046,2.846708,3.304022,2.443638,2.428523,3.382725,2.302536,3.503390
0.707224,0.322016,0.028168,0.649442,0.084582,0.961807,0.023731,0.458422,0.041412,0.793905,2.283795,2.506208,1.804544,2.621739,2.000348,2.310026,1.648463,2.681423,1.548609,2.455760
0.922432,0.669678,0.405528,0.642469,0.788428,0.922259,0.687674,0.511065,0.037695,0.422955,2.669779,2.852379,2.469582,2.950873,2.599455,2.934945,3.069092,2.555853,2.841314,3.107369
0.261304,0.268938,0.176627,0.284413,0.123757,0.237489,0.920622,0.012521,0.283078,0.089402,2.014040,1.328624,1.829967,1.330314,1.307497,1.983598,1.860260,1.318814,1.981305,1.199274
0.791648,0.867976,0.058591,0.974274,0.491784,0.145111,0.551930,0.385862,0.348576,0.233958,2.733396,1.836340,2.061458,2.714158,3.037614,1.768046,2.229603,2.803881,2.878059,2.303762
0.951607,0.568344,0.508817,0.756391,0.426515,0.809901,0.190153,0.972428,0.455177,0.738243,2.439591,3.738057,2.112496,3.951542,2.514144,3.756911,3.269276,2.825776,2.721372,3.318608
0.087755,0.349225,0.808949,0.232791,0.908535,0.211798,0.083725,0.219443,0.783430,0.203677,2.029456,2.049080,2.563732,1.703341,2.535421,1.836190,2.303838,1.719593,2.045920,2.043424
0.708893,0.571969,0.382337,0.677736,0.373449,0.459125,0.120431,0.215902,0.450672,0.977375,2.746507,2.063531,2.234156,2.198350,2.943431,1.924855,1.784682,2.904164,1.849042,2.646975
0.027286,0.013973,0.487344,0.486876,0.386995,0.607494,0.142371,0.245519,0.307519,0.506470,1.801757,1.668443,1.772392,1.668312,1.372440,1.716921,1.475196,1.773906,1.498039,1.571512
0.601999,0.866500,0.830192,0.156689,0.598917,0.526581,0.314522,0.504036,0.246199,0.630934,2.267859,2.362808,3.060078,1.968544,2.781872,1.849660,2.475279,2.532332,2.139827,2.654659
0.802251,0.263355,0.192915,0.777996,0.487572,0.654951,0.248722,0.397861,0.800587,0.339015,2.013929,2.837009,1.589015,3.121769,1.985461,2.774051,2.166294,2.459101,2.499955,1.808392
0.628360,0.064023,0.110706,0.203218,0.502224,0.471345,0.518052,0.695500,0.368070,0.010568,1.402033,2.150046,1.336181,2.150376,1.324661,2.136456,2.306085,1.494145,1.701351,1.892107
0.078944,0.168048,0.366186,0.261508,0.989583,0.931787,0.957883,0.956792,0.086080,0.006023,3.072632,2.783293,2.876414,2.777931,2.171790,3.621556,3.753991,1.961305,2.109903,3.647538
0.272192,0.101549,0.944508,0.988456,0.145299,0.177669,0.813457,0.581069,0.943649,0.034072,2.430559,2.957727,2.335650,3.149652,2.840102,2.626008,2.692643,2.924562,4.425069,1.352800
0.337860,0.835231,0.147941,0.101913,0.064001,0.103999,0.726297,0.569951,0.886345,0.289991,1.871008,2.020062,1.982064,2.020002,1.847529,2.289883,1.705746,2.443186,2.309304,1.948925
0.664445,0.606545,0.324313,0.279405,0.287601,0.037050,0.523058,0.413656,0.024852,0.313837,1.558633,1.511419,1.587608,1.509534,1.724360,1.342511,1.830496,1.437560,1.844960,1.729325
0.861273,0.954025,0.867251,0.504639,0.260656,0.408186,0.802181,0.498489,0.950505,0.753941,3.295173,3.561064,3.678559,3.103196,2.964182,3.317943,3.052713,3.595877,4.008911,2.566056
0.505465,0.161355,0.106671,0.405151,0.346096,0.064282,0.707207,0.118876,0.616988,0.249299,1.759008,1.554861,1.620546,1.565764,1.351519,1.688815,1.739526,1.261640,1.939777,1.374791
0.835264,0.756553,0.710533,0.605207,0.377238,0.347592,0.515846,0.175554,0.220889,0.093291,1.986257,2.238087,1.912980,2.138179,2.301712,1.925058,2.242701,2.004352,2.729639,1.969627
0.929951,0.394920,0.043655,0.255642,0.795627,0.618758,0.695724,0.051569,0.440536,0.934191,2.875899,2.569070,2.811190,2.570161,2.806279,2.723861,2.836804,2.628757,2.478824,2.809816
0.849670,0.193612,0.529630,0.744875,0.808736,0.485949,0.815384,0.020954,0.717362,0.655826,3.146239,2.618722,2.900745,2.806355,2.487617,2.882185,2.906286,2.299638,3.220347,2.023319
0.779615,0.548899,0.673498,0.597336,0.293853,0.959573,0.265723,0.979526,0.820037,0.781331,2.288000,4.177974,2.227992,4.115449,2.359642,3.942605,2.870734,3.266100,2.672700,3.673996
0.559778,0.469397,0.077260,0.764090,0.695517,0.988802,0.903395,0.233011,0.949442,0.620739,3.174701,3.160968,2.793786,3.421415,2.547714,3.602793,2.591276,3.521359,3.225164,2.976617
0.991196,0.594682,0.603388,0.124947,0.222886,0.478668,0.773535,0.098880,0.147970,0.184164,1.602340,2.544453,1.885926,2.464504,1.727442,2.743725,2.644494,1.839071,3.104880,1.630209
0.343056,0.151243,0.180172,0.286053,0.503762,0.003266,0.221386,0.572970,0.486127,0.441175,1.611013,1.343802,1.703282,1.345527,1.466499,1.442071,1.875022,1.169772,1.318254,1.731452
0.465025,0.459940,0.907074,0.487365,0.028945,0.685491,0.308442,0.181778,0.346815,0.698626,2.005101,2.558610,2.475423,1.972042,2.428823,1.861333,1.785664,2.279983,2.298767,1.633727
0.176403,0.912149,0.123199,0.328240,0.781673,0.102545,0.944926,0.710652,0.241246,0.017139,3.234824,1.402784,3.058700,1.406566,2.558555,2.273948,3.089461,1.941763,1.997254,2.972697
0.420848,0.937719,0.562804,0.624437,0.049792,0.819869,0.173742,0.498326,0.924991,0.695512,2.834249,2.906544,2.602210,2.945017,2.474146,2.830753,1.430035,3.862633,2.442493,2.667441
0.168352,0.726696,0.068070,0.903855,0.841027,0.144318,0.247074,0.952594,0.455582,0.346772,2.825372,2.090660,2.260799,2.693905,3.186893,2.218015,2.756963,2.360429,2.010546,3.238981
0.289839,0.299724,0.230852,0.378838,0.556759,0.101806,0.567109,0.063878,0.945610,0.628395,2.052156,2.032030,2.056531,2.039177,1.820661,2.061961,1.689278,2.247140,2.437897,1.744947
0.705621,0.733345,0.302702,0.578427,0.478328,0.906306,0.837850,0.731577,0.525155,0.484643,2.627640,2.838023,2.446071,2.900232,2.213381,3.234429,2.860197,2.698742,2.410855,3.109085
0.360659,0.726202,0.053696,0.445135,0.248269,0.097632,0.224670,0.371923,0.374404,0.772981,2.262455,1.299325,2.039291,1.316801,2.233047,1.306749,1.436057,2.123983,1.340031,2.103135
0.068241,0.534728,0.633700,0.167257,0.421355,0.189502,0.200956,0.615054,0.322765,0.137545,1.306332,1.473080,1.614913,1.371019,1.819498,1.526698,1.903787,1.489023,1.610736,1.941298
0.170526,0.932290,0.498533,0.343600,0.970744,0.081327,0.306913,0.840656,0.133573,0.638936,3.379779,1.643013,3.418349,1.617008,3.112652,1.696832,2.722072,2.216437,1.596902,3.540530
0.572733,0.839715,0.433884,0.585468,0.630097,0.459240,0.941996,0.795409,0.685131,0.208771,3.084121,2.524521,2.892380,2.577933,2.454696,3.281209,3.253421,2.462590,2.589497,2.883328
0.858147,0.888780,0.657285,0.007716,0.086546,0.766586,0.644920,0.670106,0.713748,0.705506,2.233682,3.190929,2.724539,3.068250,2.266692,3.230802,2.463211,3.167198,2.804489,2.697503
0.885441,0.280683,0.708924,0.182231,0.015679,0.774196,0.024404,0.663404,0.489490,0.219569,1.232188,3.048235,1.577843,2.869376,1.468365,2.920428,2.329035,1.921174,2.175793,1.746196
0.726355,0.204294,0.981187,0.828028,0.611380,0.398477,0.316851,0.161945,0.553008,0.449377,2.268928,3.005285,2.778215,2.485122,3.095990,1.990088,2.940314,2.013731,3.177372,1.700901
0.623919,0.306154,0.157657,0.974193,0.414205,0.957313,0.090364,0.523247,0.839090,0.021457,2.048473,3.012426,1.199698,3.889782,2.402377,2.956185,1.931033,3.424225,2.607267,2.491071
0.800933,0.637597,0.176431,0.678446,0.996654,0.748301,0.748166,0.494611,0.858828,0.142100,3.107330,3.083273,2.559607,3.226842,2.943776,3.252819,3.068581,2.845471,2.970319,2.837793
0.689150,0.829041,0.912231,0.879583,0.495007,0.300672,0.437107,0.605740,0.171340,0.048866,2.431403,2.546980,2.481164,2.441745,3.386302,1.793802,2.857449,2.515444,3.175481,2.412748
0.968648,0.416423,0.658637,0.171783,0.665745,0.427251,0.763177,0.434759,0.788686,0.323774,1.923438,3.015786,2.404465,2.891990,1.999643,3.270717,3.226803,2.021666,3.387572,1.958209
0.614108,0.086323,0.754081,0.322586,0.954645,0.963751,0.666738,0.708448,0.947188,0.893303,3.188209,3.686398,3.431069,3.446060,2.911859,3.490470,3.129588,3.492450,3.173568,3.749211
0.061674,0.628119,0.218393,0.750572,0.487302,0.024898,0.691885,0.137878,0.871627,0.400783,2.353845,1.691765,1.975592,1.929480,2.314722,1.945819,1.736202,2.299216,2.665536,1.894798
0.095772,0.491103,0.630193,0.160914,0.522710,0.147299,0.079830,0.078107,0.975990,0.393863,1.487467,2.185588,1.945973,2.086301,1.891956,2.100418,1.629126,2.357050,2.366800,1.774318
0.187653,0.378775,0.720847,0.986830,0.330702,0.633110,0.860305,0.029515,0.835897,0.996916,3.572420,2.447018,3.036429,3.188245,3.631499,2.804362,2.080600,4.191431,3.750270,2.619536
0.239796,0.034779,0.334484,0.322407,0.117668,0.554563,0.493447,0.001542,0.235838,0.526269,1.660283,1.629369,1.636824,1.628666,1.163031,1.642744,1.194933,1.708105,1.642875,1.253827
0.360085,0.323363,0.344250,0.995069,0.609520,0.788642,0.316432,0.884602,0.528089,0.166107,2.262667,2.682748,1.591980,3.653499,2.685752,2.779723,2.453590,2.951146,2.478102,2.793258
0.107248,0.189276,0.651353,0.202967,0.135146,0.664679,0.614339,0.282147,0.971488,0.411667,1.517588,2.716640,1.848958,2.599743,1.361864,2.718568,1.475669,2.661352,2.912434,1.400442
0.945765,0.560089,0.012290,0.249547,0.275707,0.463769,0.123107,0.325421,0.626578,0.136325,1.344436,2.615450,1.267688,2.616418,1.651989,2.690939,2.227796,1.935105,2.035455,1.670176
0.504411,0.912572,0.359011,0.186757,0.448201,0.972751,0.619106,0.174341,0.302791,0.259615,2.124006,2.261830,2.286584,2.256093,2.130476,2.225422,1.759810,2.831669,1.821789,3.182846
0.585208,0.343321,0.057711,0.629660,0.617006,0.082410,0.702915,0.146261,0.633382,0.619358,2.497051,1.679433,2.249141,1.778409,2.120814,1.775595,2.082939,1.697785,2.175109,1.829191
0.020616,0.118332,0.670553,0.964958,0.432309,0.570713,0.575120,0.603844,0.031883,0.296351,2.243005,1.839695,1.894178,2.540772,2.347022,1.854829,2.041920,2.447392,2.923277,1.774865
0.192002,0.814547,0.518956,0.842063,0.345577,0.015384,0.654582,0.962987,0.305999,0.000429,2.425501,1.978510,1.801783,2.364242,2.568692,2.123577,2.501233,2.111010,2.525021,2.902084
0.798772,0.596555,0.067807,0.327041,0.865373,0.617094,0.268537,0.125431,0.860822,0.318078,2.157021,2.893262,2.148014,2.897002,2.390642,2.768569,2.395953,2.557997,2.187884,2.371493
0.844169,0.917282,0.229722,0.091886,0.318234,0.078624,0.423943,0.565691,0.878714,0.690302,2.282336,2.572778,2.485403,2.572144,2.247038,2.553310,2.272754,2.845175,2.509207,2.497448
0.754639,0.286193,0.170612,0.146892,0.539069,0.063588,0.075045,0.350343,0.714026,0.820614,1.978902,2.012312,2.118127,2.012236,2.033579,1.940733,2.091737,1.958100,1.617228,2.036122
0.281261,0.178692,0.700663,0.536954,0.137158,0.187785,0.302469,0.842435,0.350959,0.808389,2.201578,1.982659,2.179729,1.858427,1.948238,1.917621,2.046343,1.807798,1.959794,2.113431
0.575903,0.684889,0.266379,0.210472,0.128791,0.496631,0.495946,0.900976,0.555602,0.563712,1.741572,2.660098,1.810394,2.659170,1.813119,2.676704,2.193394,2.240540,1.739173,2.446994
0.448942,0.792176,0.443252,0.581787,0.490671,0.818972,0.767658,0.183682,0.702559,0.576219,2.691189,2.385545,2.563304,2.435088,2.357208,2.625968,1.979278,2.948120,2.372838,2.637794
0.894722,0.937272,0.395551,0.362202,0.594236,0.073202,0.738616,0.364046,0.676405,0.083690,2.599984,2.210446,2.519638,2.206997,2.347637,2.439648,2.750326,2.167827,2.725027,2.520993
0.353309,0.365763,0.736947,0.790900,0.525530,0.737402,0.839514,0.441628,0.977553,0.864548,3.186752,3.051788,3.044226,3.143891,2.912703,3.211731,2.478750,3.740039,3.785607,2.524120
0.652814,0.615281,0.690960,0.699613,0.844731,0.732674,0.181259,0.155411,0.368498,0.069197,2.396434,2.366956,2.201908,2.377068,2.828799,2.054032,2.305664,2.297621,2.189528,2.515223
0.950274,0.271813,0.372835,0.764192,0.141762,0.640670,0.477992,0.824120,0.325544,0.701378,2.312657,3.046674,1.826986,3.300092,1.987389,3.146770,2.738461,2.331435,2.882383,2.113572
0.959734,0.033436,0.481062,0.349467,0.294774,0.216337,0.389159,0.039358,0.939632,0.162146,1.424307,2.992801,1.383300,2.972250,1.189461,2.956638,2.229023,2.006457,3.244134,1.298255
0.019923,0.846455,0.197509,0.589824,0.258673,0.655783,0.857239,0.204536,0.201456,0.235552,2.637166,1.666407,2.284717,1.737492,2.121942,2.167849,1.840835,2.458372,2.101777,2.169386
0.224881,0.764688,0.582395,0.549857,0.967289,0.300895,0.984809,0.701204,0.122650,0.252228,3.720592,1.662069,3.587490,1.645330,2.937630,2.589585,3.477956,1.952178,2.492823,2.906027
0.405030,0.851315,0.368117,0.698523,0.111373,0.406551,0.529781,0.437863,0.772868,0.639760,2.635120,2.075771,2.227970,2.235315,2.378833,2.156469,1.455076,2.916238,2.308793,2.054550
0.733292,0.512133,0.572418,0.219545,0.793858,0.069803,0.527687,0.979436,0.533005,0.253632,1.896938,2.740648,2.184168,2.679702,2.218520,2.623521,3.286450,1.429619,2.198090,2.996780
0.165746,0.836151,0.380690,0.194815,0.350474,0.733444,0.273555,0.850816,0.111396,0.420943,1.829375,2.294307,2.013264,2.286592,2.005770,2.364034,2.092510,2.507615,1.426646,2.968113
0.093044,0.652076,0.461942,0.733164,0.877704,0.861719,0.170268,0.104129,0.791216,0.579740,2.864149,2.386848,2.567413,2.577652,2.950535,2.489089,1.911228,3.085516,2.087911,2.920921
0.319352,0.938869,0.118214,0.614265,0.872883,0.845687,0.620379,0.002745,0.582884,0.562482,3.473347,2.145733,3.203684,2.233164,3.032693,2.287736,2.053608,3.108010,1.943814,3.322155
0.180268,0.495518,0.388755,0.137973,0.409477,0.504335,0.498875,0.763942,0.973307,0.443366,1.495018,2.808348,1.761604,2.799519,1.713337,2.929460,2.069762,2.734505,2.527161,2.182686
0.279443,0.093559,0.230170,0.239480,0.423857,0.340777,0.354427,0.229216,0.645867,0.219774,1.379715,1.691691,1.427410,1.691833,1.289927,1.781654,1.514644,1.534942,1.539624,1.458652
0.518763,0.620030,0.854184,0.374156,0.036052,0.755064,0.907819,0.742355,0.244575,0.971508,3.088863,2.797244,3.366879,2.349843,3.019252,2.912998,2.860681,3.067347,2.763126,3.020060
0.103687,0.092146,0.521343,0.788113,0.142109,0.069528,0.091639,0.418622,0.555284,0.315312,1.890482,1.320720,1.477284,1.586254,1.650253,1.451352,1.357052,1.508490,1.905860,1.227101
0.190833,0.480164,0.122788,0.156168,0.181482,0.088172,0.849255,0.179111,0.643790,0.223562,1.757828,1.392475,1.804052,1.392540,1.519434,1.951475,1.740719,1.501778,1.980058,1.418404
0.311180,0.258792,0.788464,0.071804,0.802469,0.929937,0.229855,0.295805,0.192940,0.478143,1.821133,2.346334,2.616220,2.041610,2.260113,2.003064,2.227619,2.107611,1.861544,2.668166
0.642485,0.561068,0.227339,0.428806,0.076184,0.254182,0.245253,0.731672,0.300744,0.533434,1.773018,1.981370,1.610206,1.995261,1.727295,1.907605,1.880963,1.743447,1.548637,1.830043
0.422292,0.761908,0.636295,0.375267,0.296893,0.074263,0.087601,0.615947,0.637279,0.319834,1.760541,1.759647,1.922407,1.662788,2.017666,1.745879,1.855952,1.859863,1.682232,2.114459
0.936874,0.301010,0.013733,0.166605,0.750558,0.720933,0.990219,0.605608,0.281536,0.492873,2.796264,2.755495,3.020131,2.755623,1.927984,3.744766,3.901091,1.937681,2.767216,2.362498
0.395430,0.276954,0.136052,0.610407,0.754317,0.647505,0.625191,0.954288,0.530157,0.113614,2.206922,2.782239,1.839532,2.866934,2.073597,2.917573,2.879636,1.889415,1.937469,2.875859
0.058470,0.559646,0.535784,0.976515,0.661436,0.054798,0.556242,0.624820,0.339202,0.628547,2.811594,1.293809,2.370480,2.137621,3.128565,1.467047,2.191920,2.517525,2.778996,2.316683
0.210142,0.879659,0.866501,0.211142,0.706666,0.979439,0.822848,0.930164,0.678702,0.629330,2.945239,3.573291,3.764444,3.085233,3.033788,3.624031,3.528065,3.215096,2.729046,4.304225
0.337702,0.964036,0.577504,0.009280,0.673922,0.012648,0.484859,0.911076,0.479476,0.853190,2.931211,1.990155,3.387887,1.925920,3.012329,2.038595,2.661996,2.615930,1.856717,3.811628
0.821297,0.960169,0.552066,0.653043,0.210592,0.769092,0.468648,0.154282,0.384437,0.089572,2.534736,2.552284,2.166508,2.619774,2.334364,2.398151,1.887902,2.832349,2.515311,2.486070
0.769639,0.276854,0.197171,0.563680,0.702217,0.526562,0.469623,0.779126,0.349219,0.625497,2.351462,2.530286,2.176538,2.586894,2.102435,2.495187,2.814082,1.919713,2.043664,2.424447
0.012825,0.608429,0.086330,0.193069,0.268897,0.558345,0.301570,0.727744,0.408812,0.502183,1.556349,1.907326,1.666781,1.907590,1.751535,2.113388,1.806786,2.083376,1.327639,2.153631
0.116651,0.830509,0.642970,0.329431,0.924784,0.250736,0.196618,0.340355,0.540017,0.958568,3.435791,1.545129,3.476212,1.439121,3.675665,1.582260,2.153596,2.910185,1.691888,3.467219
0.840933,0.737964,0.090301,0.421050,0.393355,0.703092,0.085398,0.802432,0.000374,0.081512,1.707476,2.824870,1.455895,2.838097,1.967388,2.719867,2.631992,2.261458,1.668286,2.699003
0.454743,0.591821,0.799958,0.537535,0.097903,0.739008,0.392402,0.802688,0.329219,0.637681,2.041423,2.724209,2.255498,2.441493,2.249671,2.416638,2.187552,2.405190,2.234283,2.369037
0.118169,0.239920,0.143816,0.610962,0.247845,0.799499,0.103593,0.368316,0.979927,0.462890,1.841364,2.772910,1.528202,2.857976,1.575376,2.809928,1.385328,2.963465,2.256113,1.785199
0.212802,0.136659,0.916881,0.376904,0.210476,0.469369,0.261140,0.834086,0.639089,0.669360,1.838970,2.907662,2.489153,2.267284,2.083228,2.461343,2.568447,1.962372,2.264014,1.992330
0.311196,0.012455,0.663792,0.292820,0.365131,0.905538,0.944788,0.539781,0.819697,0.717035,2.652415,2.766902,2.939612,2.640182,1.564094,3.496876,2.612281,2.727954,2.789948,2.384495
0.560234,0.946911,0.116960,0.852786,0.353150,0.169224,0.261550,0.762251,0.602572,0.401714,2.824164,2.039489,2.293990,2.490491,2.717872,2.074938,2.114714,2.713551,2.073362,2.703959
0.285827,0.477848,0.294852,0.895908,0.487304,0.824350,0.992975,0.312240,0.277194,0.172109,3.038357,1.939080,2.432317,2.514040,2.437522,2.903669,2.582573,2.640880,2.807327,2.208028
0.915581,0.332099,0.587105,0.981914,0.177384,0.642605,0.498245,0.445299,0.133259,0.047848,2.055452,2.592334,1.347351,3.435361,2.380043,2.482094,2.274578,2.666102,3.492424,1.546494
0.452943,0.190194,0.585930,0.678366,0.654880,0.298833,0.019560,0.986450,0.051448,0.181633,1.992462,2.520077,1.811908,2.594672,2.001381,2.303467,2.789948,1.484660,1.717135,2.659124
0.832657,0.809618,0.772864,0.692106,0.459341,0.645722,0.934373,0.720446,0.862024,0.363335,3.031114,3.524754,3.146053,3.407808,2.645317,3.955637,3.593651,3.060149,3.819897,2.668950
0.878050,0.042581,0.070023,0.736195,0.814848,0.978671,0.581263,0.026320,0.373716,0.536965,2.679721,2.801838,2.315440,3.018090,2.188700,2.779102,2.606647,2.371067,2.586857,2.778694
0.768885,0.680765,0.264129,0.814658,0.777971,0.425813,0.131420,0.041845,0.263843,0.439953,2.625587,2.036653,2.210131,2.394187,2.865417,1.845038,2.235859,2.338077,2.092624,2.290844
0.805691,0.530447,0.839267,0.147381,0.445404,0.512129,0.543363,0.296897,0.766901,0.286739,1.447127,3.036471,2.205443,2.620149,2.155185,2.595181,2.560117,2.163052,2.937589,1.823676
0.081113,0.354628,0.912296,0.821136,0.020421,0.905565,0.437148,0.308661,0.351257,0.999182,2.861636,2.596504,2.801015,2.337874,3.537382,2.074361,1.784689,3.417410,2.828485,2.843982
0.139931,0.381322,0.257649,0.265095,0.322334,0.491337,0.399458,0.962918,0.904630,0.313393,1.430324,3.112082,1.467919,3.112256,1.514632,3.213075,2.278882,2.338539,2.090691,2.421871
0.411568,0.379728,0.285590,0.039852,0.608382,0.071149,0.508916,0.552360,0.691161,0.478918,1.569368,1.665695,1.947314,1.663795,1.804427,1.780209,2.052178,1.553388,1.776957,1.946322
0.098642,0.266396,0.177679,0.202492,0.941280,0.254476,0.701222,0.256613,0.210866,0.713359,2.788477,1.278096,2.848098,1.278260,2.419843,1.485476,2.250048,1.690775,1.741606,2.218069
0.016496,0.413956,0.519034,0.681046,0.353683,0.632610,0.762702,0.121614,0.587362,0.681697,2.540547,1.873406,2.297162,1.982252,2.108557,2.237495,1.744538,2.386297,2.417892,1.834214
0.905769,0.389363,0.186390,0.962339,0.340111,0.320148,0.059820,0.848042,0.845931,0.874504,2.775401,3.263349,2.005617,4.088479,2.981336,3.318721,2.802631,3.477972,3.092051,2.623566
0.465080,0.136427,0.236880,0.011369,0.265451,0.886771,0.238697,0.594181,0.962769,0.424601,1.213653,3.120876,1.511651,3.120130,1.240142,3.071033,1.723091,2.841123,2.168798,2.126007
0.431498,0.441852,0.315019,0.238646,0.764635,0.142822,0.943351,0.624799,0.904763,0.071066,2.499536,2.225143,2.495777,2.222814,2.043238,2.987069,3.030393,2.009289,2.697128,2.204192
0.589160,0.077568,0.275495,0.838965,0.376996,0.773674,0.733124,0.064212,0.138844,0.237356,2.237761,2.125064,1.689268,2.539120,1.814971,2.125482,1.876083,2.209077,2.520074,1.742319
0.879700,0.299988,0.373017,0.753549,0.628425,0.944844,0.860534,0.308936,0.949777,0.776169,3.154960,3.591818,2.773787,3.827568,2.492950,3.947173,2.960232,3.559144,3.799319,2.826565
0.465254,0.775453,0.020664,0.456050,0.901554,0.324526,0.989510,0.400766,0.650735,0.004711,3.427950,1.842341,3.056615,1.862068,2.683103,2.807845,3.121573,2.124895,2.248329,2.578341
0.565713,0.466839,0.911830,0.337356,0.603760,0.726826,0.580255,0.693644,0.526641,0.686882,2.164787,3.054752,2.945074,2.428789,2.722695,2.506118,3.009646,2.350134,2.593014,2.587418
0.136737,0.003740,0.726635,0.778704,0.465800,0.085304,0.883791,0.138707,0.775279,0.767799,3.079380,1.772932,2.978526,1.856686,2.243000,2.228579,2.300265,2.185545,3.164415,1.735367
0.688446,0.527064,0.207511,0.294812,0.883521,0.850144,0.941913,0.257140,0.118282,0.508441,3.070808,2.330514,3.125784,2.332357,2.400510,2.847176,3.063446,2.261802,2.235257,2.734660
0.851220,0.103792,0.675852,0.684307,0.338257,0.681264,0.574233,0.394433,0.716406,0.644117,2.246639,2.938741,2.175990,2.947786,1.851798,2.843312,2.360350,2.372741,3.065173,1.736675
0.385502,0.367290,0.640164,0.693178,0.185742,0.866073,0.609457,0.098729,0.050243,0.986445,2.817309,2.122419,2.427941,2.174945,2.789242,1.975730,1.498258,3.120902,2.374422,2.818266
0.372213,0.239390,0.854189,0.827215,0.261998,0.505582,0.072013,0.095731,0.521642,0.103302,1.856683,2.240900,1.796008,2.173492,2.328944,1.797765,1.777504,2.025374,2.425521,1.385533
0.361744,0.692508,0.917777,0.964827,0.164851,0.381918,0.515261,0.019706,0.723084,0.725708,2.725712,2.542001,2.755695,2.726920,3.546352,1.958220,1.934222,3.353131,3.470519,1.866986
0.212810,0.092851,0.542511,0.632978,0.386402,0.893418,0.826553,0.260044,0.282481,0.119000,2.171587,2.012814,1.894733,2.067431,1.542962,2.378642,1.977405,2.011703,2.378332,2.049747
0.902266,0.627707,0.756512,0.077554,0.728541,0.916873,0.764440,0.968855,0.368303,0.340439,2.019079,3.909824,2.743107,3.662040,2.420164,3.885743,3.991014,2.368749,3.006725,3.743279
0.528082,0.619616,0.935606,0.671127,0.467968,0.344629,0.153907,0.475257,0.271297,0.657627,2.297972,2.411397,2.787503,1.830637,3.044836,1.603433,2.558576,2.154527,2.410788,2.096341
0.226506,0.822172,0.281017,0.110691,0.123935,0.092554,0.324221,0.746157,0.612459,0.537254,1.787961,1.685319,1.961531,1.683583,1.923954,1.889297,1.705108,2.064315,1.493355,2.260157
0.200687,0.461361,0.764053,0.530521,0.379646,0.961916,0.287538,0.310867,0.875021,0.810808,2.270387,2.941887,2.428714,2.723527,2.447381,2.761208,1.751589,3.336066,2.535225,2.829110
0.010985,0.383787,0.968878,0.983315,0.756286,0.150753,0.366779,0.200695,0.108706,0.383967,2.589742,2.007562,2.891870,2.073095,3.782049,1.177292,2.668444,2.274108,3.256295,1.920525
0.415724,0.128618,0.473619,0.604989,0.698938,0.016641,0.867759,0.200922,0.298228,0.947616,3.411461,1.241452,3.109424,1.298669,2.668758,1.635597,2.402005,1.973078,2.345736,2.487713
0.943037,0.964314,0.513373,0.734759,0.672977,0.534830,0.070845,0.212779,0.097527,0.198824,2.912964,2.462784,2.620906,2.641279,2.851108,2.344864,2.592595,2.686835,2.521968,2.694643
0.216898,0.648098,0.729994,0.334397,0.889030,0.182289,0.540203,0.368421,0.716476,0.355789,2.363150,1.822850,2.734672,1.619732,2.699189,1.793850,2.327426,1.915055,2.301503,2.365874
0.464289,0.515978,0.429694,0.960236,0.311043,0.828529,0.155393,0.911050,0.423838,0.412067,2.197283,2.823799,1.625308,3.625524,2.541593,2.810908,2.256371,3.013374,2.285563,2.816566
0.830603,0.925330,0.845636,0.920507,0.526963,0.566306,0.583330,0.772020,0.867556,0.788185,3.482259,3.696841,3.464773,3.925308,3.801361,3.322600,3.244229,4.139576,4.045827,3.250373
0.807834,0.050007,0.913456,0.927415,0.439519,0.025398,0.262108,0.290882,0.435461,0.944483,2.909088,2.403702,2.904570,2.453802,3.472574,1.666756,2.692014,2.592454,3.335719,2.218203
0.444400,0.387017,0.678529,0.383196,0.645860,0.353906,0.056975,0.494907,0.025310,0.390986,1.814170,1.755234,2.129209,1.619669,2.027616,1.514770,2.122396,1.571721,1.612648,1.941685
0.300222,0.538528,0.884493,0.376894,0.381939,0.931464,0.943285,0.901280,0.419082,0.628990,2.665254,3.296386,3.303847,2.762647,2.435808,3.594152,3.554371,2.508773,2.800202,3.255290
0.983330,0.449714,0.917866,0.268697,0.215700,0.858143,0.299779,0.233168,0.037470,0.809137,1.959905,3.479560,2.655415,2.829489,2.595747,2.809613,2.880434,2.591532,3.096624,2.319744
0.843702,0.406759,0.894614,0.457040,0.124076,0.981340,0.341865,0.354249,0.875018,0.342112,1.600785,3.951915,2.098290,3.398828,2.104352,3.302829,2.436833,2.793006,3.257337,2.266093
0.114125,0.796904,0.465193,0.273152,0.097791,0.160220,0.097538,0.777521,0.918541,0.734799,2.135496,2.335487,2.166512,2.315222,2.140157,2.474158,1.725693,2.905396,1.988366,2.417760
0.257484,0.884385,0.341501,0.559874,0.593015,0.399386,0.083251,0.491972,0.733304,0.266526,2.380514,1.923233,2.199080,1.973599,2.421240,2.060595,1.856815,2.544625,1.591807,2.521015
0.966108,0.548198,0.336872,0.623278,0.694509,0.990746,0.466137,0.455750,0.935847,0.100319,2.065056,3.791216,1.717613,3.880938,2.277110,3.854396,2.855500,3.153380,3.410753,3.053197
0.362785,0.323357,0.033114,0.057968,0.516948,0.110662,0.040833,0.455933,0.938115,0.020985,1.200094,2.111085,1.291795,2.111085,1.590788,2.102821,1.772573,1.989737,1.786022,1.716435
0.796497,0.752144,0.425445,0.597542,0.522273,0.440234,0.350400,0.086689,0.104987,0.844609,2.709157,2.089794,2.450176,2.152035,2.761095,1.859663,2.064105,2.684770,2.147245,2.556017
0.401723,0.345762,0.000984,0.233631,0.325189,0.966223,0.878853,0.397630,0.861607,0.597624,2.226689,2.792230,2.304888,2.792926,1.591822,3.321803,2.144704,2.851022,2.392488,2.455426
0.013133,0.381128,0.213529,0.476136,0.138368,0.002531,0.618645,0.738815,0.921428,0.746528,2.190607,2.083416,1.929927,2.107443,1.819248,2.345457,1.831137,2.309155,2.436395,1.918769
0.668363,0.028902,0.642142,0.507022,0.000957,0.886056,0.985726,0.959426,0.212958,0.326107,2.557481,3.298920,2.535006,3.223244,1.279736,3.944740,3.273314,1.957135,2.728399,2.505003
0.908145,0.123670,0.597558,0.214764,0.988381,0.411314,0.761707,0.798105,0.849039,0.192798,2.554141,3.330008,2.719726,3.254275,2.188044,3.577140,3.787145,1.953880,3.250066,2.540933
0.938296,0.023542,0.396410,0.342179,0.603471,0.764609,0.560753,0.434639,0.308962,0.691694,2.139266,2.719978,2.217039,2.714880,1.666478,2.772723,2.727122,2.109901,2.535878,2.186255
0.936264,0.029091,0.212978,0.191992,0.764283,0.985936,0.115801,0.923574,0.946146,0.640761,2.049186,4.437541,2.234730,4.437363,1.789306,4.437362,3.438612,3.051494,2.694863,3.605864
0.052190,0.057050,0.212584,0.498300,0.531144,0.398533,0.449116,0.138926,0.681882,0.669864,2.137546,1.719113,2.002271,1.749402,1.664674,1.884457,1.591706,1.949280,1.765461,1.697182
0.591663,0.983744,0.329877,0.559092,0.406544,0.548465,0.897104,0.651993,0.980375,0.172563,3.225078,3.025415,2.942754,3.076136,2.328578,3.490356,2.690363,3.499763,3.208882,2.742097
0.584880,0.459696,0.655210,0.073037,0.753635,0.920722,0.657671,0.702756,0.742865,0.585973,2.052052,3.037413,2.642832,2.916661,2.266705,3.059699,2.755416,2.637784,2.430613,3.099752
0.677436,0.119627,0.945187,0.197926,0.289561,0.200561,0.600472,0.507214,0.275130,0.201780,1.392953,2.500870,2.260069,1.746796,1.967262,1.695420,2.742101,1.229121,2.713788,1.436313
0.634105,0.967210,0.734672,0.722392,0.346860,0.565462,0.485373,0.291002,0.679045,0.121812,2.680917,2.501858,2.540615,2.484558,2.678749,2.239821,1.956037,2.912106,2.708148,2.409262
0.049813,0.350716,0.790540,0.975154,0.922657,0.310187,0.047700,0.100998,0.853948,0.032783,2.766993,2.244252,2.383440,2.817284,3.438068,2.040451,2.241744,2.846786,3.054063,2.055946
0.838191,0.422776,0.423753,0.785355,0.466708,0.875387,0.187803,0.630036,0.065279,0.401493,2.062959,2.749458,1.710151,3.034560,2.164633,2.623568,2.467443,2.417629,2.345361,2.493189
0.923427,0.186064,0.896393,0.010943,0.228547,0.569695,0.670460,0.370244,0.013904,0.969568,2.165230,3.019958,2.944359,2.441206,2.700766,2.483245,2.933867,2.515768,3.201109,2.276076
0.833815,0.681145,0.556255,0.114663,0.621044,0.365688,0.398307,0.741557,0.354124,0.499213,1.775202,2.460998,2.228816,2.407761,2.183712,2.392273,2.829084,1.969804,2.198172,2.541678
0.661189,0.749806,0.664204,0.671427,0.664023,0.921036,0.563625,0.285047,0.836846,0.067558,2.306691,3.080134,2.139424,3.087318,2.622715,2.892505,2.264516,3.110446,2.909018,2.969021
0.584154,0.411357,0.071397,0.110640,0.125964,0.160998,0.710107,0.623876,0.577063,0.107574,1.390259,1.845891,1.389853,1.845906,1.428714,2.033825,1.968791,1.442364,1.896991,1.538691
0.803631,0.760086,0.408348,0.759675,0.372049,0.399497,0.227311,0.397252,0.140289,0.180154,2.099996,2.084339,1.643032,2.325996,2.349328,1.899562,2.062885,2.236474,2.249614,2.038131
0.520290,0.481877,0.028749,0.643507,0.157829,0.970409,0.504251,0.619149,0.904317,0.716885,2.251998,3.127605,1.832454,3.237954,2.037382,3.131427,1.746671,3.350166,2.449622,2.703510
0.604723,0.422814,0.695054,0.872980,0.418777,0.609238,0.418768,0.311453,0.249097,0.463102,2.205153,2.162009,2.018523,2.506809,2.471691,1.848107,1.929889,2.398194,2.701848,1.786829
0.908049,0.059460,0.955825,0.965472,0.653909,0.979976,0.587001,0.836044,0.643344,0.115159,2.377072,4.357157,2.534728,4.398237,3.184978,3.727818,4.018138,2.995219,4.190650,3.164110
0.754113,0.150179,0.675591,0.648961,0.346635,0.333550,0.301838,0.207451,0.152145,0.889349,2.489930,2.048352,2.326237,2.022716,2.309975,1.691537,1.967566,2.175168,2.355058,1.946861
0.167920,0.050981,0.892721,0.428626,0.985896,0.095866,0.127842,0.208032,0.155142,0.503643,2.640832,1.696666,3.187357,1.144138,2.733056,1.129767,2.601171,1.241264,2.004426,2.029988
0.547979,0.485060,0.469320,0.885252,0.941561,0.542622,0.686825,0.695774,0.071531,0.822746,3.646272,2.100393,3.062036,2.621294,3.546322,2.127571,2.835507,2.878528,2.691004,2.977354
0.073156,0.846072,0.019864,0.211264,0.576816,0.899883,0.023072,0.003974,0.050455,0.674478,2.291649,1.905363,2.440751,1.905784,2.395171,1.902457,1.577224,2.922983,1.032924,3.087997
0.281230,0.847063,0.388492,0.191709,0.554978,0.444067,0.184104,0.328223,0.012641,0.765766,2.386282,1.543615,2.569642,1.535025,2.514822,1.486054,1.694949,2.610887,1.348331,2.610058
0.515426,0.471125,0.802170,0.493779,0.381554,0.476733,0.445394,0.662973,0.144121,0.774041,2.211029,2.270728,2.498364,1.967934,2.428215,1.877007,2.329518,2.192234,2.279902,2.224420
0.054323,0.329874,0.771622,0.705859,0.309476,0.651480,0.776543,0.901199,0.605457,0.332668,2.213706,2.809522,2.255406,2.711202,2.063124,3.032359,2.758969,2.106714,2.804999,2.334421
0.389758,0.184570,0.174244,0.440934,0.056067,0.556441,0.912233,0.804465,0.272019,0.644280,2.548927,2.147463,2.345433,2.163969,1.445907,2.805860,2.455106,1.880089,2.052888,1.817636
0.813075,0.242340,0.113685,0.641342,0.848120,0.757814,0.309957,0.016531,0.962832,0.807579,2.913650,3.311514,2.538421,3.419999,2.650806,3.124766,2.395159,3.311152,2.851191,2.580150
0.558714,0.580992,0.132374,0.969249,0.236457,0.580715,0.103991,0.279607,0.690325,0.750570,2.612140,2.228002,1.875117,3.083375,2.864867,2.176580,1.489203,3.423616,2.286284,1.947800
0.807717,0.230490,0.502016,0.753581,0.979255,0.509042,0.373905,0.119013,0.296833,0.332035,2.823071,2.219688,2.437690,2.430828,2.661417,2.031780,2.571809,1.849562,2.481811,2.105247
0.453328,0.206093,0.237670,0.842073,0.366930,0.524121,0.324719,0.362779,0.874375,0.185042,1.937206,2.416193,1.344595,2.838832,1.939764,2.382240,1.603577,2.580836,2.531621,1.532827
0.030030,0.044826,0.280278,0.920677,0.616004,0.762909,0.848558,0.398648,0.909851,0.423124,2.851932,2.543996,2.343074,3.203776,2.238477,3.094045,2.295152,3.187481,3.331042,2.033687
0.449736,0.043990,0.237409,0.349945,0.929436,0.199632,0.974750,0.027211,0.328572,0.414447,3.227369,1.438122,3.194442,1.442616,1.980954,2.228490,2.924658,1.289658,2.118708,1.945207
0.266657,0.793581,0.865208,0.908123,0.224028,0.169918,0.062568,0.458992,0.859379,0.503495,2.487633,2.404931,2.516124,2.537710,3.141799,2.010204,1.938523,3.090382,3.033859,1.983688
0.039265,0.633160,0.161224,0.310941,0.377245,0.254883,0.017117,0.722014,0.738611,0.373853,1.606152,1.931238,1.622115,1.934036,1.825180,2.176821,1.898719,2.008553,1.293002,2.166049
0.459694,0.644192,0.477874,0.323556,0.525405,0.626614,0.883005,0.433628,0.902280,0.897220,2.992463,2.632764,3.001264,2.611389,2.627065,3.103720,2.443430,3.430181,2.787903,2.757520
0.516164,0.041746,0.606890,0.308331,0.096542,0.133336,0.239856,0.486894,0.677283,0.061372,1.316308,1.848969,1.297530,1.769427,1.162721,1.779251,1.556765,1.348514,1.850978,1.214028
0.422153,0.610457,0.356157,0.671174,0.882738,0.383115,0.119742,0.605324,0.543998,0.999135,3.442280,1.862307,2.908522,1.992776,3.694305,1.932633,2.330325,2.976955,1.628338,3.494422
0.816721,0.272215,0.685987,0.216801,0.653834,0.036289,0.743223,0.569054,0.081869,0.446546,2.002336,1.960641,2.503474,1.809211,1.901574,1.898973,2.979469,1.199956,2.668929,1.929965
0.474752,0.379989,0.967510,0.402383,0.976670,0.853863,0.675399,0.208632,0.289666,0.732790,3.087002,2.953222,3.808345,2.116000,3.535143,2.138191,3.183057,2.409338,2.729466,2.873002
0.587052,0.735762,0.152028,0.133725,0.280161,0.902677,0.997050,0.046035,0.887100,0.175034,2.390223,2.945493,2.460909,2.945454,1.817663,3.793828,2.472930,3.068712,2.690691,2.485710
0.850237,0.802701,0.419389,0.281567,0.024491,0.424747,0.146847,0.279763,0.488801,0.598370,1.973343,2.283537,2.006449,2.272333,1.966795,2.208226,1.730836,2.342176,1.895548,1.799974
0.631219,0.436877,0.993857,0.571856,0.734090,0.218911,0.237210,0.967021,0.563931,0.215986,2.033180,3.640815,2.755640,2.732310,3.134611,2.600722,3.893547,1.582140,2.627756,2.832008
0.819307,0.454560,0.723744,0.993468,0.531125,0.538608,0.827365,0.797712,0.787988,0.845297,3.345813,3.302663,2.994482,4.071853,3.426310,3.505438,3.384600,3.702534,4.086104,2.761093
0.718108,0.773205,0.682347,0.302003,0.914821,0.326100,0.775577,0.738289,0.742284,0.212293,2.750868,2.695790,3.005075,2.550382,2.787599,2.826055,3.339951,2.239612,2.759991,2.926827
0.415377,0.748351,0.264872,0.030243,0.607939,0.385904,0.234086,0.431008,0.156005,0.896409,2.296189,1.598052,2.522291,1.596749,2.764963,1.520781,1.869682,2.666834,1.334133,2.849016
0.768250,0.094723,0.685241,0.871577,0.984601,0.289607,0.406909,0.005411,0.817930,0.680554,3.316664,2.578102,2.999174,2.929974,3.091848,2.318118,2.616557,2.564310,3.252985,2.146595
0.018097,0.395110,0.994905,0.795575,0.486345,0.293696,0.255430,0.611674,0.593320,0.409627,2.092291,2.617656,2.644837,1.961590,3.138129,1.875666,2.839535,1.961181,2.822343,1.890284
0.978169,0.306796,0.572867,0.889068,0.673991,0.363934,0.710422,0.426185,0.164844,0.218623,2.500474,2.419916,2.118329,2.913706,2.527798,2.564970,3.107970,2.024733,3.656970,1.863566
0.654068,0.619818,0.175454,0.929929,0.709750,0.642220,0.612806,0.367432,0.994704,0.976499,3.473514,3.072614,2.718147,3.767872,3.837160,2.950699,2.265760,4.631942,3.604580,3.201530
0.632427,0.249299,0.102903,0.097490,0.782245,0.667887,0.510230,0.166853,0.213630,0.798711,2.282827,2.078387,2.480444,2.078384,2.269110,1.912722,2.130818,2.241658,1.682162,2.373069
0.787806,0.966982,0.028570,0.195139,0.442042,0.792799,0.226702,0.483325,0.552882,0.544282,2.425856,2.637012,2.587805,2.637295,2.257574,2.597175,2.167230,2.982815,1.671802,2.932818
0.813406,0.122851,0.731306,0.590950,0.061303,0.004761,0.805351,0.433151,0.514543,0.122180,2.026806,2.046988,1.937745,1.909889,1.542374,2.127323,2.416935,1.163842,3.020354,1.157690
0.962632,0.209653,0.633104,0.429231,0.188390,0.275377,0.330093,0.990611,0.880423,0.758377,2.023330,3.949172,2.059906,3.862030,1.756718,3.885235,3.175317,2.370919,3.197694,2.461046
0.917604,0.597504,0.408176,0.814517,0.991932,0.994030,0.875364,0.649964,0.596451,0.674346,3.908564,3.238015,3.389594,3.585195,3.339936,3.847301,3.785494,3.142766,3.366802,3.739304
0.837892,0.748300,0.331882,0.406172,0.687982,0.429550,0.096671,0.980816,0.008920,0.600365,2.326959,3.061084,2.344954,3.068113,2.422569,2.866075,3.242348,2.216952,1.766717,3.303522
0.785582,0.234502,0.491868,0.190058,0.881322,0.514438,0.762836,0.601104,0.563997,0.488446,2.452523,2.470327,2.723512,2.441785,2.103806,2.688904,3.094880,1.787394,2.449563,2.251347
0.883714,0.347616,0.792992,0.665227,0.293864,0.082095,0.653415,0.956945,0.503214,0.293598,1.964167,3.142635,2.065980,2.959330,2.049360,2.940629,3.395608,1.422634,3.218782,2.293244
0.412515,0.019461,0.406591,0.447506,0.374648,0.656490,0.102079,0.780344,0.493379,0.372530,1.638979,2.328676,1.580215,2.335511,1.279812,2.404063,2.065003,1.785770,1.415206,2.043126
0.835049,0.524865,0.680499,0.233470,0.571737,0.580770,0.666979,0.634296,0.790343,0.178348,1.689904,3.079557,2.058090,2.934323,2.011414,3.078843,2.900184,2.252798,2.937396,2.216366
0.632966,0.313917,0.198609,0.150539,0.586055,0.056249,0.353380,0.507204,0.196617,0.404578,1.534152,1.530985,1.774516,1.530753,1.687890,1.391416,2.112809,1.222587,1.557048,1.825929
0.708418,0.373841,0.996726,0.212747,0.513122,0.505066,0.125588,0.517260,0.392598,0.387807,1.505793,3.122762,2.648863,2.139458,2.653122,2.049488,3.120192,1.727340,2.389868,1.865120
0.180895,0.347539,0.980699,0.369463,0.933484,0.021683,0.154322,0.191010,0.244682,0.210738,2.232941,1.977537,3.030975,1.077271,3.178487,1.089680,2.883606,1.162294,2.168474,2.061652
0.310912,0.706602,0.206875,0.104180,0.860369,0.499637,0.734670,0.334631,0.571101,0.014723,2.208738,1.795490,2.231277,1.795123,2.448347,2.086632,2.294100,2.105316,1.848695,2.459445
0.347080,0.154865,0.958325,0.816022,0.770283,0.028370,0.071128,0.819795,0.509896,0.782298,2.885164,2.541359,3.255861,2.094910,3.474398,1.853833,3.292467,1.960543,2.581876,2.638217
0.992777,0.357158,0.882997,0.690799,0.448457,0.824732,0.916198,0.512967,0.148935,0.881726,3.268865,3.419662,3.481733,3.040192,3.029117,3.598885,3.931482,2.795586,3.997025,2.706575
0.909911,0.770533,0.844036,0.128042,0.217980,0.295583,0.303486,0.313858,0.644642,0.511956,1.680597,2.829472,2.440860,2.401150,2.317200,2.430121,2.506677,2.196215,2.814789,1.885421
0.075984,0.280153,0.362610,0.123933,0.064050,0.622791,0.728654,0.790546,0.804660,0.589694,1.755554,2.546412,1.925094,2.540173,1.413351,2.969767,1.977615,2.325593,2.199413,1.858348
0.864015,0.706726,0.593832,0.244826,0.223270,0.098198,0.593939,0.554532,0.968050,0.072851,1.562006,2.920304,1.632850,2.847339,1.845123,2.837046,2.374067,2.477122,3.368682,1.893348
0.523763,0.866480,0.569711,0.710045,0.920312,0.222195,0.990728,0.517303,0.808227,0.184034,3.975237,2.156109,3.667762,2.276572,3.132596,3.043605,3.355039,2.586405,3.093412,2.812179
0.522434,0.319251,0.070803,0.823574,0.824171,0.383547,0.652673,0.011167,0.164553,0.755228,3.138546,1.660942,2.619619,2.039829,2.882441,1.603556,2.148350,2.295850,2.290910,2.193427
0.702457,0.528919,0.859009,0.006766,0.483781,0.988173,0.177002,0.228800,0.721733,0.498258,1.410629,3.328030,2.408537,2.860309,2.292319,2.764711,2.351458,2.662962,2.354219,2.759749
0.846773,0.108445,0.907189,0.534308,0.226568,0.036015,0.457065,0.427876,0.925822,0.293625,1.675811,3.194575,2.135224,2.623669,1.934201,2.505568,2.674897,1.851338,3.626919,1.318847
0.611426,0.649409,0.282932,0.693472,0.185105,0.495540,0.943105,0.361649,0.465894,0.475408,2.832446,1.989426,2.438940,2.147991,2.070061,2.645761,2.337401,2.232212,2.518357,1.738721
0.188303,0.557386,0.233128,0.471878,0.794048,0.169147,0.240624,0.939374,0.774974,0.162598,2.056124,2.449402,1.862932,2.472110,2.294358,2.600721,2.687189,1.868222,1.680838,2.934584
0.004674,0.422697,0.992171,0.965875,0.950780,0.734334,0.874850,0.363936,0.377210,0.412702,3.594960,2.767034,3.892655,2.646202,4.218232,2.437294,3.630472,2.844176,3.767970,2.480414
0.204100,0.023241,0.604054,0.464527,0.433707,0.381027,0.529915,0.036990,0.781851,0.962866,2.552074,1.981047,2.450231,1.922254,2.251539,2.035890,1.602855,2.669557,2.288929,2.282993
0.681549,0.207879,0.811361,0.695110,0.994000,0.520002,0.290272,0.482347,0.950491,0.301054,2.775337,3.248963,2.830701,3.059626,2.891608,2.753487,2.901961,2.568973,3.275991,2.225026
0.955196,0.241509,0.896281,0.109135,0.013133,0.020600,0.861559,0.257134,0.119063,0.381206,1.806263,2.517447,2.653186,1.939073,1.842488,2.358956,3.080145,1.134539,3.498673,1.096511
0.922213,0.918417,0.278479,0.842425,0.110187,0.135115,0.299834,0.590347,0.472917,0.017593,2.505584,2.214493,1.712842,2.637103,2.530085,2.290241,2.252773,2.452914,2.722203,2.159750
0.105148,0.363031,0.826518,0.297477,0.483934,0.094680,0.085965,0.805882,0.676528,0.692108,1.896185,2.222866,2.497281,1.839485,2.238712,2.075874,2.520307,1.769811,1.937263,2.297989
0.373991,0.515203,0.296420,0.125747,0.373761,0.685536,0.897265,0.452258,0.204907,0.539797,2.153800,1.878133,2.389998,1.875876,1.744079,2.421161,2.281056,2.110050,2.007043,1.998390
0.110115,0.809542,0.124186,0.722866,0.938594,0.344941,0.862732,0.128884,0.181239,0.058934,3.454888,1.363325,2.843494,1.560670,3.068266,1.858023,2.510562,2.198957,2.256220,2.610251
0.203515,0.725131,0.346888,0.049162,0.169240,0.402402,0.880595,0.379402,0.532684,0.469997,2.076710,1.620714,2.342184,1.615691,1.807710,2.272001,1.927956,2.112554,2.045650,1.798822
0.974116,0.832838,0.513369,0.746535,0.073800,0.190943,0.702896,0.421416,0.735517,0.942777,3.280546,2.604944,2.728302,2.801159,3.080011,2.878757,2.455485,3.247066,3.498171,2.588395
0.987110,0.879111,0.465308,0.261728,0.074784,0.648625,0.893146,0.070053,0.047069,0.228983,2.475993,2.644953,2.496734,2.624368,1.927194,3.168960,2.699673,2.434701,3.077017,2.025595
0.704589,0.693138,0.314326,0.878615,0.936737,0.396247,0.475641,0.250352,0.401768,0.612759,3.287227,1.964542,2.732465,2.485065,3.392922,1.844159,2.403454,2.656409,2.509627,2.543908
0.083929,0.334708,0.901372,0.072123,0.017392,0.387801,0.966476,0.055349,0.991159,0.022558,1.949336,2.963567,2.631898,2.368566,1.930389,3.213664,2.488548,2.464945,3.735940,1.152208
0.433524,0.671359,0.048316,0.317070,0.770629,0.206013,0.818105,0.651225,0.034987,0.609125,2.730100,1.573855,2.787451,1.577059,2.434770,1.885216,2.724158,1.885947,1.887638,2.583189
0.267675,0.003426,0.790463,0.968498,0.566050,0.576203,0.907847,0.952055,0.061148,0.919284,3.674232,2.778266,3.412885,3.321762,3.255050,3.064710,3.479527,3.205204,3.446253,3.195762
0.872500,0.899341,0.886709,0.006605,0.776625,0.360558,0.462550,0.802881,0.961159,0.407327,2.275044,3.973450,3.341757,3.425291,3.078174,3.402620,3.679373,3.090410,3.648621,3.131103
0.541161,0.081164,0.128255,0.482532,0.159693,0.205553,0.188045,0.942491,0.382054,0.318163,1.589086,2.343268,1.347029,2.369393,1.229299,2.274723,2.207750,1.291813,1.410750,2.008531
0.045373,0.807606,0.448106,0.941960,0.797565,0.947877,0.564521,0.415742,0.471871,0.157184,2.919123,2.102946,2.328390,2.826467,3.298186,2.299734,2.090127,3.395156,2.624510,3.328998
0.450074,0.905611,0.822967,0.971799,0.852185,0.372763,0.120057,0.764484,0.610275,0.958968,4.119627,2.521678,3.851897,3.010909,4.772787,2.233048,2.905493,4.080216,2.840775,3.949416
0.334565,0.862027,0.479201,0.654553,0.616465,0.444453,0.557358,0.245603,0.372986,0.922902,3.313077,1.637183,2.985473,1.732064,3.273238,1.664702,1.836007,3.113129,2.087176,3.082936
0.920028,0.082784,0.536159,0.325765,0.778613,0.236543,0.137449,0.226825,0.408655,0.706871,2.297817,2.198194,2.467597,2.157556,2.017566,2.131742,2.653485,1.628153,2.187363,1.976749
0.520394,0.100228,0.782643,0.916378,0.738305,0.171061,0.328792,0.813051,0.258324,0.473869,2.555074,2.189741,2.510053,2.542310,2.758916,1.852442,2.845614,1.938179,2.785339,2.310570
0.324847,0.285606,0.383229,0.521358,0.623423,0.916672,0.121207,0.365894,0.149342,0.887678,2.553744,2.051718,2.334733,2.081971,2.445141,1.999122,1.800063,2.736725,1.420994,3.011221
0.322139,0.246599,0.253692,0.317898,0.940730,0.183821,0.910706,0.009641,0.614690,0.503605,3.092828,1.520902,3.093697,1.523097,2.229071,2.198889,2.663182,1.518368,2.105717,2.035077
0.666203,0.289966,0.642286,0.190238,0.563174,0.178271,0.659919,0.312908,0.843277,0.283004,1.640652,2.340658,2.056836,2.231601,1.729736,2.242163,2.255723,1.790954,2.702750,1.680717
0.652829,0.506558,0.689661,0.185122,0.468429,0.988058,0.461711,0.052921,0.122498,0.882969,2.146341,2.572109,2.509218,2.416307,2.496177,2.205829,1.950920,2.933495,2.125350,3.214955
0.566492,0.537832,0.870824,0.853415,0.714516,0.437761,0.919411,0.351125,0.888892,0.171395,3.007136,2.976997,3.101864,2.928902,3.171569,3.031137,3.234943,2.809051,3.957223,2.083941
0.513158,0.635767,0.102824,0.524366,0.017394,0.063870,0.779177,0.480562,0.584672,0.518106,2.265266,1.580411,1.991957,1.620043,1.852318,1.873233,1.752067,1.763646,2.071595,1.569924
0.371823,0.435322,0.481585,0.400415,0.940397,0.198071,0.717978,0.453173,0.008558,0.583083,2.853404,1.404403,2.860487,1.388792,2.525362,1.501113,2.488804,1.596109,2.033215,2.291906
0.700454,0.428700,0.635776,0.290394,0.688290,0.229916,0.956122,0.506804,0.719933,0.938167,3.346808,2.263545,3.519083,2.161732,2.805484,2.918153,3.228391,2.510137,2.818946,2.731816
0.384451,0.679048,0.794362,0.745461,0.278016,0.110224,0.481520,0.609006,0.889099,0.574601,2.295254,2.414710,2.351283,2.328625,2.595907,2.174326,2.075782,2.616140,3.104224,2.027779
0.428002,0.702692,0.086553,0.035373,0.433559,0.712737,0.678647,0.120200,0.946741,0.836951,2.200802,2.744717,2.409017,2.744712,2.381396,2.788301,1.738534,3.596171,2.480338,2.597806
0.156101,0.343510,0.662134,0.056011,0.175702,0.550357,0.079994,0.138280,0.748777,0.618433,1.448718,2.122176,1.944422,1.994905,1.648103,2.114265,1.325939,2.219229,1.754561,1.478551
0.875402,0.564820,0.985535,0.519629,0.060431,0.957182,0.988565,0.442600,0.526844,0.604840,2.898204,3.837859,3.578246,2.946004,2.772351,3.852828,3.811949,2.612400,3.728002,2.386520
0.713426,0.243741,0.854796,0.883295,0.569368,0.844594,0.518583,0.758499,0.872009,0.222474,2.190550,3.804007,2.244417,3.885326,2.715892,3.337937,3.036495,3.030909,3.701676,2.574554
0.296090,0.887619,0.095882,0.725764,0.920981,0.010982,0.237014,0.889118,0.038951,0.000854,3.061080,1.723657,2.404076,1.925011,3.118118,1.723808,2.740634,2.000214,1.636177,3.411725
0.981123,0.478062,0.076826,0.142082,0.384545,0.317244,0.439034,0.286706,0.562124,0.124299,1.276519,2.464227,1.334750,2.464283,1.629046,2.599709,2.448332,1.647611,2.430533,1.646814
0.753445,0.073154,0.518043,0.534989,0.021590,0.274403,0.364514,0.150884,0.556424,0.053758,1.555545,2.052184,1.210907,2.058698,1.264059,1.916140,1.527035,1.419592,2.161600,1.036047
0.644662,0.542927,0.060080,0.543295,0.703309,0.207710,0.095504,0.855777,0.916296,0.597103,2.294971,2.928963,2.139220,2.976297,2.325050,2.846762,2.703661,2.467626,2.078113,2.702572
0.157019,0.472347,0.883125,0.268661,0.638219,0.676858,0.939810,0.468001,0.140730,0.061242,2.336005,2.289440,2.960955,1.753671,2.436245,2.532939,3.178403,1.901991,2.739774,2.173725
0.219369,0.917014,0.919737,0.523300,0.589414,0.599036,0.791578,0.572295,0.363340,0.617964,3.151024,2.460535,3.784470,1.841638,3.211696,2.231597,2.978254,2.732608,2.789443,2.836656
0.998995,0.497329,0.528194,0.340588,0.034242,0.608065,0.743365,0.048504,0.534456,0.273961,1.751464,2.799838,1.758276,2.763309,1.584755,3.116801,2.380052,1.962138,3.101456,1.419945
0.227534,0.350884,0.558146,0.544014,0.853571,0.791800,0.120568,0.960573,0.469187,0.881293,2.948119,2.852401,2.789284,2.845883,2.897865,2.900964,2.842430,2.695509,1.618514,3.787695
0.326469,0.742792,0.317862,0.372844,0.697026,0.837716,0.904332,0.342817,0.024404,0.374408,2.746614,1.961369,2.787310,1.965329,2.303363,2.494798,2.521414,2.449145,2.068558,2.788890
0.470948,0.552915,0.316495,0.331328,0.259009,0.285586,0.379535,0.073903,0.340457,0.430539,1.606493,1.550046,1.601753,1.550863,1.693908,1.458967,1.392848,1.688535,1.569842,1.586572
0.026558,0.242926,0.360071,0.684883,0.787291,0.939678,0.043725,0.143365,0.950364,0.524326,2.448633,2.805218,2.191685,2.949854,2.265638,2.845816,1.813919,3.109280,2.269894,2.668557
0.628027,0.968348,0.667614,0.494737,0.660879,0.411368,0.533263,0.770268,0.044722,0.218924,2.763625,2.290520,2.885560,2.187534,2.661126,2.069065,2.715387,2.389203,2.255630,3.084726
0.168757,0.641705,0.046805,0.662806,0.778211,0.780107,0.682306,0.274285,0.233260,0.976431,3.413058,1.826938,2.907687,1.954855,3.447499,2.003839,2.074979,3.253716,1.977177,3.468564
0.942686,0.838347,0.661319,0.164942,0.368205,0.712162,0.976299,0.433072,0.931723,0.844562,3.250773,3.571318,3.591987,3.444950,2.613676,4.338182,3.428482,3.771134,3.909994,2.839173
0.908182,0.535303,0.421792,0.748584,0.272862,0.193794,0.387074,0.379907,0.286614,0.291253,1.920130,2.076315,1.507149,2.298038,2.049793,2.019750,2.202053,1.746872,2.666694,1.617749
0.717988,0.107672,0.570855,0.068118,0.920320,0.684707,0.361695,0.345945,0.477774,0.847008,2.582171,2.384220,2.897154,2.323599,2.530295,2.226315,2.487863,2.356071,1.978530,2.629062
0.189980,0.409239,0.493820,0.913558,0.297470,0.423258,0.444380,0.200649,0.506933,0.856203,2.723440,1.620609,2.115588,2.227571,2.826951,1.706949,1.412949,2.920771,2.485464,1.965253
0.630395,0.176282,0.078712,0.936743,0.995282,0.160479,0.129823,0.393899,0.993083,0.983485,3.890350,2.561345,2.975012,3.282617,3.924406,2.365770,2.401243,3.836714,3.081811,3.008242
0.813571,0.352691,0.157719,0.976486,0.012555,0.038691,0.215907,0.094322,0.133308,0.128065,2.000519,1.703135,1.139776,2.590866,2.284318,1.495879,1.562223,2.053328,2.610035,1.137822
0.437164,0.534280,0.917089,0.217833,0.728559,0.248736,0.658058,0.493653,0.764475,0.283197,1.915811,2.594732,2.816375,1.946503,2.730567,2.113385,2.892044,1.898944,2.807077,2.139964
0.584082,0.682028,0.509268,0.435301,0.508584,0.315861,0.448659,0.466944,0.652167,0.052398,1.757689,2.016189,1.631230,1.997562,2.057433,1.977557,2.000656,1.977695,2.024857,2.085511
0.976823,0.154175,0.252546,0.848526,0.169205,0.665744,0.467172,0.078904,0.520082,0.558784,2.213330,2.761668,1.651241,3.200512,1.892262,2.869440,2.156160,2.377021,3.090405,1.444383
0.370792,0.281602,0.637183,0.722137,0.216340,0.546729,0.735818,0.166995,0.094627,0.143635,2.047810,1.790874,1.744052,1.882222,1.810445,1.794945,1.693384,1.825454,2.537313,1.389707
0.900155,0.119447,0.645556,0.783520,0.769012,0.150937,0.397231,0.188648,0.905961,0.561037,2.577983,2.818179,2.446369,3.001354,2.403024,2.644857,2.670991,2.310744,3.561835,1.846097
0.827770,0.324719,0.833221,0.955654,0.064717,0.723952,0.030404,0.875777,0.696584,0.635394,2.363262,3.737032,2.221665,4.132507,2.766285,3.350392,2.800501,3.118450,3.230948,2.220122
0.373175,0.422068,0.560173,0.085558,0.460428,0.472042,0.394143,0.974183,0.707906,0.149129,1.242933,2.921875,1.574429,2.866721,1.690341,2.926609,2.540720,1.904636,1.905734,2.612824
0.167382,0.242803,0.291633,0.230222,0.794797,0.100679,0.472371,0.682612,0.175550,0.694928,2.265855,1.353333,2.402067,1.351870,2.122033,1.473869,2.317344,1.496826,1.570575,2.333990
0.260060,0.329801,0.846069,0.549953,0.998268,0.779288,0.147463,0.397608,0.438089,0.274092,2.624266,2.389532,2.880650,2.006298,2.931857,2.038712,2.607961,1.995790,2.050339,2.540243
0.370761,0.566810,0.747217,0.578642,0.556399,0.589270,0.586881,0.986904,0.123712,0.142974,1.948469,2.910197,2.046886,2.742133,2.303487,2.654317,2.932910,1.978572,2.357884,2.959531
0.562785,0.193758,0.742568,0.588949,0.946812,0.182488,0.361831,0.805374,0.110759,0.810776,3.112492,2.147068,3.134100,1.992148,2.952390,1.823660,3.016607,1.824007,2.217855,2.858201
0.696371,0.470546,0.304590,0.906259,0.221876,0.695606,0.487396,0.715777,0.585912,0.713300,2.505479,2.646788,1.870288,3.255477,2.525586,2.668282,2.130959,3.009104,2.628696,2.228791
0.371948,0.207478,0.357835,0.712244,0.794930,0.538096,0.981297,0.848517,0.131459,0.959218,4.062314,2.202954,3.564595,2.380379,3.053157,3.095350,3.499495,2.647310,2.489836,3.344790
0.132206,0.096374,0.533972,0.490072,0.135348,0.166352,0.171186,0.846762,0.261736,0.973312,2.440755,1.759269,2.144748,1.744127,2.173251,1.842444,1.898935,2.130655,1.575547,2.626032
0.709162,0.239679,0.589637,0.529790,0.580829,0.631577,0.647682,0.119508,0.107133,0.559855,2.215942,2.207194,2.278982,2.177658,1.895257,2.011656,2.199003,1.906371,2.396987,1.854097
0.423261,0.672741,0.524702,0.151171,0.063723,0.294355,0.200425,0.607169,0.931099,0.033019,1.291930,2.456394,1.320947,2.416703,1.720028,2.417555,1.549589,2.498645,2.211096,1.747646
0.807016,0.322938,0.254264,0.153560,0.606291,0.032071,0.638193,0.465896,0.839108,0.222906,1.595511,2.322341,1.776332,2.321363,1.697679,2.367326,2.515889,1.643279,2.546620,1.812258
0.115778,0.343850,0.130882,0.218334,0.526608,0.448116,0.499232,0.844152,0.151883,0.237902,1.487892,1.972850,1.584384,1.973308,1.634816,2.103911,2.302908,1.580842,1.527030,2.287463
0.724580,0.841461,0.420799,0.920890,0.931163,0.406084,0.921110,0.421229,0.279169,0.647943,4.289817,1.997534,3.731238,2.646614,3.678926,2.497468,3.222063,3.054515,3.156468,2.855358
0.245747,0.463421,0.814997,0.619145,0.061360,0.351074,0.218217,0.949125,0.297660,0.003540,1.643030,2.608917,1.572283,2.340334,2.064096,2.298827,2.338874,1.664667,2.125763,2.146319
0.743496,0.060926,0.333720,0.646038,0.905192,0.367804,0.329116,0.281594,0.647096,0.072137,2.404665,2.201977,1.940409,2.310374,2.154099,2.118300,2.411353,1.659764,2.129151,1.949536
0.976658,0.070459,0.604962,0.131986,0.512321,0.094980,0.599778,0.901860,0.107227,0.559714,1.709146,2.792642,2.173000,2.711654,1.514404,2.827473,3.467705,1.275464,2.877920,2.305828
0.409859,0.397715,0.081521,0.981897,0.390886,0.231885,0.846419,0.581840,0.635229,0.534175,2.850181,1.770806,2.210725,2.683504,2.578598,2.295032,2.311542,2.618013,2.931382,1.792421
0.986013,0.596288,0.136821,0.956084,0.612224,0.256100,0.207125,0.276941,0.836114,0.620100,2.647305,2.818768,2.074703,3.617600,2.992966,2.922023,2.649431,3.137703,3.453641,2.085011
0.329899,0.453663,0.354956,0.960897,0.004630,0.153988,0.690579,0.647858,0.154511,0.231459,2.261119,1.448309,1.522851,2.261864,2.349408,1.618685,1.693321,2.191958,2.715723,1.483586
0.093719,0.904697,0.266496,0.273289,0.610854,0.149748,0.915973,0.977057,0.013493,0.078915,2.817446,2.071216,2.780978,2.071396,2.299634,2.727528,3.271595,1.970241,2.007482,3.362575
0.128377,0.532289,0.963360,0.569246,0.273447,0.495972,0.422031,0.597240,0.037885,0.088064,1.671901,2.469479,2.131348,1.699511,2.621322,1.724100,2.493722,1.839761,2.534823,1.830327
0.193404,0.568700,0.956845,0.911355,0.702255,0.592272,0.243027,0.658648,0.782353,0.539320,2.611522,3.098798,2.971500,2.925426,3.705471,2.492328,2.948858,3.075892,3.210021,2.480087
0.958451,0.118675,0.530619,0.300040,0.430856,0.992274,0.821506,0.018459,0.875602,0.102830,1.846074,3.624272,1.893343,3.584640,1.373499,3.976996,2.809176,2.597672,3.488628,2.414410
0.347402,0.819987,0.843639,0.489711,0.863815,0.890920,0.094344,0.704423,0.385303,0.379316,2.648938,2.742387,3.096722,2.343201,3.131656,2.403496,2.829384,2.668079,1.946570,3.523610
0.063843,0.284977,0.142125,0.136614,0.815048,0.911674,0.637446,0.575609,0.681365,0.175200,1.875737,2.341914,2.009364,2.341904,1.952830,2.671912,2.311802,2.213848,1.807071,2.777949
0.086250,0.332113,0.893781,0.452652,0.439866,0.774117,0.129621,0.803569,0.069427,0.506417,1.798539,2.769218,2.418214,2.217852,2.254481,2.297912,2.656882,2.033317,2.021268,2.461464
0.260341,0.920322,0.196596,0.622936,0.020334,0.811518,0.185912,0.469342,0.648176,0.375305,2.425229,2.200433,2.044747,2.293943,2.182599,2.339854,1.259749,2.981688,1.585297,2.411862
0.150472,0.716862,0.859822,0.185509,0.620812,0.393038,0.751582,0.393507,0.472755,0.098664,1.942905,2.015258,2.628129,1.545537,2.578688,1.917800,2.568091,1.958060,2.521387,2.219509
0.179766,0.364446,0.637877,0.105511,0.572264,0.856573,0.706418,0.361525,0.594528,0.766574,2.136012,2.221720,2.609061,2.116128,2.144028,2.434249,2.063406,2.564810,2.189802,2.555388
0.273810,0.118632,0.881924,0.258318,0.117381,0.742166,0.119599,0.201567,0.335244,0.663359,1.700209,2.389993,2.363317,1.857617,1.876814,1.868390,1.712269,2.061929,1.924481,1.571489
0.746268,0.287849,0.225985,0.300177,0.955783,0.096245,0.454657,0.392871,0.220435,0.520572,2.489006,1.688284,2.490340,1.690132,2.302445,1.535058,2.569058,1.324972,1.843449,2.137594
0.439754,0.884239,0.496435,0.422505,0.125825,0.276888,0.406702,0.729653,0.212382,0.654911,2.421332,1.793445,2.361014,1.776757,2.189607,1.758980,1.800770,2.355162,1.766400,2.422523
0.124581,0.528059,0.437801,0.223794,0.918277,0.425673,0.136201,0.690541,0.914892,0.663046,2.479150,2.450449,2.631597,2.434926,2.591860,2.592269,2.413485,2.697190,1.980306,2.687389
0.239114,0.733629,0.928993,0.929853,0.836913,0.045656,0.604456,0.446789,0.761280,0.091580,2.870437,2.275807,2.939753,2.279016,3.930026,1.798352,2.875626,2.615650,3.530423,2.464324
0.368144,0.922554,0.087684,0.968289,0.172324,0.322609,0.847313,0.968562,0.358191,0.054040,3.160042,2.384153,2.268125,3.235337,2.860116,2.814632,2.675771,3.041522,2.787119,2.942881
0.788279,0.984830,0.401690,0.804162,0.565023,0.196291,0.406783,0.073727,0.549917,0.081510,2.944986,1.994461,2.419372,2.320297,2.834616,1.896355,2.098121,2.594467,2.524579,2.536801
0.908074,0.855395,0.541737,0.701309,0.357707,0.059338,0.854523,0.833706,0.015826,0.683940,3.206024,2.413716,2.962053,2.536703,2.593748,2.774668,3.381434,2.280614,3.172892,2.818553
0.371395,0.083305,0.526111,0.723501,0.554843,0.394150,0.925080,0.476336,0.084521,0.005182,2.626690,1.624478,2.191009,1.782413,1.810183,2.205880,2.605624,1.599383,2.599624,1.693996
0.043618,0.908121,0.625713,0.732879,0.218154,0.950907,0.184067,0.543303,0.831431,0.304178,2.454549,2.710602,2.215510,2.826116,2.453823,2.802770,1.610476,3.493026,2.366537,3.023433
0.107353,0.004701,0.573809,0.677942,0.926322,0.336420,0.109170,0.666999,0.647924,0.756839,3.045740,1.880079,2.803984,1.961078,2.564671,2.053114,2.434795,2.089407,1.864333,2.484216
