0.553533,0.937812,0.776026,0.219611,0.007750,0.903243,0.834092,0.337246,0.984808,0.805536,3.006230,3.531636,2.423985,4.034264,3.653646,3.090706,0.000000,0.000000,0.000000,0.000000
0.765655,0.780966,0.535409,0.299267,0.156882,0.297589,0.181716,0.584358,0.111175,0.922551,2.059402,2.461551,1.878373,2.759371,2.223152,2.361179,0.000000,0.000000,0.000000,0.000000
0.787217,0.198269,0.797832,0.667211,0.979086,0.198228,0.752309,0.706824,0.195494,0.907388,3.863819,2.557697,3.734467,2.241763,3.870964,2.106159,0.000000,0.000000,0.000000,0.000000
0.783315,0.645904,0.673649,0.918034,0.450734,0.804741,0.371626,0.603772,0.500703,0.167400,2.597884,2.647882,2.820290,2.815667,2.110528,3.162196,0.000000,0.000000,0.000000,0.000000
0.929953,0.310740,0.970262,0.034838,0.493885,0.330759,0.787636,0.070417,0.557159,0.483440,1.965293,3.054295,2.517153,2.464212,2.954827,2.425427,0.000000,0.000000,0.000000,0.000000
0.602954,0.575115,0.286109,0.887822,0.472535,0.768390,0.123087,0.853276,0.478197,0.162727,2.233342,2.412472,2.592483,2.394914,1.618609,3.104701,0.000000,0.000000,0.000000,0.000000
0.350423,0.481595,0.073000,0.450926,0.249281,0.157250,0.377475,0.883342,0.873676,0.610051,1.811805,2.743478,1.943107,2.209072,1.670739,2.915436,0.000000,0.000000,0.000000,0.000000
0.517271,0.090757,0.733024,0.663093,0.080769,0.735872,0.621008,0.144882,0.018857,0.506074,2.406134,1.495347,1.959654,1.530362,2.576123,1.358154,0.000000,0.000000,0.000000,0.000000
0.020638,0.433509,0.399475,0.437948,0.146443,0.835676,0.700292,0.742435,0.696036,0.851558,2.917617,2.272401,2.161767,2.915352,2.842334,2.237927,0.000000,0.000000,0.000000,0.000000
0.487096,0.037519,0.901520,0.441669,0.637089,0.473658,0.357358,0.295374,0.672209,0.227326,1.752758,2.458304,2.399811,1.836783,2.240989,1.629371,0.000000,0.000000,0.000000,0.000000
0.584535,0.423919,0.081787,0.724209,0.477397,0.890863,0.741147,0.820039,0.593088,0.167765,2.883408,2.403816,2.436473,2.596697,2.236222,2.626818,0.000000,0.000000,0.000000,0.000000
0.278414,0.214689,0.585168,0.387569,0.192754,0.585268,0.974890,0.481544,0.864493,0.219781,2.205767,2.321211,2.743151,2.117583,2.606346,2.046134,0.000000,0.000000,0.000000,0.000000
0.866525,0.151464,0.318650,0.780498,0.539904,0.030871,0.072348,0.281309,0.265407,0.511263,1.900134,2.006206,1.829895,1.887109,1.659057,2.168452,0.000000,0.000000,0.000000,0.000000
0.585440,0.601216,0.587904,0.062088,0.693540,0.838118,0.288745,0.557884,0.605047,0.607408,2.161608,2.325504,2.244059,2.755388,2.630995,2.264819,0.000000,0.000000,0.000000,0.000000
0.828825,0.038304,0.163658,0.555172,0.372589,0.504647,0.709408,0.139156,0.531173,0.823496,2.628075,1.990782,1.523673,2.511770,2.279333,1.942926,0.000000,0.000000,0.000000,0.000000
0.560115,0.573612,0.536112,0.727429,0.563077,0.791353,0.417708,0.285214,0.595665,0.734232,2.753556,1.968304,1.985281,2.732085,2.543309,2.314453,0.000000,0.000000,0.000000,0.000000
0.931054,0.153772,0.047371,0.861303,0.329118,0.441503,0.094228,0.551679,0.097176,0.640841,2.127759,2.368776,2.063653,2.066411,1.685779,2.536940,0.000000,0.000000,0.000000,0.000000
0.281332,0.283894,0.108331,0.701462,0.765003,0.274672,0.538544,0.887661,0.850033,0.032501,2.374683,2.638995,2.601047,1.957616,1.468131,2.819402,0.000000,0.000000,0.000000,0.000000
0.504454,0.271610,0.363432,0.841850,0.025747,0.580904,0.112212,0.157601,0.822057,0.579137,2.081315,1.973531,1.712697,2.221760,1.826506,2.499211,0.000000,0.000000,0.000000,0.000000
0.301751,0.773354,0.317035,0.979166,0.754141,0.459439,0.597823,0.518060,0.617461,0.442651,2.987246,2.287693,3.075285,2.337804,2.045305,3.154202,0.000000,0.000000,0.000000,0.000000
0.227271,0.755821,0.521288,0.196823,0.277574,0.675774,0.290869,0.772697,0.739613,0.845410,2.080705,2.696303,2.073278,3.054008,2.351956,2.671365,0.000000,0.000000,0.000000,0.000000
0.690381,0.576517,0.410814,0.158406,0.024761,0.037826,0.437603,0.260218,0.247397,0.740311,1.868431,1.772650,1.465772,2.029363,1.992880,1.971461,0.000000,0.000000,0.000000,0.000000
0.616408,0.292866,0.226835,0.672596,0.991830,0.084738,0.781319,0.951406,0.662075,0.039712,3.201490,2.631916,3.488859,1.892823,2.527994,2.922406,0.000000,0.000000,0.000000,0.000000
0.431605,0.311338,0.292754,0.433733,0.374029,0.229821,0.027932,0.985083,0.462219,0.129504,1.238440,2.290676,2.138464,1.606027,1.225341,2.562389,0.000000,0.000000,0.000000,0.000000
0.061034,0.163314,0.452108,0.037270,0.239213,0.491987,0.299380,0.268767,0.119348,0.680690,1.648259,1.302838,1.494890,1.411252,1.971296,1.183003,0.000000,0.000000,0.000000,0.000000
0.106388,0.268744,0.893207,0.764673,0.143883,0.505711,0.892465,0.317879,0.103145,0.261680,2.528613,1.903477,3.014522,1.306056,2.835807,1.552242,0.000000,0.000000,0.000000,0.000000
0.685202,0.463089,0.829521,0.027111,0.493550,0.382495,0.466912,0.492443,0.583866,0.126480,1.537194,2.593804,2.348299,2.074742,1.967065,2.184499,0.000000,0.000000,0.000000,0.000000
0.425106,0.372911,0.818961,0.992720,0.364780,0.393189,0.171057,0.505787,0.158277,0.335246,2.221332,1.995397,3.190005,1.395018,2.041308,2.504355,0.000000,0.000000,0.000000,0.000000
0.424378,0.670834,0.769401,0.356245,0.647741,0.580282,0.392836,0.280813,0.416061,0.252937,1.777762,2.002494,2.174116,2.094946,2.132950,1.932326,0.000000,0.000000,0.000000,0.000000
0.723038,0.770077,0.056153,0.146351,0.157622,0.264976,0.450539,0.773394,0.335567,0.309076,1.503407,2.615664,1.821734,2.223314,1.408710,2.618512,0.000000,0.000000,0.000000,0.000000
0.773474,0.247038,0.106794,0.521091,0.736728,0.918000,0.086252,0.623835,0.393011,0.637244,2.563107,2.244771,2.073589,2.690660,2.576513,2.054110,0.000000,0.000000,0.000000,0.000000
0.343702,0.574403,0.373807,0.119118,0.761305,0.097237,0.818210,0.807778,0.224028,0.243013,2.182678,2.014727,2.836962,1.569689,2.186336,2.090981,0.000000,0.000000,0.000000,0.000000
0.590064,0.343355,0.703603,0.609515,0.867376,0.055948,0.889694,0.189691,0.564547,0.770685,3.284973,1.900189,3.047996,2.075726,3.460945,1.952933,0.000000,0.000000,0.000000,0.000000
0.896786,0.251824,0.141001,0.699519,0.836609,0.289537,0.640338,0.036314,0.290346,0.869767,3.279555,1.845910,1.977370,2.522567,2.569074,2.224838,0.000000,0.000000,0.000000,0.000000
0.438454,0.929843,0.637179,0.290223,0.857924,0.952650,0.861771,0.214226,0.236536,0.801593,3.787446,2.207039,2.805270,3.333628,4.135994,2.074247,0.000000,0.000000,0.000000,0.000000
0.698370,0.897908,0.056056,0.189595,0.923853,0.283380,0.478406,0.319362,0.941264,0.891025,2.952058,3.195970,2.163645,3.569760,2.683110,3.135142,0.000000,0.000000,0.000000,0.000000
0.402605,0.247635,0.064743,0.956676,0.394366,0.820062,0.880822,0.637388,0.004717,0.277817,3.212561,1.706431,3.106208,1.645461,2.427189,2.279322,0.000000,0.000000,0.000000,0.000000
0.154973,0.520971,0.587605,0.639324,0.345119,0.589433,0.969411,0.187669,0.196964,0.359719,2.510028,1.373903,2.564008,1.679762,2.741614,1.671536,0.000000,0.000000,0.000000,0.000000
0.124801,0.695656,0.123811,0.005904,0.381640,0.303852,0.375267,0.089556,0.058284,0.127685,1.401188,1.329121,1.180303,1.570551,1.212482,1.701061,0.000000,0.000000,0.000000,0.000000
0.932460,0.095160,0.946068,0.663259,0.516941,0.881978,0.645116,0.305330,0.565205,0.455899,2.784884,3.193527,2.640074,3.036031,3.261446,2.362421,0.000000,0.000000,0.000000,0.000000
0.620813,0.468341,0.186542,0.241326,0.058172,0.354672,0.084584,0.710641,0.456292,0.589513,1.353316,2.206447,1.746506,1.939987,1.640740,2.171664,0.000000,0.000000,0.000000,0.000000
0.450621,0.031638,0.471713,0.936414,0.537013,0.331428,0.446824,0.040413,0.524688,0.197998,2.418620,1.430569,2.177662,1.603632,1.566446,2.118451,0.000000,0.000000,0.000000,0.000000
0.334366,0.155604,0.995054,0.873414,0.775832,0.850381,0.485282,0.557956,0.253646,0.590681,3.261226,2.635775,3.578811,1.977214,3.499125,1.862516,0.000000,0.000000,0.000000,0.000000
0.202638,0.228558,0.543835,0.600562,0.730432,0.333115,0.442789,0.866881,0.743897,0.344189,2.132994,2.478884,2.668909,1.839617,1.946993,2.433112,0.000000,0.000000,0.000000,0.000000
0.013661,0.593637,0.428856,0.115329,0.347293,0.920217,0.578685,0.003159,0.587804,0.232553,2.278970,1.487371,1.341126,2.720129,2.332380,1.939174,0.000000,0.000000,0.000000,0.000000
0.381918,0.967894,0.611298,0.622959,0.209963,0.021873,0.348707,0.961222,0.872690,0.096635,1.739632,3.741509,2.452770,2.830804,1.513130,3.732690,0.000000,0.000000,0.000000,0.000000
0.388847,0.383227,0.773456,0.743159,0.019330,0.270950,0.687441,0.148474,0.572541,0.757484,2.675817,1.833448,2.196721,2.011540,2.685976,1.996988,0.000000,0.000000,0.000000,0.000000
0.144428,0.704260,0.989906,0.353659,0.753611,0.281282,0.118212,0.314494,0.945052,0.660935,1.856311,3.407167,2.728133,2.589847,2.891834,2.615711,0.000000,0.000000,0.000000,0.000000
0.446514,0.411481,0.851970,0.144750,0.812412,0.853206,0.587306,0.520761,0.222121,0.738410,2.898629,2.136662,2.901855,2.271814,3.550668,1.623450,0.000000,0.000000,0.000000,0.000000
0.833917,0.369461,0.080214,0.475074,0.779120,0.170402,0.186296,0.825104,0.869307,0.062671,1.780864,3.179355,2.329889,2.494362,1.363506,3.192759,0.000000,0.000000,0.000000,0.000000
0.063215,0.362819,0.100918,0.616553,0.998554,0.087028,0.675988,0.032592,0.961537,0.598264,3.264488,1.974738,2.336351,2.170492,2.910194,2.376722,0.000000,0.000000,0.000000,0.000000
0.627358,0.230596,0.174188,0.369136,0.932100,0.777166,0.534218,0.262371,0.442580,0.536583,2.863316,1.708150,2.190831,2.164539,2.787763,1.684980,0.000000,0.000000,0.000000,0.000000
0.454211,0.182223,0.220627,0.528820,0.545705,0.483840,0.926454,0.965563,0.261886,0.832356,2.897971,2.129480,2.954810,1.850448,2.779419,2.255076,0.000000,0.000000,0.000000,0.000000
0.588103,0.606546,0.788563,0.909332,0.223614,0.917650,0.625794,0.503973,0.696295,0.875095,3.776026,2.632471,2.912096,3.469740,3.451660,2.981033,0.000000,0.000000,0.000000,0.000000
0.388227,0.399022,0.106710,0.812205,0.982375,0.624184,0.764337,0.393969,0.678073,0.684462,3.770766,1.937630,3.048161,2.253420,3.209104,2.294860,0.000000,0.000000,0.000000,0.000000
0.188742,0.783231,0.608316,0.831065,0.887883,0.599613,0.096227,0.189648,0.446351,0.884103,3.176929,1.855223,2.656170,2.816803,2.936104,2.386915,0.000000,0.000000,0.000000,0.000000
0.679881,0.924570,0.806409,0.028751,0.741969,0.957726,0.159491,0.416447,0.867893,0.939255,3.097762,3.555704,2.475856,4.545853,3.659805,3.022154,0.000000,0.000000,0.000000,0.000000
0.486634,0.400994,0.391310,0.988080,0.452192,0.024419,0.571760,0.296714,0.345294,0.201582,2.598065,1.566213,2.590975,1.562518,1.560527,2.585018,0.000000,0.000000,0.000000,0.000000
0.824600,0.568746,0.304858,0.242846,0.559230,0.164942,0.486413,0.968379,0.350272,0.090855,1.644064,2.759036,2.293033,2.140591,1.354313,3.132369,0.000000,0.000000,0.000000,0.000000
0.243590,0.434711,0.501749,0.773903,0.605406,0.517108,0.296620,0.218368,0.022326,0.759039,2.504168,1.300832,1.977361,1.605049,2.189718,1.729546,0.000000,0.000000,0.000000,0.000000
0.572720,0.439195,0.547612,0.482258,0.287329,0.657958,0.275427,0.588148,0.152417,0.807692,2.165034,1.885688,1.943588,2.081473,2.317833,1.796027,0.000000,0.000000,0.000000,0.000000
0.439554,0.764925,0.045318,0.567954,0.741305,0.426588,0.361452,0.493898,0.093725,0.467841,2.102537,1.929961,1.979489,1.816206,1.774098,1.977235,0.000000,0.000000,0.000000,0.000000
0.371471,0.204790,0.192396,0.934991,0.941593,0.477559,0.625576,0.241354,0.620140,0.932671,4.121984,1.679209,2.980890,2.495769,3.006659,2.358572,0.000000,0.000000,0.000000,0.000000
0.694814,0.832251,0.108607,0.914849,0.742085,0.145121,0.465512,0.261791,0.253571,0.451871,2.698050,2.141290,2.370040,2.201173,1.790031,2.877516,0.000000,0.000000,0.000000,0.000000
0.061291,0.008934,0.718477,0.641723,0.366346,0.467734,0.780542,0.635398,0.887326,0.256557,2.249636,2.614430,2.680781,1.990860,2.302768,2.068337,0.000000,0.000000,0.000000,0.000000
0.090622,0.739202,0.124089,0.188510,0.252327,0.962880,0.559399,0.977130,0.335313,0.304623,2.454933,2.388913,2.106755,2.777145,2.355680,2.764230,0.000000,0.000000,0.000000,0.000000
0.608258,0.301692,0.206989,0.802982,0.596783,0.028686,0.834612,0.249506,0.437910,0.297109,2.632462,1.674976,2.323947,1.668150,1.997023,2.056206,0.000000,0.000000,0.000000,0.000000
0.050001,0.415528,0.017064,0.881884,0.986299,0.514470,0.399144,0.316695,0.569910,0.155877,3.163002,1.671430,2.835229,1.878842,2.223157,2.283916,0.000000,0.000000,0.000000,0.000000
0.117106,0.818717,0.547612,0.859612,0.718354,0.951052,0.906339,0.311651,0.361126,0.403573,3.755368,1.942212,3.126373,2.902543,3.457375,2.429536,0.000000,0.000000,0.000000,0.000000
0.283301,0.904617,0.969242,0.284166,0.165890,0.070441,0.734588,0.715675,0.541716,0.576030,2.007231,3.556917,2.952712,2.430258,2.912008,2.485003,0.000000,0.000000,0.000000,0.000000
0.174741,0.013877,0.760596,0.299959,0.369174,0.491881,0.515119,0.885181,0.911486,0.315735,1.683938,2.975870,2.586839,2.034757,2.096322,2.466392,0.000000,0.000000,0.000000,0.000000
0.809214,0.702026,0.720719,0.244573,0.126405,0.751337,0.600055,0.974858,0.359038,0.134446,1.901983,3.071013,2.626836,2.704856,2.188641,3.264867,0.000000,0.000000,0.000000,0.000000
0.986224,0.891165,0.892457,0.094118,0.108396,0.786248,0.346768,0.435553,0.777893,0.421504,1.731118,4.196780,2.247773,4.017444,2.641850,3.491517,0.000000,0.000000,0.000000,0.000000
0.778328,0.884745,0.110079,0.896264,0.034780,0.220060,0.477902,0.100001,0.501437,0.237359,2.295081,2.435696,1.742658,2.662607,1.360969,3.186126,0.000000,0.000000,0.000000,0.000000
0.573121,0.413516,0.382402,0.871203,0.610005,0.685028,0.638678,0.338909,0.281786,0.396643,2.749387,1.643980,2.380393,1.891949,2.108068,2.196240,0.000000,0.000000,0.000000,0.000000
0.958145,0.884501,0.444481,0.803765,0.586108,0.697311,0.716068,0.602097,0.000821,0.243908,2.659490,3.111123,2.599380,2.965888,2.114234,3.231003,0.000000,0.000000,0.000000,0.000000
0.112390,0.539853,0.885106,0.898418,0.425110,0.845722,0.228446,0.795277,0.650128,0.147945,2.504148,2.847522,3.243557,2.546698,2.468739,2.949270,0.000000,0.000000,0.000000,0.000000
0.346094,0.117923,0.288189,0.413372,0.923458,0.419906,0.370140,0.236338,0.773362,0.515407,2.418212,1.878064,2.137733,1.912024,2.351823,1.772658,0.000000,0.000000,0.000000,0.000000
0.704801,0.751215,0.281675,0.914837,0.289726,0.061947,0.913164,0.010217,0.474206,0.419779,2.831109,1.905429,2.450009,2.298558,2.262635,2.966987,0.000000,0.000000,0.000000,0.000000
0.955835,0.205809,0.939214,0.266273,0.638356,0.470425,0.052643,0.831247,0.141352,0.558554,1.486896,3.457133,2.974845,2.176884,2.595798,2.577842,0.000000,0.000000,0.000000,0.000000
0.188370,0.835549,0.500551,0.996285,0.869385,0.115334,0.275794,0.868776,0.966153,0.344732,2.880646,3.327737,3.763784,2.671957,2.113099,4.326929,0.000000,0.000000,0.000000,0.000000
0.116053,0.750391,0.484275,0.864897,0.820394,0.904653,0.392369,0.097980,0.577639,0.410660,3.268574,1.776912,2.392341,2.892952,2.746995,2.569686,0.000000,0.000000,0.000000,0.000000
0.145337,0.006575,0.974320,0.701388,0.164888,0.199474,0.526445,0.719791,0.849832,0.231864,2.031910,3.323102,2.920125,1.858929,2.328769,2.170029,0.000000,0.000000,0.000000,0.000000
0.220679,0.407595,0.837369,0.716143,0.126306,0.741850,0.300561,0.479292,0.017026,0.425351,2.115322,1.929633,2.379019,1.607726,2.456597,1.659769,0.000000,0.000000,0.000000,0.000000
0.940549,0.405442,0.013917,0.512156,0.737064,0.008385,0.076418,0.005335,0.232686,0.390801,1.693543,1.918540,1.441221,2.188760,1.608975,2.326863,0.000000,0.000000,0.000000,0.000000
0.394810,0.831410,0.824060,0.046108,0.438777,0.493216,0.963044,0.508198,0.954434,0.417592,2.104244,3.338507,3.131920,2.802653,3.065286,2.870596,0.000000,0.000000,0.000000,0.000000
0.512654,0.655098,0.509064,0.973973,0.812902,0.804786,0.970635,0.203121,0.914237,0.449863,3.784570,2.392044,3.763521,2.952130,3.397936,3.503828,0.000000,0.000000,0.000000,0.000000
0.756368,0.819601,0.308892,0.367916,0.933104,0.638584,0.672737,0.488678,0.329187,0.610151,2.899528,2.483809,2.608094,2.673196,2.883696,2.424447,0.000000,0.000000,0.000000,0.000000
0.274492,0.632300,0.463137,0.753293,0.548312,0.332368,0.824907,0.954512,0.168166,0.484669,2.600652,2.184624,3.039457,1.637106,2.322255,2.753911,0.000000,0.000000,0.000000,0.000000
0.843862,0.940682,0.650129,0.238833,0.441145,0.157907,0.209513,0.781027,0.878051,0.032021,1.304558,4.052077,2.292249,3.273961,1.481214,3.685454,0.000000,0.000000,0.000000,0.000000
0.042397,0.256731,0.224203,0.741745,0.027932,0.220063,0.592885,0.451473,0.561743,0.193799,2.150866,1.772015,1.849852,1.638587,1.454818,1.838437,0.000000,0.000000,0.000000,0.000000
0.814850,0.511979,0.088800,0.839918,0.117877,0.344643,0.830702,0.852802,0.822196,0.194849,2.548618,3.138566,2.756525,2.566405,1.790106,3.675961,0.000000,0.000000,0.000000,0.000000
0.742001,0.908043,0.459585,0.179799,0.655457,0.970402,0.840647,0.098324,0.838139,0.909421,3.670199,2.909697,2.090737,4.501661,3.722457,3.019323,0.000000,0.000000,0.000000,0.000000
0.651738,0.511727,0.382528,0.577957,0.083418,0.589468,0.410732,0.963635,0.151233,0.986344,2.775573,2.340103,2.203491,2.731902,2.322704,2.738202,0.000000,0.000000,0.000000,0.000000
0.000186,0.453192,0.571473,0.625076,0.163870,0.622453,0.919326,0.427103,0.635284,0.603333,2.623827,1.933822,2.567807,2.161779,2.857127,1.985480,0.000000,0.000000,0.000000,0.000000
0.904130,0.626171,0.365842,0.614652,0.811079,0.714730,0.618602,0.157694,0.828046,0.434053,2.697455,2.742722,2.059267,3.268880,2.416577,3.139260,0.000000,0.000000,0.000000,0.000000
0.940406,0.584452,0.567874,0.246596,0.308685,0.252935,0.570789,0.169924,0.541091,0.448404,1.731872,2.470100,1.628876,2.699085,1.963743,2.710639,0.000000,0.000000,0.000000,0.000000
0.768164,0.966032,0.738702,0.159668,0.007113,0.270295,0.724359,0.738401,0.085464,0.419985,1.825376,3.289839,2.559492,2.399687,2.351071,2.723999,0.000000,0.000000,0.000000,0.000000
0.112904,0.043152,0.836779,0.317395,0.620089,0.739001,0.385671,0.084226,0.231900,0.857872,2.486011,1.549701,2.048201,2.102145,3.005365,1.101640,0.000000,0.000000,0.000000,0.000000
0.669380,0.134512,0.722826,0.521241,0.962075,0.016834,0.507067,0.864616,0.947758,0.693477,2.968971,3.260437,3.382163,2.327007,3.170551,2.930010,0.000000,0.000000,0.000000,0.000000
0.791107,0.577759,0.798621,0.568739,0.443865,0.621656,0.553438,0.135020,0.666835,0.558696,2.182952,2.511095,2.013587,2.687006,2.532583,2.577381,0.000000,0.000000,0.000000,0.000000
0.312610,0.939452,0.211381,0.535579,0.334461,0.179187,0.049903,0.222706,0.709339,0.530350,1.498618,2.535770,1.348876,2.649171,1.580372,2.519691,0.000000,0.000000,0.000000,0.000000
0.024913,0.650883,0.910412,0.241694,0.069226,0.711278,0.790621,0.782367,0.790313,0.323449,2.064952,3.211901,3.003101,2.577349,2.902456,2.650981,0.000000,0.000000,0.000000,0.000000
0.495857,0.879837,0.468060,0.073956,0.755624,0.903489,0.241623,0.664989,0.337742,0.090663,2.175866,2.522694,2.318916,2.909827,2.236518,2.311378,0.000000,0.000000,0.000000,0.000000
0.834234,0.939949,0.849098,0.903743,0.724647,0.406284,0.757174,0.649183,0.412890,0.516769,2.998743,3.622179,3.682232,2.884653,2.898898,3.471492,0.000000,0.000000,0.000000,0.000000
0.851401,0.302558,0.993824,0.453063,0.837089,0.731512,0.109295,0.449678,0.666455,0.433023,2.096224,3.488884,3.043158,2.690118,3.119371,2.423866,0.000000,0.000000,0.000000,0.000000
0.336909,0.600963,0.908815,0.487156,0.411569,0.471609,0.214189,0.636876,0.719749,0.637995,1.763221,2.943568,2.562077,2.304384,2.535043,2.349200,0.000000,0.000000,0.000000,0.000000
0.990878,0.287972,0.249716,0.407988,0.519754,0.181454,0.724558,0.188064,0.246722,0.462674,2.063230,2.229666,1.677743,2.320834,1.944428,2.334282,0.000000,0.000000,0.000000,0.000000
0.330765,0.583784,0.904645,0.886674,0.443442,0.815328,0.767178,0.041699,0.033435,0.041491,2.952405,1.801037,2.841734,1.928206,2.770458,2.169141,0.000000,0.000000,0.000000,0.000000
0.221895,0.962183,0.320566,0.319752,0.208058,0.969233,0.396007,0.146489,0.492366,0.779959,2.829943,2.260323,1.286194,3.619737,2.827709,2.219335,0.000000,0.000000,0.000000,0.000000
0.488392,0.868397,0.560871,0.998208,0.483091,0.648144,0.519326,0.076280,0.356571,0.155084,2.688323,1.944107,2.567411,2.439948,1.812510,3.103143,0.000000,0.000000,0.000000,0.000000
0.427938,0.301402,0.853380,0.455255,0.666561,0.488927,0.096853,0.871122,0.433963,0.416652,1.601787,2.598667,2.915180,1.687778,2.334547,2.163510,0.000000,0.000000,0.000000,0.000000
0.662297,0.540311,0.937904,0.455610,0.335910,0.369514,0.014280,0.300293,0.717666,0.385425,1.298737,2.916833,2.237492,2.260964,2.288013,2.373628,0.000000,0.000000,0.000000,0.000000
0.989438,0.364831,0.998876,0.808147,0.916867,0.730771,0.365427,0.688004,0.713189,0.438907,3.018167,4.177400,3.819058,3.211245,3.418577,3.410886,0.000000,0.000000,0.000000,0.000000
0.156507,0.120564,0.956246,0.886608,0.197218,0.002631,0.724474,0.662988,0.111963,0.847289,3.120328,2.479125,3.408393,1.563772,3.142244,1.877986,0.000000,0.000000,0.000000,0.000000
0.383035,0.747404,0.142958,0.375888,0.410166,0.442871,0.251470,0.047742,0.546063,0.281314,1.460365,1.714232,1.148686,2.214825,1.367731,2.109295,0.000000,0.000000,0.000000,0.000000
0.566206,0.289819,0.765537,0.587040,0.833990,0.353545,0.111391,0.323499,0.316518,0.057465,1.945494,1.875182,2.559488,1.547482,2.063979,1.652191,0.000000,0.000000,0.000000,0.000000
0.669654,0.160681,0.495678,0.913802,0.518601,0.022124,0.758932,0.464034,0.603355,0.051441,2.666435,2.158957,2.818136,1.830279,1.771779,2.508559,0.000000,0.000000,0.000000,0.000000
0.756793,0.434983,0.632568,0.922016,0.445770,0.690742,0.607684,0.537023,0.688115,0.859463,3.289394,2.581051,2.828448,3.003880,2.729260,3.091434,0.000000,0.000000,0.000000,0.000000
0.692018,0.727284,0.533714,0.870525,0.037398,0.245007,0.438956,0.422561,0.894123,0.892768,2.909222,2.876502,2.244515,3.234253,2.265802,3.389948,0.000000,0.000000,0.000000,0.000000
0.798487,0.199134,0.835137,0.903089,0.589166,0.982744,0.216402,0.671415,0.084172,0.776856,3.537945,2.595417,3.176264,2.762401,3.488173,2.519231,0.000000,0.000000,0.000000,0.000000
0.797494,0.177019,0.411671,0.258455,0.740870,0.461559,0.500082,0.084558,0.302123,0.794948,2.391468,1.695846,1.724380,2.153744,2.358075,1.776706,0.000000,0.000000,0.000000,0.000000
0.923262,0.696465,0.189654,0.522176,0.524856,0.896554,0.580889,0.466232,0.914680,0.771617,2.968130,3.325406,1.799468,4.120544,2.689535,3.406180,0.000000,0.000000,0.000000,0.000000
0.041240,0.030633,0.418462,0.412014,0.682832,0.959225,0.036195,0.657236,0.797148,0.416150,2.307505,2.305583,2.162598,2.693165,2.586362,1.864609,0.000000,0.000000,0.000000,0.000000
0.009576,0.080555,0.927423,0.200548,0.527843,0.308976,0.110887,0.558259,0.227263,0.991705,2.206873,2.296052,2.565914,2.222458,2.903271,1.229657,0.000000,0.000000,0.000000,0.000000
0.766511,0.542594,0.863685,0.025509,0.004201,0.383491,0.831456,0.201959,0.713087,0.582262,2.037804,2.728076,2.425833,2.476021,2.924643,2.503106,0.000000,0.000000,0.000000,0.000000
0.003631,0.741330,0.046887,0.690620,0.561519,0.594707,0.443883,0.186742,0.099656,0.494540,2.215594,1.498701,1.561917,1.889140,1.765108,1.909584,0.000000,0.000000,0.000000,0.000000
0.515757,0.896661,0.511702,0.199112,0.530454,0.285938,0.448634,0.721994,0.548844,0.918522,2.344308,2.841919,2.173917,3.100789,2.319342,2.607127,0.000000,0.000000,0.000000,0.000000
0.302088,0.331139,0.924478,0.774135,0.943608,0.984110,0.316129,0.239430,0.501202,0.972802,4.551858,2.205503,3.222286,3.443476,4.545089,1.891222,0.000000,0.000000,0.000000,0.000000
0.037608,0.846398,0.051739,0.594403,0.945126,0.575461,0.415881,0.662986,0.095567,0.292411,2.655224,2.185386,2.614023,2.004663,2.230815,2.122989,0.000000,0.000000,0.000000,0.000000
0.112143,0.905276,0.573522,0.959146,0.041953,0.280246,0.868810,0.546508,0.522674,0.742545,3.199923,2.554777,3.257034,2.590109,2.733446,3.080833,0.000000,0.000000,0.000000,0.000000
0.103030,0.028383,0.736323,0.299589,0.483180,0.075911,0.239256,0.652456,0.868205,0.432609,1.464480,2.623773,2.313122,1.884713,2.014844,1.966890,0.000000,0.000000,0.000000,0.000000
0.913865,0.794697,0.898137,0.903583,0.053677,0.295910,0.484348,0.488949,0.201703,0.714924,2.668496,3.276098,2.953126,2.743396,2.642867,3.258087,0.000000,0.000000,0.000000,0.000000
0.504494,0.313165,0.744881,0.661299,0.131221,0.014224,0.910110,0.908179,0.466599,0.749344,2.768491,2.493229,3.277837,1.865720,3.058073,2.466029,0.000000,0.000000,0.000000,0.000000
0.121656,0.283432,0.728835,0.439104,0.336993,0.976739,0.579888,0.465731,0.479326,0.249691,2.690147,1.909396,2.164603,2.492677,2.890390,1.578358,0.000000,0.000000,0.000000,0.000000
0.328943,0.354981,0.336751,0.182057,0.953782,0.079973,0.150818,0.581051,0.743901,0.186235,2.017981,2.190243,2.562827,1.882357,2.092416,2.058151,0.000000,0.000000,0.000000,0.000000
0.278087,0.667416,0.466302,0.353259,0.773866,0.930151,0.178809,0.389832,0.618679,0.816259,2.902353,2.014567,2.077237,3.237211,3.065493,2.100280,0.000000,0.000000,0.000000,0.000000
0.319583,0.697569,0.743692,0.366252,0.444691,0.446962,0.344817,0.992660,0.557343,0.567480,1.718648,2.800205,2.654403,2.202519,2.218855,3.018393,0.000000,0.000000,0.000000,0.000000
0.515897,0.181740,0.665020,0.814515,0.884457,0.836007,0.911894,0.787102,0.650114,0.212087,3.605172,2.478217,3.971216,2.338700,3.442328,2.484018,0.000000,0.000000,0.000000,0.000000
0.364235,0.211805,0.698779,0.534346,0.053868,0.695387,0.556249,0.955107,0.847006,0.499180,2.128773,2.889469,2.582853,2.276725,2.393416,2.853269,0.000000,0.000000,0.000000,0.000000
0.306059,0.011908,0.751090,0.795950,0.077695,0.563036,0.552728,0.600173,0.443435,0.837359,2.830015,2.064511,2.577582,2.042518,2.670856,1.686429,0.000000,0.000000,0.000000,0.000000
0.919540,0.055077,0.213450,0.501306,0.628257,0.049914,0.200543,0.510502,0.664017,0.577968,1.800712,2.729394,1.837318,2.446630,1.729478,2.373095,0.000000,0.000000,0.000000,0.000000
0.272156,0.754729,0.494537,0.546266,0.435227,0.270646,0.252871,0.034722,0.115942,0.430529,1.668412,1.422364,1.414462,1.725659,1.712247,1.836974,0.000000,0.000000,0.000000,0.000000
0.164191,0.241070,0.716447,0.010753,0.355695,0.834793,0.334615,0.900640,0.998660,0.214467,1.766011,3.094530,2.471475,2.639704,2.256563,2.900786,0.000000,0.000000,0.000000,0.000000
0.448961,0.549457,0.128398,0.897902,0.894746,0.187888,0.046364,0.460778,0.990245,0.298811,2.520418,2.623038,2.777213,2.341791,1.890097,3.249253,0.000000,0.000000,0.000000,0.000000
0.473343,0.134277,0.879823,0.172764,0.188039,0.269359,0.953078,0.369543,0.004038,0.281810,2.007974,2.003139,2.975546,1.093589,2.927132,1.259151,0.000000,0.000000,0.000000,0.000000
0.901227,0.228685,0.935589,0.597001,0.416012,0.397617,0.257308,0.986643,0.161357,0.701535,1.998871,3.464244,3.014186,2.106123,2.631353,3.010176,0.000000,0.000000,0.000000,0.000000
0.220768,0.580820,0.871327,0.187646,0.393047,0.049959,0.824510,0.860118,0.392293,0.328054,1.918892,2.640813,3.142433,1.735945,2.657168,2.293016,0.000000,0.000000,0.000000,0.000000
0.296761,0.305102,0.146868,0.881330,0.869458,0.441123,0.890043,0.342460,0.873569,0.679937,3.569305,2.140452,3.180577,2.205577,2.941313,2.639846,0.000000,0.000000,0.000000,0.000000
0.485572,0.809584,0.578982,0.863258,0.315205,0.213203,0.129608,0.197173,0.552308,0.595690,2.096513,2.111350,2.043398,2.348024,1.938265,2.710034,0.000000,0.000000,0.000000,0.000000
0.235741,0.622554,0.058973,0.487041,0.847305,0.519662,0.212285,0.136310,0.555157,0.423382,2.078701,1.607823,1.777526,2.099756,1.946069,1.971604,0.000000,0.000000,0.000000,0.000000
0.004665,0.438066,0.841016,0.732887,0.014185,0.041574,0.325210,0.454808,0.159588,0.166104,1.866916,1.937851,2.384744,1.351688,1.907811,1.717760,0.000000,0.000000,0.000000,0.000000
0.781198,0.583247,0.709843,0.484730,0.745097,0.772726,0.714831,0.462985,0.880779,0.067322,2.533817,3.011443,2.668382,3.054787,2.522650,2.908469,0.000000,0.000000,0.000000,0.000000
0.297857,0.102859,0.660538,0.806165,0.301763,0.384879,0.953313,0.949575,0.501519,0.941956,3.455731,2.353377,3.579793,2.318553,3.269086,2.534357,0.000000,0.000000,0.000000,0.000000
0.983354,0.304935,0.909831,0.486847,0.455459,0.540916,0.986466,0.122214,0.543050,0.360677,2.359745,3.000105,3.018790,2.735466,3.253621,2.578301,0.000000,0.000000,0.000000,0.000000
0.283358,0.231751,0.471150,0.663123,0.721360,0.967201,0.981313,0.147584,0.116975,0.691396,3.868742,1.210120,2.800478,2.239917,3.928802,1.396885,0.000000,0.000000,0.000000,0.000000
0.754131,0.842901,0.526661,0.190992,0.725245,0.054773,0.380130,0.546828,0.336365,0.181826,1.699275,2.634159,2.226799,2.370646,1.714778,2.474596,0.000000,0.000000,0.000000,0.000000
0.557275,0.914566,0.754873,0.197978,0.283165,0.205306,0.343675,0.357475,0.581132,0.254286,1.406107,2.812986,1.964267,2.523725,1.868309,2.441980,0.000000,0.000000,0.000000,0.000000
0.744297,0.071946,0.335599,0.381860,0.493722,0.651468,0.859627,0.282830,0.613656,0.972319,3.101444,2.076013,2.069986,3.071264,2.929636,1.875363,0.000000,0.000000,0.000000,0.000000
0.881581,0.967575,0.675913,0.380237,0.807267,0.172248,0.242152,0.998582,0.940406,0.599418,2.026942,4.585645,2.992907,3.563117,2.414192,4.539376,0.000000,0.000000,0.000000,0.000000
0.817488,0.222380,0.754275,0.981004,0.150028,0.346751,0.469716,0.838277,0.999914,0.317693,2.469669,3.631013,3.367824,2.540903,2.004791,4.170886,0.000000,0.000000,0.000000,0.000000
0.766609,0.221376,0.600014,0.882252,0.933244,0.091291,0.391328,0.208441,0.569205,0.434560,3.010309,2.063134,2.939231,1.979849,2.562479,2.532304,0.000000,0.000000,0.000000,0.000000
0.343135,0.818014,0.891003,0.093183,0.621426,0.751208,0.906393,0.732586,0.728438,0.212641,2.313040,3.312925,3.441396,2.835800,3.162293,2.677072,0.000000,0.000000,0.000000,0.000000
0.958103,0.646909,0.962130,0.719578,0.475089,0.790684,0.823540,0.845447,0.829567,0.664506,2.994742,4.412724,3.531280,3.714599,3.563795,3.918430,0.000000,0.000000,0.000000,0.000000
0.512910,0.359189,0.247627,0.467685,0.017684,0.634259,0.146084,0.670737,0.906622,0.369559,1.517930,2.645213,1.754892,2.366895,1.595829,2.540863,0.000000,0.000000,0.000000,0.000000
0.165294,0.727616,0.459576,0.642147,0.342388,0.968355,0.553645,0.158853,0.346284,0.487855,2.947326,1.584074,1.613344,2.812127,2.752776,1.961868,0.000000,0.000000,0.000000,0.000000
0.551418,0.340764,0.339752,0.657622,0.910943,0.131685,0.183833,0.675428,0.646155,0.802967,2.822654,2.278620,2.670910,2.190814,2.552184,2.257059,0.000000,0.000000,0.000000,0.000000
0.921732,0.666220,0.402107,0.185861,0.968246,0.544390,0.729200,0.463641,0.159442,0.440691,2.776052,2.479670,2.816024,2.503050,2.928949,2.521166,0.000000,0.000000,0.000000,0.000000
0.377310,0.269378,0.584078,0.276244,0.689988,0.691171,0.806905,0.887347,0.697268,0.154333,2.271281,2.500486,2.982520,2.120371,2.405455,2.430859,0.000000,0.000000,0.000000,0.000000
0.137988,0.197208,0.003683,0.192005,0.067425,0.777554,0.662092,0.116716,0.852525,0.164335,1.987636,1.847654,1.309462,2.361999,1.820118,1.927080,0.000000,0.000000,0.000000,0.000000
0.494250,0.892244,0.020113,0.763437,0.892790,0.573682,0.176099,0.711742,0.353290,0.857063,3.085959,2.591066,2.684065,2.860315,2.538455,2.653752,0.000000,0.000000,0.000000,0.000000
0.816881,0.631914,0.451865,0.591462,0.964347,0.874545,0.898667,0.678471,0.305153,0.793900,4.125285,2.494981,3.504067,3.134005,4.142814,2.554413,0.000000,0.000000,0.000000,0.000000
0.865863,0.324328,0.033892,0.043053,0.752385,0.660706,0.784242,0.901300,0.298503,0.259410,2.249906,2.650622,2.706629,2.255363,2.174556,2.722483,0.000000,0.000000,0.000000,0.000000
0.774301,0.447645,0.112951,0.178680,0.078294,0.683550,0.637340,0.220697,0.720351,0.380550,1.873644,2.244000,1.399118,2.607551,1.870515,2.433330,0.000000,0.000000,0.000000,0.000000
0.599050,0.954084,0.318873,0.488383,0.363644,0.983504,0.139742,0.286368,0.805435,0.388533,2.374596,2.981968,1.464301,3.804670,2.434932,2.852294,0.000000,0.000000,0.000000,0.000000
0.466951,0.205543,0.115041,0.565546,0.265225,0.340859,0.174849,0.579149,0.581328,0.553144,1.673485,2.020712,1.669830,1.762505,1.586535,1.815658,0.000000,0.000000,0.000000,0.000000
0.473140,0.078833,0.643525,0.122163,0.700109,0.455075,0.948156,0.919014,0.097465,0.062646,2.223093,2.144834,3.484528,1.248038,2.540252,1.907604,0.000000,0.000000,0.000000,0.000000
0.028944,0.647265,0.367663,0.530841,0.438539,0.839530,0.658790,0.143086,0.767964,0.567444,2.577324,1.915118,1.593112,2.837459,2.501515,2.279630,0.000000,0.000000,0.000000,0.000000
0.223854,0.294057,0.538298,0.400434,0.761258,0.226548,0.952542,0.964979,0.935405,0.310145,2.479155,2.903854,3.529459,2.038883,2.722479,3.057657,0.000000,0.000000,0.000000,0.000000
0.974477,0.861454,0.891875,0.529375,0.649326,0.738728,0.440660,0.712694,0.910790,0.847844,2.728128,4.582631,2.861186,4.395888,3.142091,3.915930,0.000000,0.000000,0.000000,0.000000
0.402601,0.501211,0.164450,0.818248,0.363544,0.750751,0.124911,0.149011,0.796047,0.288068,2.074309,1.911186,1.591142,2.498659,1.641086,2.567449,0.000000,0.000000,0.000000,0.000000
0.030313,0.639708,0.462453,0.883710,0.940437,0.558861,0.898324,0.067415,0.518644,0.268670,3.535376,1.525052,3.303196,2.103818,3.040626,2.447697,0.000000,0.000000,0.000000,0.000000
0.846560,0.887932,0.538643,0.741595,0.774041,0.900758,0.090796,0.048698,0.170738,0.776610,3.061099,2.351503,2.026964,3.486109,3.003663,2.748091,0.000000,0.000000,0.000000,0.000000
0.707224,0.322016,0.028168,0.649442,0.084582,0.961807,0.023731,0.458422,0.041412,0.793905,2.769020,1.824619,1.575353,2.600400,2.650476,1.837156,0.000000,0.000000,0.000000,0.000000
0.922432,0.669678,0.405528,0.642469,0.788428,0.922259,0.687674,0.511065,0.037695,0.422955,3.229725,2.509456,2.498710,3.008134,2.940717,2.633657,0.000000,0.000000,0.000000,0.000000
0.261304,0.268938,0.176627,0.284413,0.123757,0.237489,0.920622,0.012521,0.283078,0.089402,2.003217,1.115899,1.765806,1.373468,1.904077,1.368774,0.000000,0.000000,0.000000,0.000000
0.791648,0.867976,0.058591,0.974274,0.491784,0.145111,0.551930,0.385862,0.348576,0.233958,2.572501,2.571084,2.478849,2.498476,1.434732,3.385599,0.000000,0.000000,0.000000,0.000000
0.951607,0.568344,0.508817,0.756391,0.426515,0.809901,0.190153,0.972428,0.455177,0.738243,2.546183,3.179791,2.557809,3.348750,2.448385,3.779042,0.000000,0.000000,0.000000,0.000000
0.087755,0.349225,0.808949,0.232791,0.908535,0.211798,0.083725,0.219443,0.783430,0.203677,1.828137,2.195177,2.624512,1.915299,2.479701,1.966666,0.000000,0.000000,0.000000,0.000000
0.708893,0.571969,0.382337,0.677736,0.373449,0.459125,0.120431,0.215902,0.450672,0.977375,2.553258,1.890442,1.557366,3.019016,2.177002,2.276476,0.000000,0.000000,0.000000,0.000000
0.027286,0.013973,0.487344,0.486876,0.386995,0.607494,0.142371,0.245519,0.307519,0.506470,1.614504,1.367598,1.568751,1.565235,1.891737,1.139554,0.000000,0.000000,0.000000,0.000000
0.601999,0.866500,0.830192,0.156689,0.598917,0.526581,0.314522,0.504036,0.246199,0.630934,1.759388,2.740908,2.417966,2.374353,2.505215,2.209917,0.000000,0.000000,0.000000,0.000000
0.802251,0.263355,0.192915,0.777996,0.487572,0.654951,0.248722,0.397861,0.800587,0.339015,2.069992,2.560212,1.839840,2.569598,1.603179,2.730713,0.000000,0.000000,0.000000,0.000000
0.628360,0.064023,0.110706,0.203218,0.502224,0.471345,0.518052,0.695500,0.368070,0.010568,1.646235,2.079107,1.906804,1.632781,1.243166,1.681929,0.000000,0.000000,0.000000,0.000000
0.078944,0.168048,0.366186,0.261508,0.989583,0.931787,0.957883,0.956792,0.086080,0.006023,3.687646,1.972076,3.903061,1.923361,3.721818,2.015224,0.000000,0.000000,0.000000,0.000000
0.272192,0.101549,0.944508,0.988456,0.145299,0.177669,0.813457,0.581069,0.943649,0.034072,2.791165,3.243489,3.857693,1.965059,2.465504,3.069788,0.000000,0.000000,0.000000,0.000000
0.337860,0.835231,0.147941,0.101913,0.064001,0.103999,0.726297,0.569951,0.886345,0.289991,1.761099,2.880856,1.870374,2.600162,1.695122,2.764939,0.000000,0.000000,0.000000,0.000000
0.664445,0.606545,0.324313,0.279405,0.287601,0.037050,0.523058,0.413656,0.024852,0.313837,1.638878,1.846553,1.619178,1.590755,1.564088,1.931488,0.000000,0.000000,0.000000,0.000000
0.861273,0.954025,0.867251,0.504639,0.260656,0.408186,0.802181,0.498489,0.950505,0.753941,2.501350,4.359826,2.715135,3.722538,3.051228,3.590845,0.000000,0.000000,0.000000,0.000000
0.505465,0.161355,0.106671,0.405151,0.346096,0.064282,0.707207,0.118876,0.616988,0.249299,1.901197,1.629384,1.432768,1.709529,1.619364,1.682289,0.000000,0.000000,0.000000,0.000000
0.835264,0.756553,0.710533,0.605207,0.377238,0.347592,0.515846,0.175554,0.220889,0.093291,1.908259,2.315793,1.886096,2.322003,1.757650,2.470224,0.000000,0.000000,0.000000,0.000000
0.929951,0.394920,0.043655,0.255642,0.795627,0.618758,0.695724,0.051569,0.440536,0.934191,3.067775,2.074196,1.792504,3.292798,2.738254,2.394321,0.000000,0.000000,0.000000,0.000000
0.849670,0.193612,0.529630,0.744875,0.808736,0.485949,0.815384,0.020954,0.717362,0.655826,3.107184,2.192051,2.501753,2.512121,2.880175,2.550937,0.000000,0.000000,0.000000,0.000000
0.779615,0.548899,0.673498,0.597336,0.293853,0.959573,0.265723,0.979526,0.820037,0.781331,2.920534,3.355185,2.539535,3.665491,3.103720,3.691843,0.000000,0.000000,0.000000,0.000000
0.559778,0.469397,0.077260,0.764090,0.695517,0.988802,0.903395,0.233011,0.949442,0.620739,3.905668,2.358407,2.501936,3.326906,3.482700,2.809641,0.000000,0.000000,0.000000,0.000000
0.991196,0.594682,0.603388,0.124947,0.222886,0.478668,0.773535,0.098880,0.147970,0.184164,1.822989,2.299642,1.832089,2.576750,2.064137,2.590524,0.000000,0.000000,0.000000,0.000000
0.343056,0.151243,0.180172,0.286053,0.503762,0.003266,0.221386,0.572970,0.486127,0.441175,1.453484,1.850376,1.737592,1.539565,1.516931,1.537629,0.000000,0.000000,0.000000,0.000000
0.465025,0.459940,0.907074,0.487365,0.028945,0.685491,0.308442,0.181778,0.346815,0.698626,2.038310,2.061435,2.041133,2.093661,2.771558,1.709369,0.000000,0.000000,0.000000,0.000000
0.176403,0.912149,0.123199,0.328240,0.781673,0.102545,0.944926,0.710652,0.241246,0.017139,2.426021,2.466619,3.004497,2.075308,2.167965,2.234700,0.000000,0.000000,0.000000,0.000000
0.420848,0.937719,0.562804,0.624437,0.049792,0.819869,0.173742,0.498326,0.924991,0.695512,2.270558,3.258134,1.911047,3.549531,2.469338,3.024469,0.000000,0.000000,0.000000,0.000000
0.168352,0.726696,0.068070,0.903855,0.841027,0.144318,0.247074,0.952594,0.455582,0.346772,2.606103,2.443798,3.159082,1.992492,1.787698,3.365709,0.000000,0.000000,0.000000,0.000000
0.289839,0.299724,0.230852,0.378838,0.556759,0.101806,0.567109,0.063878,0.945610,0.628395,2.054866,1.991132,1.400993,2.141543,1.917682,2.226072,0.000000,0.000000,0.000000,0.000000
0.705621,0.733345,0.302702,0.578427,0.478328,0.906306,0.837850,0.731577,0.525155,0.484643,2.950076,2.650459,2.490189,3.082022,2.864157,2.711657,0.000000,0.000000,0.000000,0.000000
0.360659,0.726202,0.053696,0.445135,0.248269,0.097632,0.224670,0.371923,0.374404,0.772981,1.888478,1.837133,1.410133,2.195582,1.788239,1.949904,0.000000,0.000000,0.000000,0.000000
0.068241,0.534728,0.633700,0.167257,0.421355,0.189502,0.200956,0.615054,0.322765,0.137545,1.263298,1.903500,2.093199,1.615576,1.561807,1.782459,0.000000,0.000000,0.000000,0.000000
0.170526,0.932290,0.498533,0.343600,0.970744,0.081327,0.306913,0.840656,0.133573,0.638936,2.573826,2.649697,3.017627,2.110604,2.778455,2.459308,0.000000,0.000000,0.000000,0.000000
0.572733,0.839715,0.433884,0.585468,0.630097,0.459240,0.941996,0.795409,0.685131,0.208771,2.471922,2.965256,3.090018,2.595102,2.376713,2.966056,0.000000,0.000000,0.000000,0.000000
0.858147,0.888780,0.657285,0.007716,0.086546,0.766586,0.644920,0.670106,0.713748,0.705506,2.260924,3.558163,2.275770,3.671258,2.751109,3.231808,0.000000,0.000000,0.000000,0.000000
0.885441,0.280683,0.708924,0.182231,0.015679,0.774196,0.024404,0.663404,0.489490,0.219569,1.346332,2.782461,2.166183,2.647484,2.081412,2.408367,0.000000,0.000000,0.000000,0.000000
0.726355,0.204294,0.981187,0.828028,0.611380,0.398477,0.316851,0.161945,0.553008,0.449377,2.242990,2.762133,2.752524,1.954694,2.554548,2.283265,0.000000,0.000000,0.000000,0.000000
0.623919,0.306154,0.157657,0.974193,0.414205,0.957313,0.090364,0.523247,0.839090,0.021457,2.872886,2.479079,2.496687,2.961684,1.899120,3.205517,0.000000,0.000000,0.000000,0.000000
0.800933,0.637597,0.176431,0.678446,0.996654,0.748301,0.748166,0.494611,0.858828,0.142100,3.432636,2.911428,2.972796,3.095945,2.888946,3.092564,0.000000,0.000000,0.000000,0.000000
0.689150,0.829041,0.912231,0.879583,0.495007,0.300672,0.437107,0.605740,0.171340,0.048866,2.273389,3.066506,3.122187,2.111388,2.002440,2.846810,0.000000,0.000000,0.000000,0.000000
0.968648,0.416423,0.658637,0.171783,0.665745,0.427251,0.763177,0.434759,0.788686,0.323774,2.037305,3.119663,2.503015,2.924012,2.366181,2.983188,0.000000,0.000000,0.000000,0.000000
0.614108,0.086323,0.754081,0.322586,0.954645,0.963751,0.666738,0.708448,0.947188,0.893303,4.145627,3.081098,3.348206,3.560860,4.413914,2.470482,0.000000,0.000000,0.000000,0.000000
0.061674,0.628119,0.218393,0.750572,0.487302,0.024898,0.691885,0.137878,0.871627,0.400783,2.376009,2.054000,1.768659,2.276532,1.807166,2.626661,0.000000,0.000000,0.000000,0.000000
0.095772,0.491103,0.630193,0.160914,0.522710,0.147299,0.079830,0.078107,0.975990,0.393863,1.241544,2.189106,1.618217,2.229930,1.831007,2.444682,0.000000,0.000000,0.000000,0.000000
0.187653,0.378775,0.720847,0.986830,0.330702,0.633110,0.860305,0.029515,0.835897,0.996916,3.938592,1.950064,3.068948,3.219050,3.317889,3.019967,0.000000,0.000000,0.000000,0.000000
0.239796,0.034779,0.334484,0.322407,0.117668,0.554563,0.493447,0.001542,0.235838,0.526269,1.795791,1.075139,1.177822,1.451273,1.852901,1.107671,0.000000,0.000000,0.000000,0.000000
0.360085,0.323363,0.344250,0.995069,0.609520,0.788642,0.316432,0.884602,0.528089,0.166107,2.754270,2.225937,3.215167,2.140091,1.787257,3.236853,0.000000,0.000000,0.000000,0.000000
0.107248,0.189276,0.651353,0.202967,0.135146,0.664679,0.614339,0.282147,0.971488,0.411667,1.855369,2.345695,1.851661,2.312923,2.263018,2.140980,0.000000,0.000000,0.000000,0.000000
0.945765,0.560089,0.012290,0.249547,0.275707,0.463769,0.123107,0.325421,0.626578,0.136325,1.215146,2.662389,1.347728,2.840153,1.186195,2.810832,0.000000,0.000000,0.000000,0.000000
0.504411,0.912572,0.359011,0.186757,0.448201,0.972751,0.619106,0.174341,0.302791,0.259615,2.582818,2.093859,1.540407,3.121954,2.539270,2.133742,0.000000,0.000000,0.000000,0.000000
0.585208,0.343321,0.057711,0.629660,0.617006,0.082410,0.702915,0.146261,0.633382,0.619358,2.481909,1.761744,1.727584,1.960236,2.059460,2.044343,0.000000,0.000000,0.000000,0.000000
0.020616,0.118332,0.670553,0.964958,0.432309,0.570713,0.575120,0.603844,0.031883,0.296351,2.627767,1.740636,3.080332,1.234061,2.057410,2.088959,0.000000,0.000000,0.000000,0.000000
0.192002,0.814547,0.518956,0.842063,0.345577,0.015384,0.654582,0.962987,0.305999,0.000429,2.377914,2.541555,2.880539,1.970848,1.555147,3.198601,0.000000,0.000000,0.000000,0.000000
0.798772,0.596555,0.067807,0.327041,0.865373,0.617094,0.268537,0.125431,0.860822,0.318078,2.057968,2.502741,1.787023,2.862039,1.972361,2.851204,0.000000,0.000000,0.000000,0.000000
0.844169,0.917282,0.229722,0.091886,0.318234,0.078624,0.423943,0.565691,0.878714,0.690302,1.771586,3.648006,1.683000,3.385180,1.822570,3.393403,0.000000,0.000000,0.000000,0.000000
0.754639,0.286193,0.170612,0.146892,0.539069,0.063588,0.075045,0.350343,0.714026,0.820614,1.733676,2.296781,1.536203,2.492626,1.895683,2.240912,0.000000,0.000000,0.000000,0.000000
0.281261,0.178692,0.700663,0.536954,0.137158,0.187785,0.302469,0.842435,0.350959,0.808389,2.119652,2.157745,2.388950,1.740994,2.328281,1.872420,0.000000,0.000000,0.000000,0.000000
0.575903,0.684889,0.266379,0.210472,0.128791,0.496631,0.495946,0.900976,0.555602,0.563712,1.749863,2.622046,2.034981,2.314089,1.817522,2.843953,0.000000,0.000000,0.000000,0.000000
0.448942,0.792176,0.443252,0.581787,0.490671,0.818972,0.767658,0.183682,0.702559,0.576219,2.723841,2.178675,1.912213,2.983545,2.703372,2.444041,0.000000,0.000000,0.000000,0.000000
0.894722,0.937272,0.395551,0.362202,0.594236,0.073202,0.738616,0.364046,0.676405,0.083690,1.995086,3.319224,2.034204,3.196122,1.717230,3.134841,0.000000,0.000000,0.000000,0.000000
0.353309,0.365763,0.736947,0.790900,0.525530,0.737402,0.839514,0.441628,0.977553,0.864548,3.405546,2.676600,2.936044,3.010886,3.335077,2.712978,0.000000,0.000000,0.000000,0.000000
0.652814,0.615281,0.690960,0.699613,0.844731,0.732674,0.181259,0.155411,0.368498,0.069197,2.391362,1.870219,2.404296,2.321995,2.270866,2.197468,0.000000,0.000000,0.000000,0.000000
0.950274,0.271813,0.372835,0.764192,0.141762,0.640670,0.477992,0.824120,0.325544,0.701378,2.515352,2.800880,2.278800,2.647572,2.118127,2.957811,0.000000,0.000000,0.000000,0.000000
0.959734,0.033436,0.481062,0.349467,0.294774,0.216337,0.389159,0.039358,0.939632,0.162146,1.523573,2.832032,1.324539,2.799393,1.456918,2.805560,0.000000,0.000000,0.000000,0.000000
0.019923,0.846455,0.197509,0.589824,0.258673,0.655783,0.857239,0.204536,0.201456,0.235552,2.343962,1.758781,1.872258,2.200688,2.090615,1.960184,0.000000,0.000000,0.000000,0.000000
0.224881,0.764688,0.582395,0.549857,0.967289,0.300895,0.984809,0.701204,0.122650,0.252228,3.181100,2.136552,3.936297,1.738219,3.401523,2.083123,0.000000,0.000000,0.000000,0.000000
0.405030,0.851315,0.368117,0.698523,0.111373,0.406551,0.529781,0.437863,0.772868,0.639760,2.290825,2.633635,1.819833,2.698886,1.951299,2.718146,0.000000,0.000000,0.000000,0.000000
0.733292,0.512133,0.572418,0.219545,0.793858,0.069803,0.527687,0.979436,0.533005,0.253632,1.989370,2.788082,2.885443,2.085815,2.043547,3.111288,0.000000,0.000000,0.000000,0.000000
0.165746,0.836151,0.380690,0.194815,0.350474,0.733444,0.273555,0.850816,0.111396,0.420943,1.613428,2.364582,2.044671,2.219064,1.881007,2.377407,0.000000,0.000000,0.000000,0.000000
0.093044,0.652076,0.461942,0.733164,0.877704,0.861719,0.170268,0.104129,0.791216,0.579740,2.971257,1.932790,2.206350,2.921862,2.870346,2.490861,0.000000,0.000000,0.000000,0.000000
0.319352,0.938869,0.118214,0.614265,0.872883,0.845687,0.620379,0.002745,0.582884,0.562482,3.188755,2.152090,1.917371,3.135889,2.833449,2.398646,0.000000,0.000000,0.000000,0.000000
0.180268,0.495518,0.388755,0.137973,0.409477,0.504335,0.498875,0.763942,0.973307,0.443366,1.665807,2.786295,2.045720,2.365313,1.794862,2.789351,0.000000,0.000000,0.000000,0.000000
0.279443,0.093559,0.230170,0.239480,0.423857,0.340777,0.354427,0.229216,0.645867,0.219774,1.459264,1.668904,1.374910,1.700805,1.344442,1.536073,0.000000,0.000000,0.000000,0.000000
0.518763,0.620030,0.854184,0.374156,0.036052,0.755064,0.907819,0.742355,0.244575,0.971508,3.210174,2.544304,3.158563,2.997342,3.774342,2.130487,0.000000,0.000000,0.000000,0.000000
0.103687,0.092146,0.521343,0.788113,0.142109,0.069528,0.091639,0.418622,0.555284,0.315312,1.744519,1.766663,1.997409,1.567343,1.587961,1.736359,0.000000,0.000000,0.000000,0.000000
0.190833,0.480164,0.122788,0.156168,0.181482,0.088172,0.849255,0.179111,0.643790,0.223562,1.885907,1.653711,1.720437,1.876918,1.851408,1.902701,0.000000,0.000000,0.000000,0.000000
0.311180,0.258792,0.788464,0.071804,0.802469,0.929937,0.229855,0.295805,0.192940,0.478143,2.454457,1.672374,2.437029,2.098474,3.192579,1.333809,0.000000,0.000000,0.000000,0.000000
0.642485,0.561068,0.227339,0.428806,0.076184,0.254182,0.245253,0.731672,0.300744,0.533434,1.582013,2.187033,1.801913,1.845548,1.604046,2.217815,0.000000,0.000000,0.000000,0.000000
0.422292,0.761908,0.636295,0.375267,0.296893,0.074263,0.087601,0.615947,0.637279,0.319834,1.268915,2.538666,2.054489,2.253341,1.727714,2.394720,0.000000,0.000000,0.000000,0.000000
0.936874,0.301010,0.013733,0.166605,0.750558,0.720933,0.990219,0.605608,0.281536,0.492873,2.649805,2.515405,2.990189,2.546344,2.972328,2.337239,0.000000,0.000000,0.000000,0.000000
0.395430,0.276954,0.136052,0.610407,0.754317,0.647505,0.625191,0.954288,0.530157,0.113614,2.436829,2.303116,2.639518,1.902805,1.796485,2.533906,0.000000,0.000000,0.000000,0.000000
0.058470,0.559646,0.535784,0.976515,0.661436,0.054798,0.556242,0.624820,0.339202,0.628547,2.949550,1.882326,3.184957,1.750686,2.214326,2.715280,0.000000,0.000000,0.000000,0.000000
0.210142,0.879659,0.866501,0.211142,0.706666,0.979439,0.822848,0.930164,0.678702,0.629330,3.267395,3.487325,3.492736,3.492747,4.033773,3.098575,0.000000,0.000000,0.000000,0.000000
0.337702,0.964036,0.577504,0.009280,0.673922,0.012648,0.484859,0.911076,0.479476,0.853190,2.312281,3.107441,2.605929,2.873942,2.439696,2.921445,0.000000,0.000000,0.000000,0.000000
0.821297,0.960169,0.552066,0.653043,0.210592,0.769092,0.468648,0.154282,0.384437,0.089572,2.166885,2.757288,1.635407,3.216275,1.847567,2.781286,0.000000,0.000000,0.000000,0.000000
0.769639,0.276854,0.197171,0.563680,0.702217,0.526562,0.469623,0.779126,0.349219,0.625497,2.315718,2.363143,2.269818,2.018484,2.015572,2.280098,0.000000,0.000000,0.000000,0.000000
0.012825,0.608429,0.086330,0.193069,0.268897,0.558345,0.301570,0.727744,0.408812,0.502183,1.524983,2.031916,1.763179,1.985000,1.635656,2.056315,0.000000,0.000000,0.000000,0.000000
0.116651,0.830509,0.642970,0.329431,0.924784,0.250736,0.196618,0.340355,0.540017,0.958568,2.918328,2.219197,2.550038,3.055020,3.059928,2.141014,0.000000,0.000000,0.000000,0.000000
0.840933,0.737964,0.090301,0.421050,0.393355,0.703092,0.085398,0.802432,0.000374,0.081512,1.458978,2.693700,1.884735,2.392623,1.344077,2.760483,0.000000,0.000000,0.000000,0.000000
0.454743,0.591821,0.799958,0.537535,0.097903,0.739008,0.392402,0.802688,0.329219,0.637681,2.161161,2.455381,2.512147,2.231273,2.636306,2.254254,0.000000,0.000000,0.000000,0.000000
0.118169,0.239920,0.143816,0.610962,0.247845,0.799499,0.103593,0.368316,0.979927,0.462890,1.906479,2.333598,1.489466,2.569975,1.894196,2.305358,0.000000,0.000000,0.000000,0.000000
0.212802,0.136659,0.916881,0.376904,0.210476,0.469369,0.261140,0.834086,0.639089,0.669360,1.727843,2.900490,2.696337,1.897590,2.576787,2.046335,0.000000,0.000000,0.000000,0.000000
0.311196,0.012455,0.663792,0.292820,0.365131,0.905538,0.944788,0.539781,0.819697,0.717035,3.025841,2.370693,2.828010,2.761309,3.679881,1.801540,0.000000,0.000000,0.000000,0.000000
0.560234,0.946911,0.116960,0.852786,0.353150,0.169224,0.261550,0.762251,0.602572,0.401714,2.069312,3.105164,2.275677,2.613028,1.439599,3.274455,0.000000,0.000000,0.000000,0.000000
0.285827,0.477848,0.294852,0.895908,0.487304,0.824350,0.992975,0.312240,0.277194,0.172109,3.237794,1.466795,3.064281,2.072548,2.727391,2.164730,0.000000,0.000000,0.000000,0.000000
0.915581,0.332099,0.587105,0.981914,0.177384,0.642605,0.498245,0.445299,0.133259,0.047848,2.573077,2.312497,2.769982,2.211634,1.686925,3.069479,0.000000,0.000000,0.000000,0.000000
0.452943,0.190194,0.585930,0.678366,0.654880,0.298833,0.019560,0.986450,0.051448,0.181633,1.672043,2.152390,2.754276,1.156595,1.653380,2.376310,0.000000,0.000000,0.000000,0.000000
0.832657,0.809618,0.772864,0.692106,0.459341,0.645722,0.934373,0.720446,0.862024,0.363335,2.618128,3.746234,3.335709,3.273765,2.970713,3.558209,0.000000,0.000000,0.000000,0.000000
0.878050,0.042581,0.070023,0.736195,0.814848,0.978671,0.581263,0.026320,0.373716,0.536965,3.616742,1.842940,1.902671,2.951933,3.014870,2.075450,0.000000,0.000000,0.000000,0.000000
0.768885,0.680765,0.264129,0.814658,0.777971,0.425813,0.131420,0.041845,0.263843,0.439953,2.260558,1.782073,1.941586,2.170473,1.829846,2.563753,0.000000,0.000000,0.000000,0.000000
0.805691,0.530447,0.839267,0.147381,0.445404,0.512129,0.543363,0.296897,0.766901,0.286739,1.663245,2.903601,2.176867,2.605912,2.237851,2.649427,0.000000,0.000000,0.000000,0.000000
0.081113,0.354628,0.912296,0.821136,0.020421,0.905565,0.437148,0.308661,0.351257,0.999182,3.717932,2.080336,2.550786,3.215583,3.587482,1.860935,0.000000,0.000000,0.000000,0.000000
0.139931,0.381322,0.257649,0.265095,0.322334,0.491337,0.399458,0.962918,0.904630,0.313393,1.539944,2.806292,2.089562,2.172058,1.505275,3.063446,0.000000,0.000000,0.000000,0.000000
0.411568,0.379728,0.285590,0.039852,0.608382,0.071149,0.508916,0.552360,0.691161,0.478918,1.757347,2.122471,1.926181,1.889601,1.775658,2.020234,0.000000,0.000000,0.000000,0.000000
0.098642,0.266396,0.177679,0.202492,0.941280,0.254476,0.701222,0.256613,0.210866,0.713359,2.891317,1.307251,2.364286,1.483138,2.832835,1.316497,0.000000,0.000000,0.000000,0.000000
0.016496,0.413956,0.519034,0.681046,0.353683,0.632610,0.762702,0.121614,0.587362,0.681697,2.660282,1.533645,1.920160,2.159106,2.560459,1.905688,0.000000,0.000000,0.000000,0.000000
0.905769,0.389363,0.186390,0.962339,0.340111,0.320148,0.059820,0.848042,0.845931,0.874504,2.671444,3.329957,2.747493,3.214888,1.924516,4.190637,0.000000,0.000000,0.000000,0.000000
0.465080,0.136427,0.236880,0.011369,0.265451,0.886771,0.238697,0.594181,0.962769,0.424601,1.868690,2.622795,1.672244,2.739291,2.113997,2.288594,0.000000,0.000000,0.000000,0.000000
0.431498,0.441852,0.315019,0.238646,0.764635,0.142822,0.943351,0.624799,0.904763,0.071066,2.342556,2.564955,2.963809,2.137579,2.271596,2.493955,0.000000,0.000000,0.000000,0.000000
0.589160,0.077568,0.275495,0.838965,0.376996,0.773674,0.733124,0.064212,0.138844,0.237356,2.747757,1.289615,1.898207,1.729199,2.073189,1.717008,0.000000,0.000000,0.000000,0.000000
0.879700,0.299988,0.373017,0.753549,0.628425,0.944844,0.860534,0.308936,0.949777,0.776169,3.804932,2.907108,2.487595,3.763834,3.447529,3.134921,0.000000,0.000000,0.000000,0.000000
0.465254,0.775453,0.020664,0.456050,0.901554,0.324526,0.989510,0.400766,0.650735,0.004711,2.861735,2.286526,3.112399,2.333096,2.580694,2.345142,0.000000,0.000000,0.000000,0.000000
0.565713,0.466839,0.911830,0.337356,0.603760,0.726826,0.580255,0.693644,0.526641,0.686882,2.353859,2.829871,2.862899,2.383866,3.072989,2.161103,0.000000,0.000000,0.000000,0.000000
0.136737,0.003740,0.726635,0.778704,0.465800,0.085304,0.883791,0.138707,0.775279,0.767799,2.989880,1.944894,2.664193,2.043095,3.008095,1.894052,0.000000,0.000000,0.000000,0.000000
0.688446,0.527064,0.207511,0.294812,0.883521,0.850144,0.941913,0.257140,0.118282,0.508441,3.213699,1.674981,2.779237,2.269132,3.447903,1.873949,0.000000,0.000000,0.000000,0.000000
0.851220,0.103792,0.675852,0.684307,0.338257,0.681264,0.574233,0.394433,0.716406,0.644117,2.469586,2.665571,2.148698,2.679249,2.510078,2.408064,0.000000,0.000000,0.000000,0.000000
0.385502,0.367290,0.640164,0.693178,0.185742,0.866073,0.609457,0.098729,0.050243,0.986445,3.538299,1.284254,1.812951,2.790893,3.185476,1.587237,0.000000,0.000000,0.000000,0.000000
0.372213,0.239390,0.854189,0.827215,0.261998,0.505582,0.072013,0.095731,0.521642,0.103302,1.795145,1.877440,2.230720,1.727388,1.899887,1.950490,0.000000,0.000000,0.000000,0.000000
0.361744,0.692508,0.917777,0.964827,0.164851,0.381918,0.515261,0.019706,0.723084,0.725708,2.837210,2.471038,2.773065,2.476767,2.726218,3.098774,0.000000,0.000000,0.000000,0.000000
0.212810,0.092851,0.542511,0.632978,0.386402,0.893418,0.826553,0.260044,0.282481,0.119000,2.820402,1.396546,2.180415,2.006299,2.623741,1.288469,0.000000,0.000000,0.000000,0.000000
0.902266,0.627707,0.756512,0.077554,0.728541,0.916873,0.764440,0.968855,0.368303,0.340439,2.739587,3.242057,3.269343,3.200399,3.271411,3.378997,0.000000,0.000000,0.000000,0.000000
0.528082,0.619616,0.935606,0.671127,0.467968,0.344629,0.153907,0.475257,0.271297,0.657627,1.941544,2.560435,2.589811,1.896919,2.573181,2.027653,0.000000,0.000000,0.000000,0.000000
0.226506,0.822172,0.281017,0.110691,0.123935,0.092554,0.324221,0.746157,0.612459,0.537254,1.491789,2.591566,1.838097,2.336611,1.650408,2.518885,0.000000,0.000000,0.000000,0.000000
0.200687,0.461361,0.764053,0.530521,0.379646,0.961916,0.287538,0.310867,0.875021,0.810808,2.946341,2.390305,1.998225,3.329962,3.282394,2.286470,0.000000,0.000000,0.000000,0.000000
0.010985,0.383787,0.968878,0.983315,0.756286,0.150753,0.366779,0.200695,0.108706,0.383967,2.717522,2.087989,3.509404,1.267771,2.619968,2.316542,0.000000,0.000000,0.000000,0.000000
0.415724,0.128618,0.473619,0.604989,0.698938,0.016641,0.867759,0.200922,0.298228,0.947616,3.323355,1.385815,2.414743,2.108766,2.992158,1.372083,0.000000,0.000000,0.000000,0.000000
0.943037,0.964314,0.513373,0.734759,0.672977,0.534830,0.070845,0.212779,0.097527,0.198824,1.867452,2.961327,1.995299,2.971611,1.682590,3.028689,0.000000,0.000000,0.000000,0.000000
0.216898,0.648098,0.729994,0.334397,0.889030,0.182289,0.540203,0.368421,0.716476,0.355789,2.321956,2.275688,2.693320,2.150479,2.602798,2.194245,0.000000,0.000000,0.000000,0.000000
0.464289,0.515978,0.429694,0.960236,0.311043,0.828529,0.155393,0.911050,0.423838,0.412067,2.547199,2.276301,2.942736,2.317172,2.074596,3.300994,0.000000,0.000000,0.000000,0.000000
0.830603,0.925330,0.845636,0.920507,0.526963,0.566306,0.583330,0.772020,0.867556,0.788185,3.055667,4.263279,3.410137,3.685559,2.845262,4.267150,0.000000,0.000000,0.000000,0.000000
0.807834,0.050007,0.913456,0.927415,0.439519,0.025398,0.262108,0.290882,0.435461,0.944483,3.002047,2.643678,2.900983,2.615431,2.813294,2.460055,0.000000,0.000000,0.000000,0.000000
0.444400,0.387017,0.678529,0.383196,0.645860,0.353906,0.056975,0.494907,0.025310,0.390986,1.443138,1.749575,2.232992,1.267558,1.979640,1.543677,0.000000,0.000000,0.000000,0.000000
0.300222,0.538528,0.884493,0.376894,0.381939,0.931464,0.943285,0.901280,0.419082,0.628990,3.056640,2.729421,3.538652,2.623829,4.011541,2.408664,0.000000,0.000000,0.000000,0.000000
0.983330,0.449714,0.917866,0.268697,0.215700,0.858143,0.299779,0.233168,0.037470,0.809137,2.369256,2.877764,2.095158,3.153450,3.221321,2.406292,0.000000,0.000000,0.000000,0.000000
0.843702,0.406759,0.894614,0.457040,0.124076,0.981340,0.341865,0.354249,0.875018,0.342112,2.501144,3.320887,2.190094,3.496922,3.109851,2.808682,0.000000,0.000000,0.000000,0.000000
0.114125,0.796904,0.465193,0.273152,0.097791,0.160220,0.097538,0.777521,0.918541,0.734799,1.569086,3.047808,1.996473,2.772091,1.952800,3.009097,0.000000,0.000000,0.000000,0.000000
0.257484,0.884385,0.341501,0.559874,0.593015,0.399386,0.083251,0.491972,0.733304,0.266526,1.549474,2.663159,1.872198,2.584886,1.482507,2.552782,0.000000,0.000000,0.000000,0.000000
0.966108,0.548198,0.336872,0.623278,0.694509,0.990746,0.466137,0.455750,0.935847,0.100319,3.042854,3.327943,2.045498,4.080042,2.440160,3.462944,0.000000,0.000000,0.000000,0.000000
0.362785,0.323357,0.033114,0.057968,0.516948,0.110662,0.040833,0.455933,0.938115,0.020985,1.115634,2.394673,1.595180,2.061352,1.059217,2.294377,0.000000,0.000000,0.000000,0.000000
0.796497,0.752144,0.425445,0.597542,0.522273,0.440234,0.350400,0.086689,0.104987,0.844609,2.400908,1.936993,1.501407,2.588311,2.145054,2.344706,0.000000,0.000000,0.000000,0.000000
0.401723,0.345762,0.000984,0.233631,0.325189,0.966223,0.878853,0.397630,0.861607,0.597624,3.000206,2.219119,2.029289,2.985487,3.151655,2.178654,0.000000,0.000000,0.000000,0.000000
0.013133,0.381128,0.213529,0.476136,0.138368,0.002531,0.618645,0.738815,0.921428,0.746528,2.261760,2.609390,1.958005,2.298549,2.028942,2.552580,0.000000,0.000000,0.000000,0.000000
0.668363,0.028902,0.642142,0.507022,0.000957,0.886056,0.985726,0.959426,0.212958,0.326107,2.823618,2.412523,3.349391,2.112667,3.312611,2.253638,0.000000,0.000000,0.000000,0.000000
0.908145,0.123670,0.597558,0.214764,0.988381,0.411314,0.761707,0.798105,0.849039,0.192798,2.781098,3.344368,3.457813,2.614360,2.963675,2.999698,0.000000,0.000000,0.000000,0.000000
0.938296,0.023542,0.396410,0.342179,0.603471,0.764609,0.560753,0.434639,0.308962,0.691694,2.402734,2.365962,1.915117,2.689964,2.446985,1.985454,0.000000,0.000000,0.000000,0.000000
0.936264,0.029091,0.212978,0.191992,0.764283,0.985936,0.115801,0.923574,0.946146,0.640761,2.688580,3.639927,2.415814,3.781818,2.893373,3.472857,0.000000,0.000000,0.000000,0.000000
0.052190,0.057050,0.212584,0.498300,0.531144,0.398533,0.449116,0.138926,0.681882,0.669864,2.087640,1.604476,1.405369,1.883318,1.873144,1.553249,0.000000,0.000000,0.000000,0.000000
0.591663,0.983744,0.329877,0.559092,0.406544,0.548465,0.897104,0.651993,0.980375,0.172563,2.291773,3.760699,2.530330,3.235812,2.104962,3.387333,0.000000,0.000000,0.000000,0.000000
0.584880,0.459696,0.655210,0.073037,0.753635,0.920722,0.657671,0.702756,0.742865,0.585973,2.848464,2.620093,2.747180,2.920815,3.261492,2.455528,0.000000,0.000000,0.000000,0.000000
0.677436,0.119627,0.945187,0.197926,0.289561,0.200561,0.600472,0.507214,0.275130,0.201780,1.655217,2.648382,2.555183,1.508450,2.315323,1.572702,0.000000,0.000000,0.000000,0.000000
0.634105,0.967210,0.734672,0.722392,0.346860,0.565462,0.485373,0.291002,0.679045,0.121812,2.081317,3.096249,2.124705,2.957047,1.883162,2.887177,0.000000,0.000000,0.000000,0.000000
0.049813,0.350716,0.790540,0.975154,0.922657,0.310187,0.047700,0.100998,0.853948,0.032783,2.726236,2.154236,3.393200,2.006801,2.335755,2.961961,0.000000,0.000000,0.000000,0.000000
0.838191,0.422776,0.423753,0.785355,0.466708,0.875387,0.187803,0.630036,0.065279,0.401493,2.430794,2.268791,2.211268,2.418859,2.197046,2.472251,0.000000,0.000000,0.000000,0.000000
0.923427,0.186064,0.896393,0.010943,0.228547,0.569695,0.670460,0.370244,0.013904,0.969568,2.644769,2.737810,2.387767,2.817368,3.180428,1.992471,0.000000,0.000000,0.000000,0.000000
0.833815,0.681145,0.556255,0.114663,0.621044,0.365688,0.398307,0.741557,0.354124,0.499213,1.691166,2.715183,2.315700,2.381359,1.982094,2.688674,0.000000,0.000000,0.000000,0.000000
0.661189,0.749806,0.664204,0.671427,0.664023,0.921036,0.563625,0.285047,0.836846,0.067558,2.871966,2.719762,2.256371,3.371498,2.536496,2.882228,0.000000,0.000000,0.000000,0.000000
0.584154,0.411357,0.071397,0.110640,0.125964,0.160998,0.710107,0.623876,0.577063,0.107574,1.723953,2.184847,1.885258,1.866907,1.471448,2.095203,0.000000,0.000000,0.000000,0.000000
0.803631,0.760086,0.408348,0.759675,0.372049,0.399497,0.227311,0.397252,0.140289,0.180154,1.839600,2.281064,1.871181,2.199056,1.391247,2.576686,0.000000,0.000000,0.000000,0.000000
0.520290,0.481877,0.028749,0.643507,0.157829,0.970409,0.504251,0.619149,0.904317,0.716885,3.147942,2.631701,1.798908,3.312971,2.732811,2.697812,0.000000,0.000000,0.000000,0.000000
0.604723,0.422814,0.695054,0.872980,0.418777,0.609238,0.418768,0.311453,0.249097,0.463102,2.394870,1.788818,2.405764,1.809029,2.170288,2.222429,0.000000,0.000000,0.000000,0.000000
0.908049,0.059460,0.955825,0.965472,0.653909,0.979976,0.587001,0.836044,0.643344,0.115159,3.607311,3.796478,3.986858,3.267910,3.272860,3.549519,0.000000,0.000000,0.000000,0.000000
0.754113,0.150179,0.675591,0.648961,0.346635,0.333550,0.301838,0.207451,0.152145,0.889349,2.444979,1.800703,1.828929,2.091581,2.390654,1.719139,0.000000,0.000000,0.000000,0.000000
0.167920,0.050981,0.892721,0.428626,0.985896,0.095866,0.127842,0.208032,0.155142,0.503643,2.384090,1.803838,2.978001,1.191822,3.234210,1.096125,0.000000,0.000000,0.000000,0.000000
0.547979,0.485060,0.469320,0.885252,0.941561,0.542622,0.686825,0.695774,0.071531,0.822746,3.860413,1.943566,3.516961,1.933742,3.193714,2.432749,0.000000,0.000000,0.000000,0.000000
0.073156,0.846072,0.019864,0.211264,0.576816,0.899883,0.023072,0.003974,0.050455,0.674478,2.075343,1.519336,1.196706,2.634622,2.394496,1.849430,0.000000,0.000000,0.000000,0.000000
0.281230,0.847063,0.388492,0.191709,0.554978,0.444067,0.184104,0.328223,0.012641,0.765766,1.782032,1.874305,1.651491,2.087300,2.014467,1.881330,0.000000,0.000000,0.000000,0.000000
0.515426,0.471125,0.802170,0.493779,0.381554,0.476733,0.445394,0.662973,0.144121,0.774041,2.198789,2.202087,2.430704,1.822861,2.565613,1.851369,0.000000,0.000000,0.000000,0.000000
0.054323,0.329874,0.771622,0.705859,0.309476,0.651480,0.776543,0.901199,0.605457,0.332668,2.438125,2.553320,3.065094,1.994862,2.579316,2.531437,0.000000,0.000000,0.000000,0.000000
0.389758,0.184570,0.174244,0.440934,0.056067,0.556441,0.912233,0.804465,0.272019,0.644280,2.427450,1.938990,2.544175,1.612465,2.529642,1.753262,0.000000,0.000000,0.000000,0.000000
0.813075,0.242340,0.113685,0.641342,0.848120,0.757814,0.309957,0.016531,0.962832,0.807579,3.015295,2.484562,1.757249,3.237299,2.618900,2.815408,0.000000,0.000000,0.000000,0.000000
0.558714,0.580992,0.132374,0.969249,0.236457,0.580715,0.103991,0.279607,0.690325,0.750570,2.535439,2.044546,2.165882,2.559363,1.883680,3.093475,0.000000,0.000000,0.000000,0.000000
0.807717,0.230490,0.502016,0.753581,0.979255,0.509042,0.373905,0.119013,0.296833,0.332035,2.932142,1.768789,2.572650,1.911533,2.603964,2.088785,0.000000,0.000000,0.000000,0.000000
0.453328,0.206093,0.237670,0.842073,0.366930,0.524121,0.324719,0.362779,0.874375,0.185042,2.097820,2.223034,1.903184,2.103276,1.357881,2.504504,0.000000,0.000000,0.000000,0.000000
0.030030,0.044826,0.280278,0.920677,0.616004,0.762909,0.848558,0.398648,0.909851,0.423124,3.174389,2.228237,2.890933,2.369459,2.540141,2.559446,0.000000,0.000000,0.000000,0.000000
0.449736,0.043990,0.237409,0.349945,0.929436,0.199632,0.974750,0.027211,0.328572,0.414447,2.914956,1.226893,2.794480,1.391600,3.092128,1.248163,0.000000,0.000000,0.000000,0.000000
0.266657,0.793581,0.865208,0.908123,0.224028,0.169918,0.062568,0.458992,0.859379,0.503495,2.017556,3.097942,2.836460,2.531470,2.253723,3.213082,0.000000,0.000000,0.000000,0.000000
0.039265,0.633160,0.161224,0.310941,0.377245,0.254883,0.017117,0.722014,0.738611,0.373853,1.187382,2.428444,1.804601,2.163366,1.411712,2.453431,0.000000,0.000000,0.000000,0.000000
0.459694,0.644192,0.477874,0.323556,0.525405,0.626614,0.883005,0.433628,0.902280,0.897220,2.882767,2.542011,2.418505,3.189381,3.008269,2.594345,0.000000,0.000000,0.000000,0.000000
0.516164,0.041746,0.606890,0.308331,0.096542,0.133336,0.239856,0.486894,0.677283,0.061372,1.335284,2.165457,1.862206,1.752380,1.443812,1.696964,0.000000,0.000000,0.000000,0.000000
0.422153,0.610457,0.356157,0.671174,0.882738,0.383115,0.119742,0.605324,0.543998,0.999135,3.183071,2.121095,2.556430,3.000328,2.685237,2.252085,0.000000,0.000000,0.000000,0.000000
0.816721,0.272215,0.685987,0.216801,0.653834,0.036289,0.743223,0.569054,0.081869,0.446546,2.062024,2.277937,2.624749,1.618707,2.447160,1.929038,0.000000,0.000000,0.000000,0.000000
0.474752,0.379989,0.967510,0.402383,0.976670,0.853863,0.675399,0.208632,0.289666,0.732790,3.594580,2.268162,3.294973,2.318693,4.397186,1.583343,0.000000,0.000000,0.000000,0.000000
0.587052,0.735762,0.152028,0.133725,0.280161,0.902677,0.997050,0.046035,0.887100,0.175034,2.625780,2.328433,2.079432,3.282904,2.854990,2.725071,0.000000,0.000000,0.000000,0.000000
0.850237,0.802701,0.419389,0.281567,0.024491,0.424747,0.146847,0.279763,0.488801,0.598370,1.454196,2.561462,1.457900,2.809056,1.809972,2.664161,0.000000,0.000000,0.000000,0.000000
0.631219,0.436877,0.993857,0.571856,0.734090,0.218911,0.237210,0.967021,0.563931,0.215986,1.865209,3.542629,3.414687,1.924506,2.432562,2.942018,0.000000,0.000000,0.000000,0.000000
0.819307,0.454560,0.723744,0.993468,0.531125,0.538608,0.827365,0.797712,0.787988,0.845297,3.543236,3.209877,3.907694,3.033023,3.061882,3.998156,0.000000,0.000000,0.000000,0.000000
0.718108,0.773205,0.682347,0.302003,0.914821,0.326100,0.775577,0.738289,0.742284,0.212293,2.580436,3.164928,3.333837,2.641165,2.796463,2.994119,0.000000,0.000000,0.000000,0.000000
0.415377,0.748351,0.264872,0.030243,0.607939,0.385904,0.234086,0.431008,0.156005,0.896409,2.100464,1.841950,1.728856,2.382076,2.084613,1.878867,0.000000,0.000000,0.000000,0.000000
0.768250,0.094723,0.685241,0.871577,0.984601,0.289607,0.406909,0.005411,0.817930,0.680554,3.423605,2.279012,2.959846,2.345526,3.149857,2.720115,0.000000,0.000000,0.000000,0.000000
0.018097,0.395110,0.994905,0.795575,0.486345,0.293696,0.255430,0.611674,0.593320,0.409627,2.015235,2.962861,3.039519,1.786298,2.450778,2.205845,0.000000,0.000000,0.000000,0.000000
0.978169,0.306796,0.572867,0.889068,0.673991,0.363934,0.710422,0.426185,0.164844,0.218623,2.724054,2.459841,2.870742,2.223162,2.061974,2.858373,0.000000,0.000000,0.000000,0.000000
0.654068,0.619818,0.175454,0.929929,0.709750,0.642220,0.612806,0.367432,0.994704,0.976499,3.771723,2.784438,2.592197,3.714665,2.587628,3.602719,0.000000,0.000000,0.000000,0.000000
0.632427,0.249299,0.102903,0.097490,0.782245,0.667887,0.510230,0.166853,0.213630,0.798711,2.536590,1.469313,1.723886,2.058726,2.434008,1.548668,0.000000,0.000000,0.000000,0.000000
0.787806,0.966982,0.028570,0.195139,0.442042,0.792799,0.226702,0.483325,0.552882,0.544282,1.777398,3.152272,1.573441,3.419192,1.968678,2.816457,0.000000,0.000000,0.000000,0.000000
0.813406,0.122851,0.731306,0.590950,0.061303,0.004761,0.805351,0.433151,0.514543,0.122180,2.156411,2.445475,2.460929,1.967417,2.179333,2.033051,0.000000,0.000000,0.000000,0.000000
0.962632,0.209653,0.633104,0.429231,0.188390,0.275377,0.330093,0.990611,0.880423,0.758377,1.953344,3.761432,2.424560,3.054815,2.201152,3.854367,0.000000,0.000000,0.000000,0.000000
0.917604,0.597504,0.408176,0.814517,0.991932,0.994030,0.875364,0.649964,0.596451,0.674346,4.784077,2.917126,3.738231,3.784067,4.448350,3.262856,0.000000,0.000000,0.000000,0.000000
0.837892,0.748300,0.331882,0.406172,0.687982,0.429550,0.096671,0.980816,0.008920,0.600365,1.716696,2.886721,2.427739,2.219018,1.899588,3.273131,0.000000,0.000000,0.000000,0.000000
0.785582,0.234502,0.491868,0.190058,0.881322,0.514438,0.762836,0.601104,0.563997,0.488446,2.554828,2.435824,2.866462,2.163796,2.776033,2.168212,0.000000,0.000000,0.000000,0.000000
0.883714,0.347616,0.792992,0.665227,0.293864,0.082095,0.653415,0.956945,0.503214,0.293598,2.128711,3.228484,2.923717,2.236669,2.203648,3.259835,0.000000,0.000000,0.000000,0.000000
0.412515,0.019461,0.406591,0.447506,0.374648,0.656490,0.102079,0.780344,0.493379,0.372530,1.495680,2.105077,2.016302,1.812824,1.732034,1.721833,0.000000,0.000000,0.000000,0.000000
0.835049,0.524865,0.680499,0.233470,0.571737,0.580770,0.666979,0.634296,0.790343,0.178348,1.900086,3.063043,2.482862,2.748135,2.112999,2.894358,0.000000,0.000000,0.000000,0.000000
0.632966,0.313917,0.198609,0.150539,0.586055,0.056249,0.353380,0.507204,0.196617,0.404578,1.560231,1.809477,1.763608,1.466696,1.557297,1.672428,0.000000,0.000000,0.000000,0.000000
0.708418,0.373841,0.996726,0.212747,0.513122,0.505066,0.125588,0.517260,0.392598,0.387807,1.331363,3.030189,2.646511,1.921825,2.483895,1.955522,0.000000,0.000000,0.000000,0.000000
0.180895,0.347539,0.980699,0.369463,0.933484,0.021683,0.154322,0.191010,0.244682,0.210738,2.059508,2.178538,2.973663,1.366962,2.885001,1.421544,0.000000,0.000000,0.000000,0.000000
0.310912,0.706602,0.206875,0.104180,0.860369,0.499637,0.734670,0.334631,0.571101,0.014723,2.324612,1.940507,2.305635,2.204459,1.987807,2.075364,0.000000,0.000000,0.000000,0.000000
0.347080,0.154865,0.958325,0.816022,0.770283,0.028370,0.071128,0.819795,0.509896,0.782298,2.567826,2.930459,3.557079,1.841409,2.972221,2.270175,0.000000,0.000000,0.000000,0.000000
0.992777,0.357158,0.882997,0.690799,0.448457,0.824732,0.916198,0.512967,0.148935,0.881726,3.500898,3.066687,3.244776,3.341810,3.911270,2.584377,0.000000,0.000000,0.000000,0.000000
0.909911,0.770533,0.844036,0.128042,0.217980,0.295583,0.303486,0.313858,0.644642,0.511956,1.458577,3.263634,2.045130,2.984839,2.260431,2.949185,0.000000,0.000000,0.000000,0.000000
0.075984,0.280153,0.362610,0.123933,0.064050,0.622791,0.728654,0.790546,0.804660,0.589694,2.042784,2.450892,2.204218,2.196048,2.258492,2.318679,0.000000,0.000000,0.000000,0.000000
0.864015,0.706726,0.593832,0.244826,0.223270,0.098198,0.593939,0.554532,0.968050,0.072851,1.656759,3.459964,2.043620,3.025754,1.635655,3.384291,0.000000,0.000000,0.000000,0.000000
0.523763,0.866480,0.569711,0.710045,0.920312,0.222195,0.990728,0.517303,0.808227,0.184034,3.219031,2.937915,3.765259,2.645451,3.143682,2.915484,0.000000,0.000000,0.000000,0.000000
0.522434,0.319251,0.070803,0.823574,0.824171,0.383547,0.652673,0.011167,0.164553,0.755228,3.231398,1.191227,2.136356,1.643084,2.440175,1.867810,0.000000,0.000000,0.000000,0.000000
0.702457,0.528919,0.859009,0.006766,0.483781,0.988173,0.177002,0.228800,0.721733,0.498258,2.297771,2.642307,2.080903,3.240624,3.221725,2.399182,0.000000,0.000000,0.000000,0.000000
0.846773,0.108445,0.907189,0.534308,0.226568,0.036015,0.457065,0.427876,0.925822,0.293625,1.770500,3.506770,2.349687,2.453935,2.212700,2.649813,0.000000,0.000000,0.000000,0.000000
0.611426,0.649409,0.282932,0.693472,0.185105,0.495540,0.943105,0.361649,0.465894,0.475408,2.562511,1.986954,2.399536,2.173353,2.454818,2.272527,0.000000,0.000000,0.000000,0.000000
0.188303,0.557386,0.233128,0.471878,0.794048,0.169147,0.240624,0.939374,0.774974,0.162598,1.865276,2.643845,2.521128,2.091863,1.547367,2.966715,0.000000,0.000000,0.000000,0.000000
0.004674,0.422697,0.992171,0.965875,0.950780,0.734334,0.874850,0.363936,0.377210,0.412702,3.908776,2.499611,4.634238,1.963842,4.134430,2.423159,0.000000,0.000000,0.000000,0.000000
0.204100,0.023241,0.604054,0.464527,0.433707,0.381027,0.529915,0.036990,0.781851,0.962866,2.681798,1.737206,1.583937,2.667062,2.512976,1.664666,0.000000,0.000000,0.000000,0.000000
0.681549,0.207879,0.811361,0.695110,0.994000,0.520002,0.290272,0.482347,0.950491,0.301054,2.814970,3.055851,3.292140,2.352556,3.027292,2.644308,0.000000,0.000000,0.000000,0.000000
0.955196,0.241509,0.896281,0.109135,0.013133,0.020600,0.861559,0.257134,0.119063,0.381206,1.928866,2.724620,2.611457,2.017920,2.824047,2.131591,0.000000,0.000000,0.000000,0.000000
0.922213,0.918417,0.278479,0.842425,0.110187,0.135115,0.299834,0.590347,0.472917,0.017593,2.009713,3.311466,2.101602,3.042183,1.122449,3.472130,0.000000,0.000000,0.000000,0.000000
0.105148,0.363031,0.826518,0.297477,0.483934,0.094680,0.085965,0.805882,0.676528,0.692108,1.560842,2.667813,2.604731,1.968098,2.402497,2.245992,0.000000,0.000000,0.000000,0.000000
0.373991,0.515203,0.296420,0.125747,0.373761,0.685536,0.897265,0.452258,0.204907,0.539797,2.241287,1.619298,2.240528,1.857908,2.578191,1.651366,0.000000,0.000000,0.000000,0.000000
0.110115,0.809542,0.124186,0.722866,0.938594,0.344941,0.862732,0.128884,0.181239,0.058934,3.166444,1.592591,2.722535,1.877788,2.459083,2.041375,0.000000,0.000000,0.000000,0.000000
0.203515,0.725131,0.346888,0.049162,0.169240,0.402402,0.880595,0.379402,0.532684,0.469997,1.998204,1.953088,2.105899,2.148308,2.299542,2.038033,0.000000,0.000000,0.000000,0.000000
0.974116,0.832838,0.513369,0.746535,0.073800,0.190943,0.702896,0.421416,0.735517,0.942777,3.098460,3.403504,2.161336,4.081319,2.554930,3.561573,0.000000,0.000000,0.000000,0.000000
0.987110,0.879111,0.465308,0.261728,0.074784,0.648625,0.893146,0.070053,0.047069,0.228983,2.088493,2.653184,1.924553,3.042851,2.334970,2.844406,0.000000,0.000000,0.000000,0.000000
0.704589,0.693138,0.314326,0.878615,0.936737,0.396247,0.475641,0.250352,0.401768,0.612759,3.257413,1.995451,2.745891,2.277269,2.565074,2.731865,0.000000,0.000000,0.000000,0.000000
0.083929,0.334708,0.901372,0.072123,0.017392,0.387801,0.966476,0.055349,0.991159,0.022558,1.980460,2.645889,2.740325,2.161559,2.760408,2.317706,0.000000,0.000000,0.000000,0.000000
0.433524,0.671359,0.048316,0.317070,0.770629,0.206013,0.818105,0.651225,0.034987,0.609125,2.497696,1.937078,2.562374,1.613631,2.432601,1.937121,0.000000,0.000000,0.000000,0.000000
0.267675,0.003426,0.790463,0.968498,0.566050,0.576203,0.907847,0.952055,0.061148,0.919284,3.788884,2.283581,4.289643,1.914118,3.460694,2.700024,0.000000,0.000000,0.000000,0.000000
0.872500,0.899341,0.886709,0.006605,0.776625,0.360558,0.462550,0.802881,0.961159,0.407327,1.900054,4.593241,3.103329,3.407569,2.591969,3.902895,0.000000,0.000000,0.000000,0.000000
0.541161,0.081164,0.128255,0.482532,0.159693,0.205553,0.188045,0.942491,0.382054,0.318163,1.454106,2.247017,1.990423,1.486352,1.343151,2.200830,0.000000,0.000000,0.000000,0.000000
0.045373,0.807606,0.448106,0.941960,0.797565,0.947877,0.564521,0.415742,0.471871,0.157184,3.625505,2.081967,2.967028,2.975840,2.667862,2.801825,0.000000,0.000000,0.000000,0.000000
0.450074,0.905611,0.822967,0.971799,0.852185,0.372763,0.120057,0.764484,0.610275,0.958968,3.480927,3.278200,3.927565,3.334237,3.106718,3.577508,0.000000,0.000000,0.000000,0.000000
0.334565,0.862027,0.479201,0.654553,0.616465,0.444453,0.557358,0.245603,0.372986,0.922902,2.933644,1.999625,1.926164,2.885947,2.453731,2.162384,0.000000,0.000000,0.000000,0.000000
0.920028,0.082784,0.536159,0.325765,0.778613,0.236543,0.137449,0.226825,0.408655,0.706871,1.965037,2.216937,1.990342,2.321706,2.286224,2.034858,0.000000,0.000000,0.000000,0.000000
0.520394,0.100228,0.782643,0.916378,0.738305,0.171061,0.328792,0.813051,0.258324,0.473869,2.572225,2.314453,3.485925,1.370608,2.342171,2.391087,0.000000,0.000000,0.000000,0.000000
0.324847,0.285606,0.383229,0.521358,0.623423,0.916672,0.121207,0.365894,0.149342,0.887678,2.890787,1.437396,1.793791,2.563476,2.836576,1.398632,0.000000,0.000000,0.000000,0.000000
0.322139,0.246599,0.253692,0.317898,0.940730,0.183821,0.910706,0.009641,0.614690,0.503605,2.922875,1.425663,2.597647,1.724874,3.061190,1.661118,0.000000,0.000000,0.000000,0.000000
0.666203,0.289966,0.642286,0.190238,0.563174,0.178271,0.659919,0.312908,0.843277,0.283004,1.819549,2.436078,2.093961,2.131820,2.040587,2.306597,0.000000,0.000000,0.000000,0.000000
0.652829,0.506558,0.689661,0.185122,0.468429,0.988058,0.461711,0.052921,0.122498,0.882969,3.174223,1.568016,1.677000,3.062029,3.432663,1.800016,0.000000,0.000000,0.000000,0.000000
0.566492,0.537832,0.870824,0.853415,0.714516,0.437761,0.919411,0.351125,0.888892,0.171395,2.929483,2.907506,3.641492,2.365178,2.929880,2.977644,0.000000,0.000000,0.000000,0.000000
0.513158,0.635767,0.102824,0.524366,0.017394,0.063870,0.779177,0.480562,0.584672,0.518106,2.193215,2.120923,1.899374,2.095809,2.001747,2.205716,0.000000,0.000000,0.000000,0.000000
0.371823,0.435322,0.481585,0.400415,0.940397,0.198071,0.717978,0.453173,0.008558,0.583083,2.858925,1.566467,2.792760,1.292346,2.922115,1.539268,0.000000,0.000000,0.000000,0.000000
0.700454,0.428700,0.635776,0.290394,0.688290,0.229916,0.956122,0.506804,0.719933,0.938167,3.091259,2.506429,3.074859,2.883369,3.373704,2.358708,0.000000,0.000000,0.000000,0.000000
0.384451,0.679048,0.794362,0.745461,0.278016,0.110224,0.481520,0.609006,0.889099,0.574601,2.232936,2.985239,2.545476,2.436026,2.319066,2.894136,0.000000,0.000000,0.000000,0.000000
0.428002,0.702692,0.086553,0.035373,0.433559,0.712737,0.678647,0.120200,0.946741,0.836951,2.485433,2.338741,1.421307,3.246815,2.430378,2.677622,0.000000,0.000000,0.000000,0.000000
0.156101,0.343510,0.662134,0.056011,0.175702,0.550357,0.079994,0.138280,0.748777,0.618433,1.371102,1.843945,1.582167,2.124530,2.149278,1.908347,0.000000,0.000000,0.000000,0.000000
0.875402,0.564820,0.985535,0.519629,0.060431,0.957182,0.988565,0.442600,0.526844,0.604840,3.283338,3.422525,3.407024,3.391041,4.381624,2.589490,0.000000,0.000000,0.000000,0.000000
0.713426,0.243741,0.854796,0.883295,0.569368,0.844594,0.518583,0.758499,0.872009,0.222474,2.844670,3.341912,3.283761,2.793503,2.661302,3.235938,0.000000,0.000000,0.000000,0.000000
0.296090,0.887619,0.095882,0.725764,0.920981,0.010982,0.237014,0.889118,0.038951,0.000854,2.483201,2.537338,2.884011,1.834506,1.685966,2.741395,0.000000,0.000000,0.000000,0.000000
0.981123,0.478062,0.076826,0.142082,0.384545,0.317244,0.439034,0.286706,0.562124,0.124299,1.486222,2.599355,1.386683,2.749229,1.233363,2.745291,0.000000,0.000000,0.000000,0.000000
0.753445,0.073154,0.518043,0.534989,0.021590,0.274403,0.364514,0.150884,0.556424,0.053758,1.652438,1.925545,1.480742,1.904697,1.376230,1.854819,0.000000,0.000000,0.000000,0.000000
0.644662,0.542927,0.060080,0.543295,0.703309,0.207710,0.095504,0.855777,0.916296,0.597103,1.848618,3.050179,2.254692,2.468641,1.775525,3.234117,0.000000,0.000000,0.000000,0.000000
0.157019,0.472347,0.883125,0.268661,0.638219,0.676858,0.939810,0.468001,0.140730,0.061242,2.320196,2.078625,3.289391,1.674544,2.987010,1.545395,0.000000,0.000000,0.000000,0.000000
0.219369,0.917014,0.919737,0.523300,0.589414,0.599036,0.791578,0.572295,0.363340,0.617964,2.499238,3.080145,3.054843,2.511650,3.159785,2.206100,0.000000,0.000000,0.000000,0.000000
0.998995,0.497329,0.528194,0.340588,0.034242,0.608065,0.743365,0.048504,0.534456,0.273961,1.963057,2.433423,1.637474,3.004149,2.100438,2.784549,0.000000,0.000000,0.000000,0.000000
0.227534,0.350884,0.558146,0.544014,0.853571,0.791800,0.120568,0.960573,0.469187,0.881293,2.943060,2.261816,2.941858,2.623025,3.040740,2.481826,0.000000,0.000000,0.000000,0.000000
0.326469,0.742792,0.317862,0.372844,0.697026,0.837716,0.904332,0.342817,0.024404,0.374408,2.744432,1.685870,2.458529,2.182742,2.872030,1.799200,0.000000,0.000000,0.000000,0.000000
0.470948,0.552915,0.316495,0.331328,0.259009,0.285586,0.379535,0.073903,0.340457,0.430539,1.575519,1.390904,1.216190,1.733449,1.593196,1.777301,0.000000,0.000000,0.000000,0.000000
0.026558,0.242926,0.360071,0.684883,0.787291,0.939678,0.043725,0.143365,0.950364,0.524326,2.773766,2.056110,1.911692,2.878735,2.736204,2.297247,0.000000,0.000000,0.000000,0.000000
0.628027,0.968348,0.667614,0.494737,0.660879,0.411368,0.533263,0.770268,0.044722,0.218924,1.991061,3.031876,2.615128,2.208102,1.970982,2.599712,0.000000,0.000000,0.000000,0.000000
0.168757,0.641705,0.046805,0.662806,0.778211,0.780107,0.682306,0.274285,0.233260,0.976431,3.708245,1.503069,2.092417,3.008182,2.952039,1.834499,0.000000,0.000000,0.000000,0.000000
0.942686,0.838347,0.661319,0.164942,0.368205,0.712162,0.976299,0.433072,0.931723,0.844562,2.807486,3.759356,2.828969,4.215142,3.476468,3.579475,0.000000,0.000000,0.000000,0.000000
0.908182,0.535303,0.421792,0.748584,0.272862,0.193794,0.387074,0.379907,0.286614,0.291253,1.977976,2.306579,1.835652,2.262824,1.530079,2.622419,0.000000,0.000000,0.000000,0.000000
0.717988,0.107672,0.570855,0.068118,0.920320,0.684707,0.361695,0.345945,0.477774,0.847008,2.841884,2.005098,2.468438,2.512073,3.100227,1.720393,0.000000,0.000000,0.000000,0.000000
0.189980,0.409239,0.493820,0.913558,0.297470,0.423258,0.444380,0.200649,0.506933,0.856203,2.928052,1.521902,2.146154,2.211673,2.222238,2.311026,0.000000,0.000000,0.000000,0.000000
0.630395,0.176282,0.078712,0.936743,0.995282,0.160479,0.129823,0.393899,0.993083,0.983485,3.939943,2.631598,3.107566,3.106321,2.969161,3.158361,0.000000,0.000000,0.000000,0.000000
0.813571,0.352691,0.157719,0.976486,0.012555,0.038691,0.215907,0.094322,0.133308,0.128065,2.171532,1.666164,2.009201,1.695900,1.163007,2.796871,0.000000,0.000000,0.000000,0.000000
0.437164,0.534280,0.917089,0.217833,0.728559,0.248736,0.658058,0.493653,0.764475,0.283197,2.010921,2.891828,2.909438,2.103665,2.618312,2.262127,0.000000,0.000000,0.000000,0.000000
0.584082,0.682028,0.509268,0.435301,0.508584,0.315861,0.448659,0.466944,0.652167,0.052398,1.708337,2.342158,1.913997,2.265227,1.446044,2.369780,0.000000,0.000000,0.000000,0.000000
0.976823,0.154175,0.252546,0.848526,0.169205,0.665744,0.467172,0.078904,0.520082,0.558784,2.493241,2.283050,1.635032,2.803864,1.921101,2.796639,0.000000,0.000000,0.000000,0.000000
0.370792,0.281602,0.637183,0.722137,0.216340,0.546729,0.735818,0.166995,0.094627,0.143635,2.311304,1.338249,2.072649,1.356315,2.037854,1.538694,0.000000,0.000000,0.000000,0.000000
0.900155,0.119447,0.645556,0.783520,0.769012,0.150937,0.397231,0.188648,0.905961,0.561037,2.537536,2.851109,2.380358,2.635803,2.309924,2.966145,0.000000,0.000000,0.000000,0.000000
0.827770,0.324719,0.833221,0.955654,0.064717,0.723952,0.030404,0.875777,0.696584,0.635394,2.399082,3.340922,3.367389,2.754523,2.604369,3.762488,0.000000,0.000000,0.000000,0.000000
0.373175,0.422068,0.560173,0.085558,0.460428,0.472042,0.394143,0.974183,0.707906,0.149129,1.473158,2.614174,2.409723,2.010696,1.594495,2.875833,0.000000,0.000000,0.000000,0.000000
0.167382,0.242803,0.291633,0.230222,0.794797,0.100679,0.472371,0.682612,0.175550,0.694928,2.260030,1.723704,2.320173,1.398377,2.202646,1.496074,0.000000,0.000000,0.000000,0.000000
0.260060,0.329801,0.846069,0.549953,0.998268,0.779288,0.147463,0.397608,0.438089,0.274092,2.750994,2.052489,3.159032,2.026233,3.353302,1.614611,0.000000,0.000000,0.000000,0.000000
0.370761,0.566810,0.747217,0.578642,0.556399,0.589270,0.586881,0.986904,0.123712,0.142974,2.091521,2.389326,2.900990,1.668559,2.077347,2.646587,0.000000,0.000000,0.000000,0.000000
0.562785,0.193758,0.742568,0.588949,0.946812,0.182488,0.361831,0.805374,0.110759,0.810776,3.045491,2.223078,3.293552,1.605045,3.171549,1.875848,0.000000,0.000000,0.000000,0.000000
0.696371,0.470546,0.304590,0.906259,0.221876,0.695606,0.487396,0.715777,0.585912,0.713300,2.836911,2.448408,2.487217,2.563721,2.156525,3.025330,0.000000,0.000000,0.000000,0.000000
0.371948,0.207478,0.357835,0.712244,0.794930,0.538096,0.981297,0.848517,0.131459,0.959218,3.815592,1.924976,3.589441,2.161509,3.433462,1.977882,0.000000,0.000000,0.000000,0.000000
0.132206,0.096374,0.533972,0.490072,0.135348,0.166352,0.171186,0.846762,0.261736,0.973312,2.333873,1.961075,2.163495,2.149428,2.264266,1.709557,0.000000,0.000000,0.000000,0.000000
0.709162,0.239679,0.589637,0.529790,0.580829,0.631577,0.647682,0.119508,0.107133,0.559855,2.318145,1.562204,1.880841,1.724430,2.404444,1.649742,0.000000,0.000000,0.000000,0.000000
0.423261,0.672741,0.524702,0.151171,0.063723,0.294355,0.200425,0.607169,0.931099,0.033019,1.225540,2.794541,1.884432,2.441278,1.323891,2.751498,0.000000,0.000000,0.000000,0.000000
0.807016,0.322938,0.254264,0.153560,0.606291,0.032071,0.638193,0.465896,0.839108,0.222906,1.807971,2.707526,1.919383,2.368139,1.629411,2.599829,0.000000,0.000000,0.000000,0.000000
0.115778,0.343850,0.130882,0.218334,0.526608,0.448116,0.499232,0.844152,0.151883,0.237902,1.655340,1.882790,2.069932,1.361043,1.460279,1.876755,0.000000,0.000000,0.000000,0.000000
0.724580,0.841461,0.420799,0.920890,0.931163,0.406084,0.921110,0.421229,0.279169,0.647943,3.804017,2.394119,3.787809,2.444038,3.333767,2.993570,0.000000,0.000000,0.000000,0.000000
0.245747,0.463421,0.814997,0.619145,0.061360,0.351074,0.218217,0.949125,0.297660,0.003540,1.606905,2.458256,2.706827,1.559338,1.693343,2.469358,0.000000,0.000000,0.000000,0.000000
0.743496,0.060926,0.333720,0.646038,0.905192,0.367804,0.329116,0.281594,0.647096,0.072137,2.424959,2.115475,2.258922,2.006139,1.845175,2.009477,0.000000,0.000000,0.000000,0.000000
0.976658,0.070459,0.604962,0.131986,0.512321,0.094980,0.599778,0.901860,0.107227,0.559714,1.861445,2.926006,2.531757,2.077831,2.176829,2.675132,0.000000,0.000000,0.000000,0.000000
0.409859,0.397715,0.081521,0.981897,0.390886,0.231885,0.846419,0.581840,0.635229,0.534175,2.986980,2.079229,3.074177,1.877586,2.159234,2.897390,0.000000,0.000000,0.000000,0.000000
0.986013,0.596288,0.136821,0.956084,0.612224,0.256100,0.207125,0.276941,0.836114,0.620100,2.501255,3.061121,2.325854,3.245371,1.738017,4.058759,0.000000,0.000000,0.000000,0.000000
0.329899,0.453663,0.354956,0.960897,0.004630,0.153988,0.690579,0.647858,0.154511,0.231459,2.626388,1.755628,2.820473,1.376482,1.687351,2.508795,0.000000,0.000000,0.000000,0.000000
0.093719,0.904697,0.266496,0.273289,0.610854,0.149748,0.915973,0.977057,0.013493,0.078915,2.130462,2.649311,2.981470,1.835409,2.003999,2.818565,0.000000,0.000000,0.000000,0.000000
0.128377,0.532289,0.963360,0.569246,0.273447,0.495972,0.422031,0.597240,0.037885,0.088064,1.782357,2.510808,2.637243,1.443497,2.153333,1.722844,0.000000,0.000000,0.000000,0.000000
0.193404,0.568700,0.956845,0.911355,0.702255,0.592272,0.243027,0.658648,0.782353,0.539320,2.546554,3.184623,3.552707,2.360562,2.763073,3.004900,0.000000,0.000000,0.000000,0.000000
0.958451,0.118675,0.530619,0.300040,0.430856,0.992274,0.821506,0.018459,0.875602,0.102830,2.909040,2.707861,1.837883,3.710577,2.923098,2.768247,0.000000,0.000000,0.000000,0.000000
0.347402,0.819987,0.843639,0.489711,0.863815,0.890920,0.094344,0.704423,0.385303,0.379316,2.506814,2.774253,3.088952,2.787258,3.202858,2.284764,0.000000,0.000000,0.000000,0.000000
0.063843,0.284977,0.142125,0.136614,0.815048,0.911674,0.637446,0.575609,0.681365,0.175200,2.732580,2.046781,2.302405,2.520497,2.504908,1.859320,0.000000,0.000000,0.000000,0.000000
0.086250,0.332113,0.893781,0.452652,0.439866,0.774117,0.129621,0.803569,0.069427,0.506417,1.779817,2.391566,2.706805,1.676984,2.683016,1.773535,0.000000,0.000000,0.000000,0.000000
0.260341,0.920322,0.196596,0.622936,0.020334,0.811518,0.185912,0.469342,0.648176,0.375305,1.978783,2.624810,1.602999,3.041643,1.854084,2.500427,0.000000,0.000000,0.000000,0.000000
0.150472,0.716862,0.859822,0.185509,0.620812,0.393038,0.751582,0.393507,0.472755,0.098664,1.944874,2.354436,2.691370,2.047884,2.378587,1.967964,0.000000,0.000000,0.000000,0.000000
0.179766,0.364446,0.637877,0.105511,0.572264,0.856573,0.706418,0.361525,0.594528,0.766574,2.736393,1.844044,2.204861,2.621586,3.125697,1.740814,0.000000,0.000000,0.000000,0.000000
0.273810,0.118632,0.881924,0.258318,0.117381,0.742166,0.119599,0.201567,0.335244,0.663359,1.703593,1.868209,1.982330,1.892184,2.746275,1.254349,0.000000,0.000000,0.000000,0.000000
0.746268,0.287849,0.225985,0.300177,0.955783,0.096245,0.454657,0.392871,0.220435,0.520572,2.520365,1.864525,2.362235,1.652568,2.463331,1.778309,0.000000,0.000000,0.000000,0.000000
0.439754,0.884239,0.496435,0.422505,0.125825,0.276888,0.406702,0.729653,0.212382,0.654911,1.867987,2.501287,2.018915,2.173365,1.974539,2.311292,0.000000,0.000000,0.000000,0.000000
0.124581,0.528059,0.437801,0.223794,0.918277,0.425673,0.136201,0.690541,0.914892,0.663046,2.202799,2.623340,2.657438,2.399260,2.543010,2.594964,0.000000,0.000000,0.000000,0.000000
0.239114,0.733629,0.928993,0.929853,0.836913,0.045656,0.604456,0.446789,0.761280,0.091580,2.960443,3.021609,3.724641,2.302863,2.586043,3.061835,0.000000,0.000000,0.000000,0.000000
0.368144,0.922554,0.087684,0.968289,0.172324,0.322609,0.847313,0.968562,0.358191,0.054040,2.789431,2.871142,3.347992,2.261241,1.681030,3.831991,0.000000,0.000000,0.000000,0.000000
0.788279,0.984830,0.401690,0.804162,0.565023,0.196291,0.406783,0.073727,0.549917,0.081510,2.156214,2.817102,1.779141,2.913490,1.369249,3.113384,0.000000,0.000000,0.000000,0.000000
0.908074,0.855395,0.541737,0.701309,0.357707,0.059338,0.854523,0.833706,0.015826,0.683940,2.682659,3.164797,2.875808,2.577352,2.607268,3.257205,0.000000,0.000000,0.000000,0.000000
0.371395,0.083305,0.526111,0.723501,0.554843,0.394150,0.925080,0.476336,0.084521,0.005182,2.552820,1.575064,2.854529,1.171719,2.150353,1.391401,0.000000,0.000000,0.000000,0.000000
0.043618,0.908121,0.625713,0.732879,0.218154,0.950907,0.184067,0.543303,0.831431,0.304178,2.529068,3.010679,2.157777,3.518554,2.520046,2.898039,0.000000,0.000000,0.000000,0.000000
0.107353,0.004701,0.573809,0.677942,0.926322,0.336420,0.109170,0.666999,0.647924,0.756839,2.742893,2.150248,2.934455,1.934478,2.782245,1.766875,0.000000,0.000000,0.000000,0.000000
