0.553533,0.937812,0.776026,0.219611,0.007750,0.903243,0.834092,0.337246,0.984808,0.805536,3.156064,3.566479,3.793574,2.543506,3.341522,3.323994,1.959868,0.000000,0.000000,0.000000
0.765655,0.780966,0.535409,0.299267,0.156882,0.297589,0.181716,0.584358,0.111175,0.922551,2.163005,2.539287,2.741810,1.743604,2.246169,2.249033,2.273870,0.000000,0.000000,0.000000
0.787217,0.198269,0.797832,0.667211,0.979086,0.198228,0.752309,0.706824,0.195494,0.907388,3.592009,2.468146,2.519956,3.316432,2.435656,3.837003,3.999255,0.000000,0.000000,0.000000
0.783315,0.645904,0.673649,0.918034,0.450734,0.804741,0.371626,0.603772,0.500703,0.167400,1.786502,3.577678,2.242208,3.007179,3.501205,1.881084,2.547364,0.000000,0.000000,0.000000
0.929953,0.310740,0.970262,0.034838,0.493885,0.330759,0.787636,0.070417,0.557159,0.483440,2.205466,2.951894,1.897631,3.210103,2.977047,2.049558,2.191765,0.000000,0.000000,0.000000
0.602954,0.575115,0.286109,0.887822,0.472535,0.768390,0.123087,0.853276,0.478197,0.162727,2.149720,2.857337,2.515223,2.441360,2.739148,1.984779,2.739180,0.000000,0.000000,0.000000
0.350423,0.481595,0.073000,0.450926,0.249281,0.157250,0.377475,0.883342,0.873676,0.610051,2.956368,1.602001,2.257631,1.977124,1.313345,2.964121,2.286855,0.000000,0.000000,0.000000
0.517271,0.090757,0.733024,0.663093,0.080769,0.735872,0.621008,0.144882,0.018857,0.506074,1.426739,2.340805,2.085531,1.985926,2.601854,1.707601,1.994570,0.000000,0.000000,0.000000
0.020638,0.433509,0.399475,0.437948,0.146443,0.835676,0.700292,0.742435,0.696036,0.851558,3.070992,1.776126,3.114549,1.565355,2.114572,3.114619,2.341883,0.000000,0.000000,0.000000
0.487096,0.037519,0.901520,0.441669,0.637089,0.473658,0.357358,0.295374,0.672209,0.227326,1.870919,2.288344,1.538827,2.758407,2.399975,1.855976,2.534473,0.000000,0.000000,0.000000
0.584535,0.423919,0.081787,0.724209,0.477397,0.890863,0.741147,0.820039,0.593088,0.167765,2.499206,2.593863,2.671022,2.192552,2.377921,2.647820,2.503741,0.000000,0.000000,0.000000
0.278414,0.214689,0.585168,0.387569,0.192754,0.585268,0.974890,0.481544,0.864493,0.219781,2.928005,1.650957,2.577835,2.032192,1.989704,2.855452,1.654152,0.000000,0.000000,0.000000
0.866525,0.151464,0.318650,0.780498,0.539904,0.030871,0.072348,0.281309,0.265407,0.511263,1.594961,2.211463,1.302001,2.746553,2.096944,1.284378,2.139497,0.000000,0.000000,0.000000
0.585440,0.601216,0.587904,0.062088,0.693540,0.838118,0.288745,0.557884,0.605047,0.607408,2.315032,2.643524,2.523253,2.099149,2.383414,2.118054,1.918860,0.000000,0.000000,0.000000
0.828825,0.038304,0.163658,0.555172,0.372589,0.504647,0.709408,0.139156,0.531173,0.823496,2.472463,1.952272,2.362896,2.199374,2.093670,2.345701,2.076116,0.000000,0.000000,0.000000
0.560115,0.573612,0.536112,0.727429,0.563077,0.791353,0.417708,0.285214,0.595665,0.734232,2.245008,2.639092,2.538519,2.419733,2.627081,2.057634,2.363679,0.000000,0.000000,0.000000
0.931054,0.153772,0.047371,0.861303,0.329118,0.441503,0.094228,0.551679,0.097176,0.640841,1.679697,2.466803,1.948453,2.822524,2.782896,1.572014,2.245612,0.000000,0.000000,0.000000
0.281332,0.283894,0.108331,0.701462,0.765003,0.274672,0.538544,0.887661,0.850033,0.032501,2.896640,1.538723,1.964762,2.708379,1.639819,3.202692,2.986254,0.000000,0.000000,0.000000
0.504454,0.271610,0.363432,0.841850,0.025747,0.580904,0.112212,0.157601,0.822057,0.579137,2.161530,2.162939,1.936976,2.222630,2.347725,1.805070,1.929022,0.000000,0.000000,0.000000
0.301751,0.773354,0.317035,0.979166,0.754141,0.459439,0.597823,0.518060,0.617461,0.442651,2.324099,2.876334,2.266296,2.842816,2.858941,2.383942,2.714032,0.000000,0.000000,0.000000
0.227271,0.755821,0.521288,0.196823,0.277574,0.675774,0.290869,0.772697,0.739613,0.845410,2.924484,2.149036,3.180830,1.681958,2.282092,2.804988,2.240914,0.000000,0.000000,0.000000
0.690381,0.576517,0.410814,0.158406,0.024761,0.037826,0.437603,0.260218,0.247397,0.740311,1.849748,2.092188,1.798137,1.347285,1.477876,1.820829,1.427489,0.000000,0.000000,0.000000
0.616408,0.292866,0.226835,0.672596,0.991830,0.084738,0.781319,0.951406,0.662075,0.039712,3.857312,1.851550,2.221939,2.727470,1.536811,3.936524,3.520158,0.000000,0.000000,0.000000
0.431605,0.311338,0.292754,0.433733,0.374029,0.229821,0.027932,0.985083,0.462219,0.129504,2.442224,1.571767,2.218423,1.643043,1.421494,2.104673,2.536925,0.000000,0.000000,0.000000
0.061034,0.163314,0.452108,0.037270,0.239213,0.491987,0.299380,0.268767,0.119348,0.680690,1.610918,1.238706,1.967304,1.333052,1.697152,1.588782,1.301820,0.000000,0.000000,0.000000
0.106388,0.268744,0.893207,0.764673,0.143883,0.505711,0.892465,0.317879,0.103145,0.261680,1.838205,2.218077,2.169989,2.441364,2.755883,1.999360,2.455237,0.000000,0.000000,0.000000
0.685202,0.463089,0.829521,0.027111,0.493550,0.382495,0.466912,0.492443,0.583866,0.126480,1.796094,2.491855,1.578800,2.353366,2.267650,1.937994,1.863641,0.000000,0.000000,0.000000
0.425106,0.372911,0.818961,0.992720,0.364780,0.393189,0.171057,0.505787,0.158277,0.335246,1.407372,3.101469,1.623028,2.932305,3.075426,1.449933,2.709244,0.000000,0.000000,0.000000
0.424378,0.670834,0.769401,0.356245,0.647741,0.580282,0.392836,0.280813,0.416061,0.252937,1.640024,2.448989,1.961720,2.275024,2.433753,1.661835,2.149432,0.000000,0.000000,0.000000
0.723038,0.770077,0.056153,0.146351,0.157622,0.264976,0.450539,0.773394,0.335567,0.309076,1.934993,2.321231,2.193508,1.456776,1.820544,2.095688,1.636624,0.000000,0.000000,0.000000
0.773474,0.247038,0.106794,0.521091,0.736728,0.918000,0.086252,0.623835,0.393011,0.637244,2.258962,2.584325,2.490614,2.376777,2.351465,1.918064,2.411850,0.000000,0.000000,0.000000
0.343702,0.574403,0.373807,0.119118,0.761305,0.097237,0.818210,0.807778,0.224028,0.243013,2.514087,1.725986,2.138284,1.842246,1.352315,2.741184,2.246157,0.000000,0.000000,0.000000
0.590064,0.343355,0.703603,0.609515,0.867376,0.055948,0.889694,0.189691,0.564547,0.770685,3.282839,2.140415,2.249124,2.765781,1.862875,2.949339,2.885648,0.000000,0.000000,0.000000
0.896786,0.251824,0.141001,0.699519,0.836609,0.289537,0.640338,0.036314,0.290346,0.869767,2.624854,2.137525,2.169662,2.977580,2.235754,2.648257,2.897632,0.000000,0.000000,0.000000
0.438454,0.929843,0.637179,0.290223,0.857924,0.952650,0.861771,0.214226,0.236536,0.801593,2.905224,3.387447,3.876548,2.238543,3.146842,2.798547,2.531877,0.000000,0.000000,0.000000
0.698370,0.897908,0.056056,0.189595,0.923853,0.283380,0.478406,0.319362,0.941264,0.891025,3.493144,2.511478,2.836696,2.936697,2.109480,3.717655,2.637312,0.000000,0.000000,0.000000
0.402605,0.247635,0.064743,0.956676,0.394366,0.820062,0.880822,0.637388,0.004717,0.277817,1.952324,2.717813,2.607680,2.336141,2.714171,2.302581,2.372821,0.000000,0.000000,0.000000
0.154973,0.520971,0.587605,0.639324,0.345119,0.589433,0.969411,0.187669,0.196964,0.359719,2.221012,1.856788,2.717598,1.957615,2.269779,2.033912,1.890282,0.000000,0.000000,0.000000
0.124801,0.695656,0.123811,0.005904,0.381640,0.303852,0.375267,0.089556,0.058284,0.127685,1.103233,1.619160,1.664316,1.383816,1.553407,1.391848,1.152541,0.000000,0.000000,0.000000
0.932460,0.095160,0.946068,0.663259,0.516941,0.881978,0.645116,0.305330,0.565205,0.455899,2.011630,3.521751,2.211110,3.617306,3.773820,1.999015,2.779752,0.000000,0.000000,0.000000
0.620813,0.468341,0.186542,0.241326,0.058172,0.354672,0.084584,0.710641,0.456292,0.589513,2.162751,1.863289,2.059965,1.291220,1.543851,1.805371,1.676001,0.000000,0.000000,0.000000
0.450621,0.031638,0.471713,0.936414,0.537013,0.331428,0.446824,0.040413,0.524688,0.197998,1.648479,2.288660,1.388476,2.599844,2.393636,1.639100,2.274679,0.000000,0.000000,0.000000
0.334366,0.155604,0.995054,0.873414,0.775832,0.850381,0.485282,0.557956,0.253646,0.590681,2.112795,3.375034,2.326883,3.537469,3.511564,2.215735,3.701299,0.000000,0.000000,0.000000
0.202638,0.228558,0.543835,0.600562,0.730432,0.333115,0.442789,0.866881,0.743897,0.344189,2.760170,1.506157,2.045267,2.481441,1.848549,2.827886,2.877840,0.000000,0.000000,0.000000
0.013661,0.593637,0.428856,0.115329,0.347293,0.920217,0.578685,0.003159,0.587804,0.232553,1.759080,2.162030,2.248393,1.509640,2.229858,1.789766,1.270447,0.000000,0.000000,0.000000
0.381918,0.967894,0.611298,0.622959,0.209963,0.021873,0.348707,0.961222,0.872690,0.096635,2.785341,2.640991,2.796788,2.353925,2.523070,2.937782,2.694812,0.000000,0.000000,0.000000
0.388847,0.383227,0.773456,0.743159,0.019330,0.270950,0.687441,0.148474,0.572541,0.757484,2.372923,2.230485,2.055025,2.118707,2.310078,2.226392,2.354072,0.000000,0.000000,0.000000
0.144428,0.704260,0.989906,0.353659,0.753611,0.281282,0.118212,0.314494,0.945052,0.660935,2.656260,2.622226,2.077224,3.602982,2.551492,2.495063,3.039049,0.000000,0.000000,0.000000
0.446514,0.411481,0.851970,0.144750,0.812412,0.853206,0.587306,0.520761,0.222121,0.738410,2.381472,2.764226,2.611546,2.492061,2.628509,2.520654,2.692379,0.000000,0.000000,0.000000
0.833917,0.369461,0.080214,0.475074,0.779120,0.170402,0.186296,0.825104,0.869307,0.062671,2.723259,1.995977,1.688470,2.985376,1.705977,2.811130,2.643872,0.000000,0.000000,0.000000
0.063215,0.362819,0.100918,0.616553,0.998554,0.087028,0.675988,0.032592,0.961537,0.598264,3.521093,1.285033,1.633865,3.201658,1.348917,3.686939,2.690442,0.000000,0.000000,0.000000
0.627358,0.230596,0.174188,0.369136,0.932100,0.777166,0.534218,0.262371,0.442580,0.536583,2.533588,2.057472,2.125599,2.245531,1.957814,2.476225,2.301410,0.000000,0.000000,0.000000
0.454211,0.182223,0.220627,0.528820,0.545705,0.483840,0.926454,0.965563,0.261886,0.832356,3.640009,1.594315,3.734438,1.879889,1.700836,3.405115,3.128715,0.000000,0.000000,0.000000
0.588103,0.606546,0.788563,0.909332,0.223614,0.917650,0.625794,0.503973,0.696295,0.875095,2.744014,3.777202,3.067073,2.824144,3.497095,2.804361,2.987201,0.000000,0.000000,0.000000
0.388227,0.399022,0.106710,0.812205,0.982375,0.624184,0.764337,0.393969,0.678073,0.684462,3.463940,2.053904,2.441164,2.809329,2.205534,3.365724,2.988771,0.000000,0.000000,0.000000
0.188742,0.783231,0.608316,0.831065,0.887883,0.599613,0.096227,0.189648,0.446351,0.884103,2.786692,2.553003,2.863027,2.822644,2.920214,2.383874,3.303308,0.000000,0.000000,0.000000
0.679881,0.924570,0.806409,0.028751,0.741969,0.957726,0.159491,0.416447,0.867893,0.939255,3.047833,3.900444,3.660457,2.973280,3.484046,2.989796,2.805376,0.000000,0.000000,0.000000
0.486634,0.400994,0.391310,0.988080,0.452192,0.024419,0.571760,0.296714,0.345294,0.201582,1.537829,2.649153,1.198388,2.549402,2.195353,1.721526,2.242460,0.000000,0.000000,0.000000
0.824600,0.568746,0.304858,0.242846,0.559230,0.164942,0.486413,0.968379,0.350272,0.090855,2.377305,2.177990,2.263787,2.114163,1.758093,2.521909,2.472331,0.000000,0.000000,0.000000
0.243590,0.434711,0.501749,0.773903,0.605406,0.517108,0.296620,0.218368,0.022326,0.759039,1.697946,1.907992,2.179967,2.334169,2.268940,1.757580,2.466165,0.000000,0.000000,0.000000
0.572720,0.439195,0.547612,0.482258,0.287329,0.657958,0.275427,0.588148,0.152417,0.807692,2.015947,2.143325,2.516285,1.791790,2.168823,2.052426,2.201933,0.000000,0.000000,0.000000
0.439554,0.764925,0.045318,0.567954,0.741305,0.426588,0.361452,0.493898,0.093725,0.467841,1.674013,2.116969,2.158702,2.101306,1.970609,1.877982,2.260383,0.000000,0.000000,0.000000
0.371471,0.204790,0.192396,0.934991,0.941593,0.477559,0.625576,0.241354,0.620140,0.932671,3.397368,2.187100,2.455224,2.933680,2.340784,3.419142,3.542753,0.000000,0.000000,0.000000
0.694814,0.832251,0.108607,0.914849,0.742085,0.145121,0.465512,0.261791,0.253571,0.451871,1.747703,3.030017,1.952319,2.814426,2.564288,1.817087,2.502459,0.000000,0.000000,0.000000
0.061291,0.008934,0.718477,0.641723,0.366346,0.467734,0.780542,0.635398,0.887326,0.256557,2.587455,1.588945,1.986275,2.699121,2.248210,2.893838,2.300045,0.000000,0.000000,0.000000
0.090622,0.739202,0.124089,0.188510,0.252327,0.962880,0.559399,0.977130,0.335313,0.304623,2.460003,2.498774,3.425979,1.294080,2.283557,2.561517,2.187987,0.000000,0.000000,0.000000
0.608258,0.301692,0.206989,0.802982,0.596783,0.028686,0.834612,0.249506,0.437910,0.297109,2.102634,2.041977,1.553265,2.403418,1.680822,2.064331,2.178816,0.000000,0.000000,0.000000
0.050001,0.415528,0.017064,0.881884,0.986299,0.514470,0.399144,0.316695,0.569910,0.155877,2.584697,1.826131,1.630704,2.824151,2.230432,2.618480,2.886524,0.000000,0.000000,0.000000
0.117106,0.818717,0.547612,0.859612,0.718354,0.951052,0.906339,0.311651,0.361126,0.403573,2.420338,3.239109,3.283720,2.627835,3.335448,2.268378,2.506548,0.000000,0.000000,0.000000
0.283301,0.904617,0.969242,0.284166,0.165890,0.070441,0.734588,0.715675,0.541716,0.576030,2.531404,3.014045,2.618771,2.210267,2.704308,2.515972,2.624195,0.000000,0.000000,0.000000
0.174741,0.013877,0.760596,0.299959,0.369174,0.491881,0.515119,0.885181,0.911486,0.315735,2.782021,1.675909,2.241786,2.529233,2.097539,3.072727,2.467635,0.000000,0.000000,0.000000
0.809214,0.702026,0.720719,0.244573,0.126405,0.751337,0.600055,0.974858,0.359038,0.134446,2.433249,2.995964,3.096357,1.995353,2.875283,2.597046,2.456863,0.000000,0.000000,0.000000
0.986224,0.891165,0.892457,0.094118,0.108396,0.786248,0.346768,0.435553,0.777893,0.421504,2.052660,3.873384,2.712655,3.058943,4.147268,2.038770,1.836180,0.000000,0.000000,0.000000
0.778328,0.884745,0.110079,0.896264,0.034780,0.220060,0.477902,0.100001,0.501437,0.237359,1.610938,3.143116,1.993982,2.238091,2.850506,1.617157,1.899374,0.000000,0.000000,0.000000
0.573121,0.413516,0.382402,0.871203,0.610005,0.685028,0.638678,0.338909,0.281786,0.396643,1.728892,2.522120,2.032526,2.534586,2.583572,1.885127,2.313437,0.000000,0.000000,0.000000
0.958145,0.884501,0.444481,0.803765,0.586108,0.697311,0.716068,0.602097,0.000821,0.243908,1.610665,3.400196,2.768472,3.162759,3.833721,2.151293,2.405454,0.000000,0.000000,0.000000
0.112390,0.539853,0.885106,0.898418,0.425110,0.845722,0.228446,0.795277,0.650128,0.147945,2.191607,3.194130,2.425579,3.041971,3.439254,2.150060,3.195928,0.000000,0.000000,0.000000
0.346094,0.117923,0.288189,0.413372,0.923458,0.419906,0.370140,0.236338,0.773362,0.515407,2.742541,1.427094,1.697257,2.409258,1.578753,2.630665,2.322617,0.000000,0.000000,0.000000
0.704801,0.751215,0.281675,0.914837,0.289726,0.061947,0.913164,0.010217,0.474206,0.419779,2.347799,2.932283,2.297046,2.419735,2.399314,2.052997,2.018109,0.000000,0.000000,0.000000
0.955835,0.205809,0.939214,0.266273,0.638356,0.470425,0.052643,0.831247,0.141352,0.558554,2.133713,2.877006,2.268567,3.372519,3.171060,1.949774,3.080646,0.000000,0.000000,0.000000
0.188370,0.835549,0.500551,0.996285,0.869385,0.115334,0.275794,0.868776,0.966153,0.344732,3.243168,2.993667,2.388782,3.830484,2.842422,3.443209,3.475488,0.000000,0.000000,0.000000
0.116053,0.750391,0.484275,0.864897,0.820394,0.904653,0.392369,0.097980,0.577639,0.410660,2.142555,2.946460,2.505222,2.746506,3.103246,1.994780,2.605564,0.000000,0.000000,0.000000
0.145337,0.006575,0.974320,0.701388,0.164888,0.199474,0.526445,0.719791,0.849832,0.231864,2.353448,2.241626,1.562098,3.025467,2.493882,2.661318,3.003338,0.000000,0.000000,0.000000
0.220679,0.407595,0.837369,0.716143,0.126306,0.741850,0.300561,0.479292,0.017026,0.425351,1.316245,2.465206,2.045714,2.228691,2.838443,1.563053,2.347786,0.000000,0.000000,0.000000
0.940549,0.405442,0.013917,0.512156,0.737064,0.008385,0.076418,0.005335,0.232686,0.390801,1.602979,2.140173,1.227761,2.782628,1.905991,1.329904,2.064535,0.000000,0.000000,0.000000
0.394810,0.831410,0.824060,0.046108,0.438777,0.493216,0.963044,0.508198,0.954434,0.417592,3.136502,2.704827,3.137390,2.816805,2.659798,3.137419,1.843723,0.000000,0.000000,0.000000
0.512654,0.655098,0.509064,0.973973,0.812902,0.804786,0.970635,0.203121,0.914237,0.449863,3.367578,3.369684,3.151551,3.601215,3.207448,3.171966,2.728745,0.000000,0.000000,0.000000
0.756368,0.819601,0.308892,0.367916,0.933104,0.638584,0.672737,0.488678,0.329187,0.610151,2.730369,2.630620,2.756253,2.429094,2.482594,2.793185,2.448965,0.000000,0.000000,0.000000
0.274492,0.632300,0.463137,0.753293,0.548312,0.332368,0.824907,0.954512,0.168166,0.484669,2.785321,2.028399,3.032123,2.220914,2.135721,2.845496,2.996339,0.000000,0.000000,0.000000
0.843862,0.940682,0.650129,0.238833,0.441145,0.157907,0.209513,0.781027,0.878051,0.032021,2.374140,3.004930,2.363833,2.801980,2.805128,2.513180,2.088519,0.000000,0.000000,0.000000
0.042397,0.256731,0.224203,0.741745,0.027932,0.220063,0.592885,0.451473,0.561743,0.193799,1.814885,1.346453,1.389346,1.645326,1.682772,1.975384,1.837348,0.000000,0.000000,0.000000
0.814850,0.511979,0.088800,0.839918,0.117877,0.344643,0.830702,0.852802,0.822196,0.194849,2.956595,2.509789,2.441307,2.640640,2.373011,3.115247,2.474374,0.000000,0.000000,0.000000
0.742001,0.908043,0.459585,0.179799,0.655457,0.970402,0.840647,0.098324,0.838139,0.909421,3.286525,3.550566,3.966086,2.501581,3.092221,3.244076,2.277034,0.000000,0.000000,0.000000
0.651738,0.511727,0.382528,0.577957,0.083418,0.589468,0.410732,0.963635,0.151233,0.986344,3.047395,2.154801,3.570318,1.653928,2.115014,3.289271,3.434709,0.000000,0.000000,0.000000
0.000186,0.453192,0.571473,0.625076,0.163870,0.622453,0.919326,0.427103,0.635284,0.603333,2.791621,1.637742,2.769489,1.844699,2.235446,2.490758,1.916440,0.000000,0.000000,0.000000
0.904130,0.626171,0.365842,0.614652,0.811079,0.714730,0.618602,0.157694,0.828046,0.434053,2.517812,2.693871,2.239851,3.295354,2.838681,2.597730,2.309743,0.000000,0.000000,0.000000
0.940406,0.584452,0.567874,0.246596,0.308685,0.252935,0.570789,0.169924,0.541091,0.448404,1.856012,2.470124,1.715061,2.381105,2.442583,1.801314,1.468910,0.000000,0.000000,0.000000
0.768164,0.966032,0.738702,0.159668,0.007113,0.270295,0.724359,0.738401,0.085464,0.419985,1.939760,3.109920,2.844905,1.783897,2.958410,2.301332,1.873156,0.000000,0.000000,0.000000
0.112904,0.043152,0.836779,0.317395,0.620089,0.739001,0.385671,0.084226,0.231900,0.857872,2.082245,2.002149,2.483608,2.307574,2.471196,2.038529,2.657417,0.000000,0.000000,0.000000
0.669380,0.134512,0.722826,0.521241,0.962075,0.016834,0.507067,0.864616,0.947758,0.693477,3.965351,2.103611,2.092546,3.576888,1.815646,4.161442,3.526548,0.000000,0.000000,0.000000
0.791107,0.577759,0.798621,0.568739,0.443865,0.621656,0.553438,0.135020,0.666835,0.558696,2.092481,2.843124,2.178909,2.800229,2.864712,1.982849,2.229435,0.000000,0.000000,0.000000
0.312610,0.939452,0.211381,0.535579,0.334461,0.179187,0.049903,0.222706,0.709339,0.530350,2.005847,2.249724,2.292051,1.819887,2.159413,1.539712,1.702444,0.000000,0.000000,0.000000
0.024913,0.650883,0.910412,0.241694,0.069226,0.711278,0.790621,0.782367,0.790313,0.323449,2.764546,2.459934,2.775224,2.190553,2.733726,2.907290,2.415905,0.000000,0.000000,0.000000
0.495857,0.879837,0.468060,0.073956,0.755624,0.903489,0.241623,0.664989,0.337742,0.090663,1.889771,3.038849,2.789176,1.928485,2.752201,1.968763,1.986991,0.000000,0.000000,0.000000
0.834234,0.939949,0.849098,0.903743,0.724647,0.406284,0.757174,0.649183,0.412890,0.516769,2.482035,3.960030,2.930267,3.649912,4.050019,2.520134,3.259095,0.000000,0.000000,0.000000
0.851401,0.302558,0.993824,0.453063,0.837089,0.731512,0.109295,0.449678,0.666455,0.433023,2.356051,3.229960,1.987622,3.680875,3.267950,2.053694,3.235457,0.000000,0.000000,0.000000
0.336909,0.600963,0.908815,0.487156,0.411569,0.471609,0.214189,0.636876,0.719749,0.637995,2.399023,2.525601,2.260659,2.605559,2.547940,2.170146,2.702755,0.000000,0.000000,0.000000
0.990878,0.287972,0.249716,0.407988,0.519754,0.181454,0.724558,0.188064,0.246722,0.462674,1.780980,2.101766,1.620347,2.666702,2.273815,1.858699,1.709874,0.000000,0.000000,0.000000
0.330765,0.583784,0.904645,0.886674,0.443442,0.815328,0.767178,0.041699,0.033435,0.041491,1.398782,3.401867,2.281764,2.981946,3.450910,1.786104,2.753136,0.000000,0.000000,0.000000
0.221895,0.962183,0.320566,0.319752,0.208058,0.969233,0.396007,0.146489,0.492366,0.779959,2.128828,3.066472,3.478554,1.374601,2.962324,1.907290,1.665385,0.000000,0.000000,0.000000
0.488392,0.868397,0.560871,0.998208,0.483091,0.648144,0.519326,0.076280,0.356571,0.155084,1.480115,3.586492,2.364873,2.718607,3.553829,1.597370,2.331077,0.000000,0.000000,0.000000
0.427938,0.301402,0.853380,0.455255,0.666561,0.488927,0.096853,0.871122,0.433963,0.416652,2.400288,2.216963,2.265775,2.544228,2.334145,2.099153,3.103530,0.000000,0.000000,0.000000
0.662297,0.540311,0.937904,0.455610,0.335910,0.369514,0.014280,0.300293,0.717666,0.385425,1.897575,2.817550,1.683935,2.751310,2.556408,1.500431,2.377839,0.000000,0.000000,0.000000
0.989438,0.364831,0.998876,0.808147,0.916867,0.730771,0.365427,0.688004,0.713189,0.438907,2.897262,3.749064,2.202546,4.709528,4.222335,2.886577,3.986259,0.000000,0.000000,0.000000
0.156507,0.120564,0.956246,0.886608,0.197218,0.002631,0.724474,0.662988,0.111963,0.847289,2.397058,2.593288,2.115067,2.858308,2.614283,2.681106,3.489736,0.000000,0.000000,0.000000
0.383035,0.747404,0.142958,0.375888,0.410166,0.442871,0.251470,0.047742,0.546063,0.281314,1.640917,1.990543,1.940529,1.624458,1.836711,1.434449,1.546412,0.000000,0.000000,0.000000
0.566206,0.289819,0.765537,0.587040,0.833990,0.353545,0.111391,0.323499,0.316518,0.057465,1.757292,2.184181,1.392159,2.733200,2.207143,1.651226,2.659884,0.000000,0.000000,0.000000
0.669654,0.160681,0.495678,0.913802,0.518601,0.022124,0.758932,0.464034,0.603355,0.051441,2.075183,2.454437,1.327061,2.756475,2.166208,2.231422,2.343036,0.000000,0.000000,0.000000
0.756793,0.434983,0.632568,0.922016,0.445770,0.690742,0.607684,0.537023,0.688115,0.859463,2.735635,3.093103,2.677761,3.031305,3.158751,2.785146,2.904674,0.000000,0.000000,0.000000
0.692018,0.727284,0.533714,0.870525,0.037398,0.245007,0.438956,0.422561,0.894123,0.892768,2.803736,2.876518,2.474913,2.748035,2.628036,2.967591,2.595660,0.000000,0.000000,0.000000
0.798487,0.199134,0.835137,0.903089,0.589166,0.982744,0.216402,0.671415,0.084172,0.776856,2.063531,3.954045,2.797839,3.393719,3.742895,2.103003,3.322264,0.000000,0.000000,0.000000
0.797494,0.177019,0.411671,0.258455,0.740870,0.461559,0.500082,0.084558,0.302123,0.794948,2.220419,1.945135,2.130375,2.284446,1.971859,2.157368,2.154133,0.000000,0.000000,0.000000
0.923262,0.696465,0.189654,0.522176,0.524856,0.896554,0.580889,0.466232,0.914680,0.771617,2.765109,3.100080,2.943168,3.171199,2.981041,2.957841,2.173822,0.000000,0.000000,0.000000
0.041240,0.030633,0.418462,0.412014,0.682832,0.959225,0.036195,0.657236,0.797148,0.416150,2.402676,1.973936,2.319023,2.247748,2.204278,2.153135,2.205318,0.000000,0.000000,0.000000
0.009576,0.080555,0.927423,0.200548,0.527843,0.308976,0.110887,0.558259,0.227263,0.991705,2.425852,1.823192,2.390122,2.366357,2.177197,2.442486,3.352153,0.000000,0.000000,0.000000
0.766511,0.542594,0.863685,0.025509,0.004201,0.383491,0.831456,0.201959,0.713087,0.582262,2.538274,2.726816,2.281299,2.178701,2.480738,2.349783,1.657134,0.000000,0.000000,0.000000
0.003631,0.741330,0.046887,0.690620,0.561519,0.594707,0.443883,0.186742,0.099656,0.494540,1.445383,1.835498,2.265138,2.038588,2.228328,1.595383,2.042021,0.000000,0.000000,0.000000
0.515757,0.896661,0.511702,0.199112,0.530454,0.285938,0.448634,0.721994,0.548844,0.918522,2.851395,2.460740,3.140442,1.824644,2.238584,2.889038,2.579217,0.000000,0.000000,0.000000
0.302088,0.331139,0.924478,0.774135,0.943608,0.984110,0.316129,0.239430,0.501202,0.972802,3.219355,3.417818,2.973208,3.372962,3.317236,3.143022,4.279909,0.000000,0.000000,0.000000
0.037608,0.846398,0.051739,0.594403,0.945126,0.575461,0.415881,0.662986,0.095567,0.292411,2.256535,1.937999,2.472961,2.298589,2.301362,2.617749,2.781226,0.000000,0.000000,0.000000
0.112143,0.905276,0.573522,0.959146,0.041953,0.280246,0.868810,0.546508,0.522674,0.742545,2.807043,2.938236,3.157741,2.189728,3.163189,2.614281,2.458068,0.000000,0.000000,0.000000
0.103030,0.028383,0.736323,0.299589,0.483180,0.075911,0.239256,0.652456,0.868205,0.432609,2.362718,1.505495,1.445088,2.465560,1.644984,2.380753,2.119904,0.000000,0.000000,0.000000
0.913865,0.794697,0.898137,0.903583,0.053677,0.295910,0.484348,0.488949,0.201703,0.714924,1.884747,3.879896,2.392722,3.292429,3.876545,1.992866,2.860809,0.000000,0.000000,0.000000
0.504494,0.313165,0.744881,0.661299,0.131221,0.014224,0.910110,0.908179,0.466599,0.749344,3.463291,2.142332,2.911139,2.068727,1.900567,3.151824,2.971698,0.000000,0.000000,0.000000
0.121656,0.283432,0.728835,0.439104,0.336993,0.976739,0.579888,0.465731,0.479326,0.249691,1.760114,2.515625,2.174474,1.942483,2.599084,1.915153,1.936831,0.000000,0.000000,0.000000
0.328943,0.354981,0.336751,0.182057,0.953782,0.079973,0.150818,0.581051,0.743901,0.186235,2.764585,1.493383,1.273454,2.264635,1.219139,2.690617,2.301017,0.000000,0.000000,0.000000
0.278087,0.667416,0.466302,0.353259,0.773866,0.930151,0.178809,0.389832,0.618679,0.816259,2.622764,2.578961,2.917003,2.096671,2.391756,2.289054,2.421008,0.000000,0.000000,0.000000
0.319583,0.697569,0.743692,0.366252,0.444691,0.446962,0.344817,0.992660,0.557343,0.567480,2.889045,2.264006,3.084272,2.054361,2.289285,2.624414,2.906890,0.000000,0.000000,0.000000
0.515897,0.181740,0.665020,0.814515,0.884457,0.836007,0.911894,0.787102,0.650114,0.212087,3.415438,2.690009,2.901362,3.028965,2.856271,3.349450,3.280428,0.000000,0.000000,0.000000
0.364235,0.211805,0.698779,0.534346,0.053868,0.695387,0.556249,0.955107,0.847006,0.499180,3.063199,2.027699,2.839484,2.134147,2.344671,3.138227,2.677946,0.000000,0.000000,0.000000
0.306059,0.011908,0.751090,0.795950,0.077695,0.563036,0.552728,0.600173,0.443435,0.837359,2.454131,2.149881,2.445547,2.160868,2.634120,2.491774,2.748102,0.000000,0.000000,0.000000
0.919540,0.055077,0.213450,0.501306,0.628257,0.049914,0.200543,0.510502,0.664017,0.577968,2.230602,1.963965,1.452371,2.733342,1.878902,1.963398,2.095625,0.000000,0.000000,0.000000
0.272156,0.754729,0.494537,0.546266,0.435227,0.270646,0.252871,0.034722,0.115942,0.430529,1.321044,2.016727,1.886942,1.860088,2.004177,1.305608,1.810335,0.000000,0.000000,0.000000
0.164191,0.241070,0.716447,0.010753,0.355695,0.834793,0.334615,0.900640,0.998660,0.214467,2.793442,2.075696,2.556960,2.717607,2.351587,3.149562,2.131755,0.000000,0.000000,0.000000
0.448961,0.549457,0.128398,0.897902,0.894746,0.187888,0.046364,0.460778,0.990245,0.298811,2.750822,2.337865,1.488137,3.695885,2.037673,2.811125,2.798956,0.000000,0.000000,0.000000
0.473343,0.134277,0.879823,0.172764,0.188039,0.269359,0.953078,0.369543,0.004038,0.281810,1.959268,2.177851,2.156243,1.949146,2.072690,2.096182,1.859578,0.000000,0.000000,0.000000
0.901227,0.228685,0.935589,0.597001,0.416012,0.397617,0.257308,0.986643,0.161357,0.701535,2.630814,2.873301,2.850488,3.251162,3.082982,2.489647,3.666645,0.000000,0.000000,0.000000
0.220768,0.580820,0.871327,0.187646,0.393047,0.049959,0.824510,0.860118,0.392293,0.328054,2.607763,2.219880,2.281877,2.101445,1.930108,2.645648,2.558651,0.000000,0.000000,0.000000
0.296761,0.305102,0.146868,0.881330,0.869458,0.441123,0.890043,0.342460,0.873569,0.679937,3.500460,1.962613,2.504133,3.165854,2.158227,3.384568,2.823242,0.000000,0.000000,0.000000
0.485572,0.809584,0.578982,0.863258,0.315205,0.213203,0.129608,0.197173,0.552308,0.595690,1.918214,2.816557,2.100219,2.361492,2.648313,1.465991,2.157657,0.000000,0.000000,0.000000
0.235741,0.622554,0.058973,0.487041,0.847305,0.519662,0.212285,0.136310,0.555157,0.423382,2.175689,1.723851,1.940976,2.140540,1.789611,1.870812,2.221115,0.000000,0.000000,0.000000
0.004665,0.438066,0.841016,0.732887,0.014185,0.041574,0.325210,0.454808,0.159588,0.166104,1.292442,2.002866,1.199655,2.146270,2.179358,1.536886,2.327577,0.000000,0.000000,0.000000
0.781198,0.583247,0.709843,0.484730,0.745097,0.772726,0.714831,0.462985,0.880779,0.067322,2.475306,2.862346,2.208259,3.240235,2.797160,2.842137,2.393036,0.000000,0.000000,0.000000
0.297857,0.102859,0.660538,0.806165,0.301763,0.384879,0.953313,0.949575,0.501519,0.941956,4.073453,1.959082,3.873663,2.279463,2.347574,3.770916,3.685387,0.000000,0.000000,0.000000
0.983354,0.304935,0.909831,0.486847,0.455459,0.540916,0.986466,0.122214,0.543050,0.360677,2.641514,2.942449,2.633716,3.427918,3.412243,2.198071,2.387458,0.000000,0.000000,0.000000
0.283358,0.231751,0.471150,0.663123,0.721360,0.967201,0.981313,0.147584,0.116975,0.691396,2.720864,2.444997,3.368142,2.272148,2.485491,2.428531,2.393965,0.000000,0.000000,0.000000
0.754131,0.842901,0.526661,0.190992,0.725245,0.054773,0.380130,0.546828,0.336365,0.181826,1.754461,2.610958,1.784051,2.235546,2.087811,1.918943,1.957619,0.000000,0.000000,0.000000
0.557275,0.914566,0.754873,0.197978,0.283165,0.205306,0.343675,0.357475,0.581132,0.254286,1.707246,2.825938,2.056063,1.915235,2.536262,1.673722,1.649614,0.000000,0.000000,0.000000
0.744297,0.071946,0.335599,0.381860,0.493722,0.651468,0.859627,0.282830,0.613656,0.972319,3.157082,1.975514,3.073052,2.071250,2.048222,3.093834,2.529980,0.000000,0.000000,0.000000
0.881581,0.967575,0.675913,0.380237,0.807267,0.172248,0.242152,0.998582,0.940406,0.599418,3.641733,3.135407,3.432566,3.600150,3.093042,3.542912,3.313771,0.000000,0.000000,0.000000
0.817488,0.222380,0.754275,0.981004,0.150028,0.346751,0.469716,0.838277,0.999914,0.317693,2.738663,3.219088,1.975343,3.987706,3.227311,3.182431,2.919495,0.000000,0.000000,0.000000
0.766609,0.221376,0.600014,0.882252,0.933244,0.091291,0.391328,0.208441,0.569205,0.434560,2.498460,2.566219,1.302047,3.332757,2.405197,2.362762,2.907361,0.000000,0.000000,0.000000
0.343135,0.818014,0.891003,0.093183,0.621426,0.751208,0.906393,0.732586,0.728438,0.212641,2.934433,3.038093,3.243587,2.556424,2.998418,2.924316,2.503208,0.000000,0.000000,0.000000
0.958103,0.646909,0.962130,0.719578,0.475089,0.790684,0.823540,0.845447,0.829567,0.664506,3.359629,3.851009,3.392703,4.119051,4.071454,3.328400,3.536075,0.000000,0.000000,0.000000
0.512910,0.359189,0.247627,0.467685,0.017684,0.634259,0.146084,0.670737,0.906622,0.369559,2.345408,1.841320,2.019641,1.933344,1.850019,2.359835,1.780408,0.000000,0.000000,0.000000
0.165294,0.727616,0.459576,0.642147,0.342388,0.968355,0.553645,0.158853,0.346284,0.487855,1.686957,2.780274,2.644230,1.857533,2.724769,1.681754,1.835629,0.000000,0.000000,0.000000
0.551418,0.340764,0.339752,0.657622,0.910943,0.131685,0.183833,0.675428,0.646155,0.802967,3.227458,1.830049,2.024342,2.587718,1.595980,2.952799,3.142698,0.000000,0.000000,0.000000
0.921732,0.666220,0.402107,0.185861,0.968246,0.544390,0.729200,0.463641,0.159442,0.440691,2.587055,2.518649,2.286683,2.789713,2.574811,2.836932,2.265792,0.000000,0.000000,0.000000
0.377310,0.269378,0.584078,0.276244,0.689988,0.691171,0.806905,0.887347,0.697268,0.154333,3.000085,1.878953,2.696579,2.150638,2.066311,3.090246,2.567480,0.000000,0.000000,0.000000
0.137988,0.197208,0.003683,0.192005,0.067425,0.777554,0.662092,0.116716,0.852525,0.164335,2.073287,1.542670,1.939646,1.554987,1.786209,2.296059,1.198261,0.000000,0.000000,0.000000
0.494250,0.892244,0.020113,0.763437,0.892790,0.573682,0.176099,0.711742,0.353290,0.857063,3.016573,2.658009,3.275341,2.540812,2.682312,2.833557,3.383511,0.000000,0.000000,0.000000
0.816881,0.631914,0.451865,0.591462,0.964347,0.874545,0.898667,0.678471,0.305153,0.793900,3.733971,2.965805,3.555183,2.854366,2.808832,3.618658,3.190811,0.000000,0.000000,0.000000
0.865863,0.324328,0.033892,0.043053,0.752385,0.660706,0.784242,0.901300,0.298503,0.259410,2.717329,2.161651,2.718667,2.318725,2.159681,2.868811,2.342475,0.000000,0.000000,0.000000
0.774301,0.447645,0.112951,0.178680,0.078294,0.683550,0.637340,0.220697,0.720351,0.380550,2.040922,2.194624,2.025605,1.665075,2.020490,2.080816,1.203704,0.000000,0.000000,0.000000
0.599050,0.954084,0.318873,0.488383,0.363644,0.983504,0.139742,0.286368,0.805435,0.388533,1.986617,3.505165,3.009719,2.102328,3.107421,1.773402,1.663296,0.000000,0.000000,0.000000
0.466951,0.205543,0.115041,0.565546,0.265225,0.340859,0.174849,0.579149,0.581328,0.553144,2.083798,1.582076,1.768177,1.700523,1.558964,1.801646,1.882103,0.000000,0.000000,0.000000
0.473140,0.078833,0.643525,0.122163,0.700109,0.455075,0.948156,0.919014,0.097465,0.062646,2.853980,1.788769,2.939118,2.031655,1.894772,2.961885,2.560003,0.000000,0.000000,0.000000
0.028944,0.647265,0.367663,0.530841,0.438539,0.839530,0.658790,0.143086,0.767964,0.567444,2.297465,2.036506,2.557204,2.037149,2.299814,2.252083,1.803191,0.000000,0.000000,0.000000
0.223854,0.294057,0.538298,0.400434,0.761258,0.226548,0.952542,0.964979,0.935405,0.310145,4.009086,1.479233,2.999459,2.796238,1.588561,3.967101,2.965354,0.000000,0.000000,0.000000
0.974477,0.861454,0.891875,0.529375,0.649326,0.738728,0.440660,0.712694,0.910790,0.847844,3.144764,3.765397,3.371465,4.167495,4.111972,3.336286,3.383831,0.000000,0.000000,0.000000
0.402601,0.501211,0.164450,0.818248,0.363544,0.750751,0.124911,0.149011,0.796047,0.288068,1.888933,2.342734,1.960168,2.383458,2.399322,1.664800,1.956436,0.000000,0.000000,0.000000
0.030313,0.639708,0.462453,0.883710,0.940437,0.558861,0.898324,0.067415,0.518644,0.268670,2.977971,2.174938,2.477864,2.857809,2.630317,2.783200,2.815574,0.000000,0.000000,0.000000
0.846560,0.887932,0.538643,0.741595,0.774041,0.900758,0.090796,0.048698,0.170738,0.776610,2.051900,3.673879,3.203959,2.994038,3.655156,1.739758,2.707527,0.000000,0.000000,0.000000
0.707224,0.322016,0.028168,0.649442,0.084582,0.961807,0.023731,0.458422,0.041412,0.793905,1.768039,2.782233,2.669647,1.756546,2.424195,1.631216,2.068320,0.000000,0.000000,0.000000
0.922432,0.669678,0.405528,0.642469,0.788428,0.922259,0.687674,0.511065,0.037695,0.422955,1.878356,3.270506,2.623482,2.991882,3.220863,2.285573,2.438151,0.000000,0.000000,0.000000
0.261304,0.268938,0.176627,0.284413,0.123757,0.237489,0.920622,0.012521,0.283078,0.089402,2.009434,1.344184,1.926245,1.216639,1.298142,1.943556,1.300710,0.000000,0.000000,0.000000
0.791648,0.867976,0.058591,0.974274,0.491784,0.145111,0.551930,0.385862,0.348576,0.233958,1.582326,3.423493,1.927151,2.839102,2.951847,1.774935,2.274289,0.000000,0.000000,0.000000
0.951607,0.568344,0.508817,0.756391,0.426515,0.809901,0.190153,0.972428,0.455177,0.738243,2.935145,3.084199,3.432925,2.969945,3.386236,2.541217,3.144155,0.000000,0.000000,0.000000
0.087755,0.349225,0.808949,0.232791,0.908535,0.211798,0.083725,0.219443,0.783430,0.203677,2.454556,1.741785,1.298196,2.787283,1.893691,2.233467,2.497383,0.000000,0.000000,0.000000
0.708893,0.571969,0.382337,0.677736,0.373449,0.459125,0.120431,0.215902,0.450672,0.977375,2.423471,2.279357,2.603704,2.159793,2.202656,2.178367,2.740513,0.000000,0.000000,0.000000
0.027286,0.013973,0.487344,0.486876,0.386995,0.607494,0.142371,0.245519,0.307519,0.506470,1.587922,1.306782,1.867701,1.742540,1.960411,1.306211,1.741174,0.000000,0.000000,0.000000
0.601999,0.866500,0.830192,0.156689,0.598917,0.526581,0.314522,0.504036,0.246199,0.630934,1.859175,3.001986,2.642866,2.327891,2.862443,1.819023,2.218445,0.000000,0.000000,0.000000
0.802251,0.263355,0.192915,0.777996,0.487572,0.654951,0.248722,0.397861,0.800587,0.339015,2.009879,2.347820,1.814156,2.843142,2.500196,1.960907,2.084564,0.000000,0.000000,0.000000
0.628360,0.064023,0.110706,0.203218,0.502224,0.471345,0.518052,0.695500,0.368070,0.010568,1.808586,1.683520,1.743017,1.707529,1.589968,2.083587,1.792024,0.000000,0.000000,0.000000
0.078944,0.168048,0.366186,0.261508,0.989583,0.931787,0.957883,0.956792,0.086080,0.006023,3.752881,1.911328,3.581044,2.107116,2.084563,3.822961,3.134660,0.000000,0.000000,0.000000
0.272192,0.101549,0.944508,0.988456,0.145299,0.177669,0.813457,0.581069,0.943649,0.034072,2.578931,3.069691,1.650062,3.718686,3.037132,2.991459,3.001596,0.000000,0.000000,0.000000
0.337860,0.835231,0.147941,0.101913,0.064001,0.103999,0.726297,0.569951,0.886345,0.289991,2.433849,2.038838,2.078386,1.637688,1.618008,2.754532,1.293684,0.000000,0.000000,0.000000
0.664445,0.606545,0.324313,0.279405,0.287601,0.037050,0.523058,0.413656,0.024852,0.313837,1.270946,2.068157,1.427119,1.594690,1.428896,1.705853,1.447007,0.000000,0.000000,0.000000
0.861273,0.954025,0.867251,0.504639,0.260656,0.408186,0.802181,0.498489,0.950505,0.753941,3.058091,3.484204,3.238851,3.493691,3.591138,3.233728,2.505746,0.000000,0.000000,0.000000
0.505465,0.161355,0.106671,0.405151,0.346096,0.064282,0.707207,0.118876,0.616988,0.249299,1.935925,1.543648,1.307734,1.666144,1.175839,1.965037,1.527706,0.000000,0.000000,0.000000
0.835264,0.756553,0.710533,0.605207,0.377238,0.347592,0.515846,0.175554,0.220889,0.093291,1.313450,2.862145,1.826802,2.589495,2.808287,1.565158,2.007814,0.000000,0.000000,0.000000
0.929951,0.394920,0.043655,0.255642,0.795627,0.618758,0.695724,0.051569,0.440536,0.934191,2.866495,2.233671,2.716070,2.625550,2.357200,2.864330,2.600313,0.000000,0.000000,0.000000
0.849670,0.193612,0.529630,0.744875,0.808736,0.485949,0.815384,0.020954,0.717362,0.655826,2.935473,2.320793,2.283736,3.223309,2.623992,2.715943,2.598946,0.000000,0.000000,0.000000
0.779615,0.548899,0.673498,0.597336,0.293853,0.959573,0.265723,0.979526,0.820037,0.781331,3.377520,3.310288,3.657340,2.696404,3.005089,3.151512,3.120456,0.000000,0.000000,0.000000
0.559778,0.469397,0.077260,0.764090,0.695517,0.988802,0.903395,0.233011,0.949442,0.620739,3.176221,2.996978,3.082202,3.149510,2.544384,3.124778,2.352681,0.000000,0.000000,0.000000
0.991196,0.594682,0.603388,0.124947,0.222886,0.478668,0.773535,0.098880,0.147970,0.184164,1.541433,2.617050,1.999935,2.423496,2.926511,1.788252,1.308355,0.000000,0.000000,0.000000
0.343056,0.151243,0.180172,0.286053,0.503762,0.003266,0.221386,0.572970,0.486127,0.441175,1.903711,1.373694,1.309670,1.632437,1.064410,1.734888,1.745699,0.000000,0.000000,0.000000
0.465025,0.459940,0.907074,0.487365,0.028945,0.685491,0.308442,0.181778,0.346815,0.698626,1.849950,2.671196,2.274751,2.064575,2.690533,1.621420,2.337608,0.000000,0.000000,0.000000
0.176403,0.912149,0.123199,0.328240,0.781673,0.102545,0.944926,0.710652,0.241246,0.017139,2.689509,2.014209,2.870149,1.893070,1.845508,2.755820,2.298381,0.000000,0.000000,0.000000
0.420848,0.937719,0.562804,0.624437,0.049792,0.819869,0.173742,0.498326,0.924991,0.695512,2.533387,3.025203,3.189983,2.326501,3.166497,2.447501,2.013744,0.000000,0.000000,0.000000
0.168352,0.726696,0.068070,0.903855,0.841027,0.144318,0.247074,0.952594,0.455582,0.346772,2.864754,2.300434,2.472688,2.678727,2.166371,2.684305,3.480637,0.000000,0.000000,0.000000
0.289839,0.299724,0.230852,0.378838,0.556759,0.101806,0.567109,0.063878,0.945610,0.628395,2.497683,1.399887,1.582287,2.475705,1.219585,2.626161,1.789905,0.000000,0.000000,0.000000
0.705621,0.733345,0.302702,0.578427,0.478328,0.906306,0.837850,0.731577,0.525155,0.484643,2.669410,3.010584,3.234905,2.128490,2.655613,2.598094,2.233901,0.000000,0.000000,0.000000
0.360659,0.726202,0.053696,0.445135,0.248269,0.097632,0.224670,0.371923,0.374404,0.772981,2.026842,1.905750,2.097814,1.470846,1.472936,1.773428,1.834186,0.000000,0.000000,0.000000
0.068241,0.534728,0.633700,0.167257,0.421355,0.189502,0.200956,0.615054,0.322765,0.137545,1.589265,1.610075,1.504750,1.707333,1.677517,1.626511,1.738778,0.000000,0.000000,0.000000
0.170526,0.932290,0.498533,0.343600,0.970744,0.081327,0.306913,0.840656,0.133573,0.638936,3.006809,2.168426,2.802031,2.213596,2.126018,3.044688,3.048291,0.000000,0.000000,0.000000
0.572733,0.839715,0.433884,0.585468,0.630097,0.459240,0.941996,0.795409,0.685131,0.208771,3.118674,2.472803,3.236934,2.313113,2.407000,2.997494,2.521562,0.000000,0.000000,0.000000
0.858147,0.888780,0.657285,0.007716,0.086546,0.766586,0.644920,0.670106,0.713748,0.705506,2.685389,3.277377,3.279602,2.098113,3.287979,2.705320,1.677541,0.000000,0.000000,0.000000
0.885441,0.280683,0.708924,0.182231,0.015679,0.774196,0.024404,0.663404,0.489490,0.219569,1.829668,2.679966,2.038212,2.047938,2.833276,1.584115,1.727535,0.000000,0.000000,0.000000
0.726355,0.204294,0.981187,0.828028,0.611380,0.398477,0.316851,0.161945,0.553008,0.449377,1.854694,3.127166,1.612825,3.571700,3.132850,1.638396,3.151233,0.000000,0.000000,0.000000
0.623919,0.306154,0.157657,0.974193,0.414205,0.957313,0.090364,0.523247,0.839090,0.021457,1.995068,3.438900,2.061435,2.934663,3.010059,1.967125,2.289635,0.000000,0.000000,0.000000
0.800933,0.637597,0.176431,0.678446,0.996654,0.748301,0.748166,0.494611,0.858828,0.142100,3.296726,2.670244,2.321962,3.341179,2.586573,3.610054,2.793794,0.000000,0.000000,0.000000
0.689150,0.829041,0.912231,0.879583,0.495007,0.300672,0.437107,0.605740,0.171340,0.048866,1.462213,3.670242,2.023455,3.253505,3.441178,1.838785,3.039374,0.000000,0.000000,0.000000
0.968648,0.416423,0.658637,0.171783,0.665745,0.427251,0.763177,0.434759,0.788686,0.323774,2.445706,2.461246,1.898915,3.166496,2.748960,2.584544,1.888918,0.000000,0.000000,0.000000
0.614108,0.086323,0.754081,0.322586,0.954645,0.963751,0.666738,0.708448,0.947188,0.893303,4.091246,2.916551,3.146045,3.392128,2.653355,4.448093,3.481696,0.000000,0.000000,0.000000
0.061674,0.628119,0.218393,0.750572,0.487302,0.024898,0.691885,0.137878,0.871627,0.400783,2.291512,1.704836,1.592252,2.564191,1.651093,2.426379,2.003272,0.000000,0.000000,0.000000
0.095772,0.491103,0.630193,0.160914,0.522710,0.147299,0.079830,0.078107,0.975990,0.393863,2.170657,1.587810,1.420912,2.684541,1.606785,2.078702,1.601817,0.000000,0.000000,0.000000
0.187653,0.378775,0.720847,0.986830,0.330702,0.633110,0.860305,0.029515,0.835897,0.996916,3.381505,2.802214,3.152558,3.088439,3.134554,3.436913,3.350899,0.000000,0.000000,0.000000
0.239796,0.034779,0.334484,0.322407,0.117668,0.554563,0.493447,0.001542,0.235838,0.526269,1.572107,1.376492,1.860820,1.263072,1.700750,1.583295,1.389138,0.000000,0.000000,0.000000
0.360085,0.323363,0.344250,0.995069,0.609520,0.788642,0.316432,0.884602,0.528089,0.166107,2.342053,2.867859,2.465556,2.698361,2.909416,2.331114,3.072973,0.000000,0.000000,0.000000
0.107248,0.189276,0.651353,0.202967,0.135146,0.664679,0.614339,0.282147,0.971488,0.411667,2.305904,1.614948,1.934774,2.318158,2.098600,2.639590,1.435513,0.000000,0.000000,0.000000
0.945765,0.560089,0.012290,0.249547,0.275707,0.463769,0.123107,0.325421,0.626578,0.136325,1.681447,2.306695,1.669297,2.234640,2.334556,1.476938,1.360070,0.000000,0.000000,0.000000
0.504411,0.912572,0.359011,0.186757,0.448201,0.972751,0.619106,0.174341,0.302791,0.259615,1.540490,3.279078,2.892008,1.596631,2.834341,1.699891,1.410731,0.000000,0.000000,0.000000
0.585208,0.343321,0.057711,0.629660,0.617006,0.082410,0.702915,0.146261,0.633382,0.619358,2.353663,1.802292,1.678538,2.232892,1.417913,2.214978,2.104637,0.000000,0.000000,0.000000
0.020616,0.118332,0.670553,0.964958,0.432309,0.570713,0.575120,0.603844,0.031883,0.296351,1.464390,2.278864,1.856069,2.664961,2.919066,1.962593,2.576490,0.000000,0.000000,0.000000
0.192002,0.814547,0.518956,0.842063,0.345577,0.015384,0.654582,0.962987,0.305999,0.000429,2.387542,2.418624,2.535970,2.198451,2.322256,2.615508,2.927038,0.000000,0.000000,0.000000
0.798772,0.596555,0.067807,0.327041,0.865373,0.617094,0.268537,0.125431,0.860822,0.318078,2.454477,2.303715,1.932212,2.852411,2.108492,2.417696,2.081162,0.000000,0.000000,0.000000
0.844169,0.917282,0.229722,0.091886,0.318234,0.078624,0.423943,0.565691,0.878714,0.690302,2.571821,2.697743,2.443045,2.370516,2.268829,2.652771,1.533713,0.000000,0.000000,0.000000
0.754639,0.286193,0.170612,0.146892,0.539069,0.063588,0.075045,0.350343,0.714026,0.820614,2.475988,1.841596,1.775503,2.075517,1.347310,2.060819,1.853465,0.000000,0.000000,0.000000
0.281261,0.178692,0.700663,0.536954,0.137158,0.187785,0.302469,0.842435,0.350959,0.808389,2.610744,1.703046,2.353185,1.781035,1.836307,2.482496,2.739875,0.000000,0.000000,0.000000
0.575903,0.684889,0.266379,0.210472,0.128791,0.496631,0.495946,0.900976,0.555602,0.563712,2.665281,2.125123,2.824620,1.354937,1.860292,2.580229,2.020391,0.000000,0.000000,0.000000
0.448942,0.792176,0.443252,0.581787,0.490671,0.818972,0.767658,0.183682,0.702559,0.576219,2.416500,2.680083,2.915850,2.128021,2.624412,2.286858,1.930868,0.000000,0.000000,0.000000
0.894722,0.937272,0.395551,0.362202,0.594236,0.073202,0.738616,0.364046,0.676405,0.083690,2.103380,2.841350,2.140976,2.569747,2.622280,2.254761,1.788049,0.000000,0.000000,0.000000
0.353309,0.365763,0.736947,0.790900,0.525530,0.737402,0.839514,0.441628,0.977553,0.864548,3.347936,2.492460,2.988820,3.459558,2.798622,3.567467,2.931161,0.000000,0.000000,0.000000
0.652814,0.615281,0.690960,0.699613,0.844731,0.732674,0.181259,0.155411,0.368498,0.069197,1.808241,2.817039,1.971168,2.852483,2.814409,1.685595,2.644874,0.000000,0.000000,0.000000
0.950274,0.271813,0.372835,0.764192,0.141762,0.640670,0.477992,0.824120,0.325544,0.701378,2.429455,2.505081,2.638912,2.596682,3.006313,2.433721,2.533063,0.000000,0.000000,0.000000
0.959734,0.033436,0.481062,0.349467,0.294774,0.216337,0.389159,0.039358,0.939632,0.162146,1.991145,2.079582,1.251593,3.109103,2.304682,2.223234,1.490087,0.000000,0.000000,0.000000
0.019923,0.846455,0.197509,0.589824,0.258673,0.655783,0.857239,0.204536,0.201456,0.235552,1.806674,2.000444,2.782417,1.614603,2.413341,1.911487,1.667540,0.000000,0.000000,0.000000
0.224881,0.764688,0.582395,0.549857,0.967289,0.300895,0.984809,0.701204,0.122650,0.252228,3.318447,2.065628,2.979736,2.469755,2.148829,3.329187,2.946343,0.000000,0.000000,0.000000
0.405030,0.851315,0.368117,0.698523,0.111373,0.406551,0.529781,0.437863,0.772868,0.639760,2.344901,2.373274,2.511314,1.951859,2.419038,2.350696,1.920412,0.000000,0.000000,0.000000
0.733292,0.512133,0.572418,0.219545,0.793858,0.069803,0.527687,0.979436,0.533005,0.253632,2.929731,2.183667,2.229616,2.361777,1.688864,2.957836,2.897737,0.000000,0.000000,0.000000
0.165746,0.836151,0.380690,0.194815,0.350474,0.733444,0.273555,0.850816,0.111396,0.420943,1.915372,2.209726,3.020775,1.444370,2.374696,2.035510,1.967762,0.000000,0.000000,0.000000
0.093044,0.652076,0.461942,0.733164,0.877704,0.861719,0.170268,0.104129,0.791216,0.579740,2.650168,2.380056,2.475344,2.823963,2.650011,2.310276,2.615681,0.000000,0.000000,0.000000
0.319352,0.938869,0.118214,0.614265,0.872883,0.845687,0.620379,0.002745,0.582884,0.562482,2.554131,2.801424,3.081556,2.329542,2.871757,2.425259,2.432690,0.000000,0.000000,0.000000
0.180268,0.495518,0.388755,0.137973,0.409477,0.504335,0.498875,0.763942,0.973307,0.443366,2.689174,1.549304,2.194075,2.361796,1.718571,3.054675,1.791460,0.000000,0.000000,0.000000
0.279443,0.093559,0.230170,0.239480,0.423857,0.340777,0.354427,0.229216,0.645867,0.219774,1.735671,1.314664,1.398250,1.611886,1.409270,1.692400,1.434496,0.000000,0.000000,0.000000
0.518763,0.620030,0.854184,0.374156,0.036052,0.755064,0.907819,0.742355,0.244575,0.971508,3.276705,2.858810,3.857543,1.872581,2.722436,3.364349,3.182350,0.000000,0.000000,0.000000
0.103687,0.092146,0.521343,0.788113,0.142109,0.069528,0.091639,0.418622,0.555284,0.315312,1.728196,1.557949,1.200450,1.957839,1.830925,1.448042,1.958660,0.000000,0.000000,0.000000
0.190833,0.480164,0.122788,0.156168,0.181482,0.088172,0.849255,0.179111,0.643790,0.223562,2.219892,1.423395,1.691652,1.319639,1.160468,2.150860,1.195635,0.000000,0.000000,0.000000
0.311180,0.258792,0.788464,0.071804,0.802469,0.929937,0.229855,0.295805,0.192940,0.478143,1.783003,2.616172,2.184188,2.307437,2.559385,1.709574,2.153116,0.000000,0.000000,0.000000
0.642485,0.561068,0.227339,0.428806,0.076184,0.254182,0.245253,0.731672,0.300744,0.533434,1.980612,1.987704,2.002836,1.444662,1.593283,1.888771,1.872169,0.000000,0.000000,0.000000
0.422292,0.761908,0.636295,0.375267,0.296893,0.074263,0.087601,0.615947,0.637279,0.319834,1.975623,2.267886,1.762790,1.832248,1.882395,1.738577,1.864364,0.000000,0.000000,0.000000
0.936874,0.301010,0.013733,0.166605,0.750558,0.720933,0.990219,0.605608,0.281536,0.492873,2.946209,2.297746,3.077686,2.550502,2.455737,2.676497,1.981142,0.000000,0.000000,0.000000
0.395430,0.276954,0.136052,0.610407,0.754317,0.647505,0.625191,0.954288,0.530157,0.113614,2.809092,1.735175,2.606482,2.195764,1.909003,2.929247,3.048801,0.000000,0.000000,0.000000
0.058470,0.559646,0.535784,0.976515,0.661436,0.054798,0.556242,0.624820,0.339202,0.628547,2.200537,2.413451,1.830815,2.773325,2.371147,2.268354,2.838454,0.000000,0.000000,0.000000
0.210142,0.879659,0.866501,0.211142,0.706666,0.979439,0.822848,0.930164,0.678702,0.629330,3.514204,3.555210,4.181979,2.547798,3.338853,3.333776,3.177755,0.000000,0.000000,0.000000
0.337702,0.964036,0.577504,0.009280,0.673922,0.012648,0.484859,0.911076,0.479476,0.853190,3.157934,2.459670,3.352317,1.904959,2.214270,3.094046,2.783022,0.000000,0.000000,0.000000
0.821297,0.960169,0.552066,0.653043,0.210592,0.769092,0.468648,0.154282,0.384437,0.089572,1.444785,3.380124,2.685492,2.268700,3.575995,1.549747,1.793960,0.000000,0.000000,0.000000
0.769639,0.276854,0.197171,0.563680,0.702217,0.526562,0.469623,0.779126,0.349219,0.625497,2.432812,1.987736,2.330365,2.383682,2.020458,2.443070,2.627004,0.000000,0.000000,0.000000
0.012825,0.608429,0.086330,0.193069,0.268897,0.558345,0.301570,0.727744,0.408812,0.502183,2.056098,1.481110,2.318748,1.318235,1.710033,1.964510,1.682791,0.000000,0.000000,0.000000
0.116651,0.830509,0.642970,0.329431,0.924784,0.250736,0.196618,0.340355,0.540017,0.958568,3.176188,2.080039,2.756141,2.345228,2.175667,2.990625,3.204302,0.000000,0.000000,0.000000
0.840933,0.737964,0.090301,0.421050,0.393355,0.703092,0.085398,0.802432,0.000374,0.081512,1.533171,2.643865,2.526232,2.071462,2.503012,1.738756,2.092531,0.000000,0.000000,0.000000
0.454743,0.591821,0.799958,0.537535,0.097903,0.739008,0.392402,0.802688,0.329219,0.637681,2.276753,2.660054,2.777368,1.945397,2.676381,2.237756,2.579256,0.000000,0.000000,0.000000
0.118169,0.239920,0.143816,0.610962,0.247845,0.799499,0.103593,0.368316,0.979927,0.462890,2.245209,1.672409,2.045991,2.527875,2.051575,2.227078,1.744033,0.000000,0.000000,0.000000
0.212802,0.136659,0.916881,0.376904,0.210476,0.469369,0.261140,0.834086,0.639089,0.669360,2.672470,2.058413,2.405178,2.231989,2.364366,2.419022,2.842574,0.000000,0.000000,0.000000
0.311196,0.012455,0.663792,0.292820,0.365131,0.905538,0.944788,0.539781,0.819697,0.717035,3.294374,2.278381,3.257355,2.122788,2.374183,3.057735,1.967098,0.000000,0.000000,0.000000
0.560234,0.946911,0.116960,0.852786,0.353150,0.169224,0.261550,0.762251,0.602572,0.401714,2.217007,2.910317,2.518452,2.259944,2.662238,2.092900,2.431037,0.000000,0.000000,0.000000
0.285827,0.477848,0.294852,0.895908,0.487304,0.824350,0.992975,0.312240,0.277194,0.172109,2.336932,2.578781,2.937953,2.323901,2.684437,2.140124,2.171525,0.000000,0.000000,0.000000
0.915581,0.332099,0.587105,0.981914,0.177384,0.642605,0.498245,0.445299,0.133259,0.047848,1.285650,3.311544,1.751546,3.046679,3.589582,1.699083,2.220491,0.000000,0.000000,0.000000
0.452943,0.190194,0.585930,0.678366,0.654880,0.298833,0.019560,0.986450,0.051448,0.181633,2.164786,1.841904,2.285594,2.358308,1.974690,2.114318,3.185194,0.000000,0.000000,0.000000
0.832657,0.809618,0.772864,0.692106,0.459341,0.645722,0.934373,0.720446,0.862024,0.363335,3.150649,3.282443,3.290027,3.356677,3.404473,3.131849,2.640166,0.000000,0.000000,0.000000
0.878050,0.042581,0.070023,0.736195,0.814848,0.978671,0.581263,0.026320,0.373716,0.536965,2.135459,3.013833,2.333433,2.958860,2.904491,2.076524,2.444855,0.000000,0.000000,0.000000
0.768885,0.680765,0.264129,0.814658,0.777971,0.425813,0.131420,0.041845,0.263843,0.439953,1.742756,2.642448,1.934909,2.810843,2.519741,1.473985,2.441321,0.000000,0.000000,0.000000
0.805691,0.530447,0.839267,0.147381,0.445404,0.512129,0.543363,0.296897,0.766901,0.286739,1.979989,2.747077,1.798736,2.744935,2.638373,2.106843,1.870012,0.000000,0.000000,0.000000
0.081113,0.354628,0.912296,0.821136,0.020421,0.905565,0.437148,0.308661,0.351257,0.999182,2.415547,3.011955,2.973568,2.459365,3.307330,2.572489,3.539571,0.000000,0.000000,0.000000
0.139931,0.381322,0.257649,0.265095,0.322334,0.491337,0.399458,0.962918,0.904630,0.313393,2.924614,1.362030,2.514889,2.015933,1.597547,3.080104,2.269252,0.000000,0.000000,0.000000
0.411568,0.379728,0.285590,0.039852,0.608382,0.071149,0.508916,0.552360,0.691161,0.478918,2.239474,1.579081,1.482490,1.819680,1.185374,2.280141,1.610354,0.000000,0.000000,0.000000
0.098642,0.266396,0.177679,0.202492,0.941280,0.254476,0.701222,0.256613,0.210866,0.713359,2.717340,1.179752,1.956140,1.988404,1.299395,2.774322,2.291126,0.000000,0.000000,0.000000
0.016496,0.413956,0.519034,0.681046,0.353683,0.632610,0.762702,0.121614,0.587362,0.681697,2.397797,1.634353,2.426567,2.027240,2.247256,2.201619,2.027727,0.000000,0.000000,0.000000
0.905769,0.389363,0.186390,0.962339,0.340111,0.320148,0.059820,0.848042,0.845931,0.874504,3.225142,2.899708,2.661146,3.378953,2.878750,2.973747,3.200568,0.000000,0.000000,0.000000
0.465080,0.136427,0.236880,0.011369,0.265451,0.886771,0.238697,0.594181,0.962769,0.424601,2.357396,2.115350,2.195016,2.152859,1.964990,2.517984,1.308559,0.000000,0.000000,0.000000
0.431498,0.441852,0.315019,0.238646,0.764635,0.142822,0.943351,0.624799,0.904763,0.071066,3.207039,1.659183,2.133607,2.493797,1.308726,3.335766,2.077068,0.000000,0.000000,0.000000
0.589160,0.077568,0.275495,0.838965,0.376996,0.773674,0.733124,0.064212,0.138844,0.237356,1.491936,2.390017,2.042276,2.222304,2.511109,1.750713,1.987869,0.000000,0.000000,0.000000
0.879700,0.299988,0.373017,0.753549,0.628425,0.944844,0.860534,0.308936,0.949777,0.776169,3.228078,3.061534,3.055277,3.619913,3.046809,3.273687,2.479008,0.000000,0.000000,0.000000
0.465254,0.775453,0.020664,0.456050,0.901554,0.324526,0.989510,0.400766,0.650735,0.004711,3.269427,2.097409,2.765285,2.273087,1.803197,3.021287,2.333218,0.000000,0.000000,0.000000
0.565713,0.466839,0.911830,0.337356,0.603760,0.726826,0.580255,0.693644,0.526641,0.686882,2.525781,2.825224,2.597653,2.618628,2.702092,2.510291,2.879809,0.000000,0.000000,0.000000
0.136737,0.003740,0.726635,0.778704,0.465800,0.085304,0.883791,0.138707,0.775279,0.767799,2.999488,1.806792,2.214387,2.736277,2.085540,2.738474,2.543955,0.000000,0.000000,0.000000
0.688446,0.527064,0.207511,0.294812,0.883521,0.850144,0.941913,0.257140,0.118282,0.508441,2.719295,2.499767,3.000848,2.204030,2.150650,2.614892,2.128257,0.000000,0.000000,0.000000
0.851220,0.103792,0.675852,0.684307,0.338257,0.681264,0.574233,0.394433,0.716406,0.644117,2.305816,2.536170,2.183909,2.828966,2.905499,2.274055,2.179606,0.000000,0.000000,0.000000
0.385502,0.367290,0.640164,0.693178,0.185742,0.866073,0.609457,0.098729,0.050243,0.986445,2.162466,2.505412,2.972874,1.950669,2.635665,2.566423,2.830621,0.000000,0.000000,0.000000
0.372213,0.239390,0.854189,0.827215,0.261998,0.505582,0.072013,0.095731,0.521642,0.103302,1.534452,2.505448,1.530058,2.627350,2.811699,1.224470,2.429120,0.000000,0.000000,0.000000
0.361744,0.692508,0.917777,0.964827,0.164851,0.381918,0.515261,0.019706,0.723084,0.725708,2.320352,3.471723,2.276994,3.083595,3.358561,2.171198,2.902788,0.000000,0.000000,0.000000
0.212810,0.092851,0.542511,0.632978,0.386402,0.893418,0.826553,0.260044,0.282481,0.119000,1.789590,2.119830,2.298745,1.950584,2.441857,1.925531,1.886516,0.000000,0.000000,0.000000
0.902266,0.627707,0.756512,0.077554,0.728541,0.916873,0.764440,0.968855,0.368303,0.340439,2.940377,3.435947,3.422267,2.837023,3.242858,2.971756,2.849883,0.000000,0.000000,0.000000
0.528082,0.619616,0.935606,0.671127,0.467968,0.344629,0.153907,0.475257,0.271297,0.657627,1.834120,2.881254,2.066091,2.816608,2.710737,1.609221,2.886718,0.000000,0.000000,0.000000
0.226506,0.822172,0.281017,0.110691,0.123935,0.092554,0.324221,0.746157,0.612459,0.537254,2.327602,1.924755,2.250508,1.247187,1.630407,2.194050,1.592470,0.000000,0.000000,0.000000
0.200687,0.461361,0.764053,0.530521,0.379646,0.961916,0.287538,0.310867,0.875021,0.810808,2.577194,2.757752,2.728832,2.621729,2.740643,2.494220,2.395910,0.000000,0.000000,0.000000
0.010985,0.383787,0.968878,0.983315,0.756286,0.150753,0.366779,0.200695,0.108706,0.383967,1.529736,2.987618,1.362973,3.632721,3.061950,1.677495,3.452919,0.000000,0.000000,0.000000
0.415724,0.128618,0.473619,0.604989,0.698938,0.016641,0.867759,0.200922,0.298228,0.947616,2.938133,1.619553,2.410411,2.203417,1.475080,2.907814,2.916053,0.000000,0.000000,0.000000
0.943037,0.964314,0.513373,0.734759,0.672977,0.534830,0.070845,0.212779,0.097527,0.198824,1.284755,3.304213,2.473130,3.139044,3.805610,1.256649,2.267060,0.000000,0.000000,0.000000
0.216898,0.648098,0.729994,0.334397,0.889030,0.182289,0.540203,0.368421,0.716476,0.355789,2.533598,2.031223,1.645523,2.580875,1.929479,2.615126,2.464454,0.000000,0.000000,0.000000
0.464289,0.515978,0.429694,0.960236,0.311043,0.828529,0.155393,0.911050,0.423838,0.412067,2.353314,3.097461,2.824709,2.372578,2.991008,2.093285,2.859137,0.000000,0.000000,0.000000
0.830603,0.925330,0.845636,0.920507,0.526963,0.566306,0.583330,0.772020,0.867556,0.788185,3.105349,4.055301,3.402619,3.946432,4.189858,3.258883,3.473888,0.000000,0.000000,0.000000
0.807834,0.050007,0.913456,0.927415,0.439519,0.025398,0.262108,0.290882,0.435461,0.944483,2.373242,3.258599,1.925967,3.503348,3.001518,2.241445,3.593003,0.000000,0.000000,0.000000
0.444400,0.387017,0.678529,0.383196,0.645860,0.353906,0.056975,0.494907,0.025310,0.390986,1.411790,1.930527,1.624737,2.144097,1.910343,1.437675,2.142657,0.000000,0.000000,0.000000
0.300222,0.538528,0.884493,0.376894,0.381939,0.931464,0.943285,0.901280,0.419082,0.628990,3.346675,3.042576,3.889932,2.237004,2.853876,2.993844,2.965376,0.000000,0.000000,0.000000
0.983330,0.449714,0.917866,0.268697,0.215700,0.858143,0.299779,0.233168,0.037470,0.809137,1.713393,3.502553,2.609174,2.996147,3.680303,1.783302,2.384492,0.000000,0.000000,0.000000
0.843702,0.406759,0.894614,0.457040,0.124076,0.981340,0.341865,0.354249,0.875018,0.342112,2.050203,3.672509,2.186098,3.068621,3.332027,2.151049,2.162111,0.000000,0.000000,0.000000
0.114125,0.796904,0.465193,0.273152,0.097791,0.160220,0.097538,0.777521,0.918541,0.734799,2.928612,1.852031,2.571705,1.927116,1.800321,2.768600,2.013799,0.000000,0.000000,0.000000
0.257484,0.884385,0.341501,0.559874,0.593015,0.399386,0.083251,0.491972,0.733304,0.266526,1.996801,2.159901,2.220718,2.162737,2.304376,1.797995,2.045562,0.000000,0.000000,0.000000
0.966108,0.548198,0.336872,0.623278,0.694509,0.990746,0.466137,0.455750,0.935847,0.100319,2.249367,3.362413,2.230705,3.710220,3.278315,2.655151,2.213173,0.000000,0.000000,0.000000
0.362785,0.323357,0.033114,0.057968,0.516948,0.110662,0.040833,0.455933,0.938115,0.020985,2.070253,1.467532,1.188125,2.264242,1.129170,2.111223,1.419982,0.000000,0.000000,0.000000
0.796497,0.752144,0.425445,0.597542,0.522273,0.440234,0.350400,0.086689,0.104987,0.844609,1.872936,2.552966,2.584441,2.358821,2.475202,1.906819,2.333535,0.000000,0.000000,0.000000
0.401723,0.345762,0.000984,0.233631,0.325189,0.966223,0.878853,0.397630,0.861607,0.597624,2.881841,2.393554,2.914013,1.880654,2.003731,2.807786,1.478480,0.000000,0.000000,0.000000
0.013133,0.381128,0.213529,0.476136,0.138368,0.002531,0.618645,0.738815,0.921428,0.746528,3.028539,1.192598,2.003763,2.039022,1.177168,3.257451,2.132503,0.000000,0.000000,0.000000
0.668363,0.028902,0.642142,0.507022,0.000957,0.886056,0.985726,0.959426,0.212958,0.326107,3.146565,2.583862,3.770377,1.722799,2.562114,2.927190,2.563889,0.000000,0.000000,0.000000
0.908145,0.123670,0.597558,0.214764,0.988381,0.411314,0.761707,0.798105,0.849039,0.192798,3.674449,2.165891,2.112523,3.369255,2.396226,3.955344,2.827800,0.000000,0.000000,0.000000
0.938296,0.023542,0.396410,0.342179,0.603471,0.764609,0.560753,0.434639,0.308962,0.691694,2.048421,2.347623,2.334195,2.560770,2.689092,2.088098,1.971491,0.000000,0.000000,0.000000
0.936264,0.029091,0.212978,0.191992,0.764283,0.985936,0.115801,0.923574,0.946146,0.640761,3.405478,2.891954,3.124148,3.337430,2.757811,3.245123,2.673991,0.000000,0.000000,0.000000
0.052190,0.057050,0.212584,0.498300,0.531144,0.398533,0.449116,0.138926,0.681882,0.669864,2.216238,1.121000,1.866081,1.936478,1.567465,2.029086,1.920013,0.000000,0.000000,0.000000
0.591663,0.983744,0.329877,0.559092,0.406544,0.548465,0.897104,0.651993,0.980375,0.172563,2.946114,2.740430,3.292021,2.783220,2.841097,3.276463,2.013523,0.000000,0.000000,0.000000
0.584880,0.459696,0.655210,0.073037,0.753635,0.920722,0.657671,0.702756,0.742865,0.585973,2.863492,2.796128,2.728173,2.383503,2.463511,2.922497,2.241454,0.000000,0.000000,0.000000
0.677436,0.119627,0.945187,0.197926,0.289561,0.200561,0.600472,0.507214,0.275130,0.201780,1.578378,2.538078,1.387240,2.385329,2.244571,1.882258,2.210721,0.000000,0.000000,0.000000
0.634105,0.967210,0.734672,0.722392,0.346860,0.565462,0.485373,0.291002,0.679045,0.121812,1.779048,3.265100,2.519230,2.571295,3.459856,1.888405,2.158696,0.000000,0.000000,0.000000
0.049813,0.350716,0.790540,0.975154,0.922657,0.310187,0.047700,0.100998,0.853948,0.032783,2.524712,2.557912,1.354504,3.821744,2.877566,2.349278,3.218046,0.000000,0.000000,0.000000
0.838191,0.422776,0.423753,0.785355,0.466708,0.875387,0.187803,0.630036,0.065279,0.401493,1.499951,2.979008,2.269949,2.653180,2.985023,1.633153,2.295937,0.000000,0.000000,0.000000
0.923427,0.186064,0.896393,0.010943,0.228547,0.569695,0.670460,0.370244,0.013904,0.969568,2.207407,2.783651,2.670465,2.676064,3.045864,2.691882,2.616397,0.000000,0.000000,0.000000
0.833815,0.681145,0.556255,0.114663,0.621044,0.365688,0.398307,0.741557,0.354124,0.499213,2.128682,2.487793,2.243348,2.295246,2.294913,2.147117,2.034892,0.000000,0.000000,0.000000
0.661189,0.749806,0.664204,0.671427,0.664023,0.921036,0.563625,0.285047,0.836846,0.067558,2.094583,3.372506,2.410629,3.009399,3.107337,2.360046,2.330144,0.000000,0.000000,0.000000
0.584154,0.411357,0.071397,0.110640,0.125964,0.160998,0.710107,0.623876,0.577063,0.107574,2.085762,1.754421,1.574229,1.319002,1.264103,2.291656,1.369373,0.000000,0.000000,0.000000
0.803631,0.760086,0.408348,0.759675,0.372049,0.399497,0.227311,0.397252,0.140289,0.180154,1.245233,2.727937,1.896589,2.434388,2.673616,1.396063,1.988780,0.000000,0.000000,0.000000
0.520290,0.481877,0.028749,0.643507,0.157829,0.970409,0.504251,0.619149,0.904317,0.716885,2.720339,2.749654,2.775782,2.250022,2.329759,2.891353,2.095108,0.000000,0.000000,0.000000
0.604723,0.422814,0.695054,0.872980,0.418777,0.609238,0.418768,0.311453,0.249097,0.463102,1.537406,2.764058,1.921578,2.651338,2.870459,1.590102,2.333251,0.000000,0.000000,0.000000
0.908049,0.059460,0.955825,0.965472,0.653909,0.979976,0.587001,0.836044,0.643344,0.115159,2.479262,4.545980,2.551699,4.249384,4.410912,2.671980,3.812125,0.000000,0.000000,0.000000
0.754113,0.150179,0.675591,0.648961,0.346635,0.333550,0.301838,0.207451,0.152145,0.889349,1.965320,2.212505,2.132237,2.399627,2.307676,1.978990,2.542734,0.000000,0.000000,0.000000
0.167920,0.050981,0.892721,0.428626,0.985896,0.095866,0.127842,0.208032,0.155142,0.503643,2.349510,1.896527,1.351561,2.881957,1.971705,2.170637,3.077157,0.000000,0.000000,0.000000
0.547979,0.485060,0.469320,0.885252,0.941561,0.542622,0.686825,0.695774,0.071531,0.822746,3.047813,2.517000,2.720853,2.918776,2.561399,3.369519,3.534119,0.000000,0.000000,0.000000
0.073156,0.846072,0.019864,0.211264,0.576816,0.899883,0.023072,0.003974,0.050455,0.674478,1.569230,2.445181,2.960455,1.621485,2.422133,1.294023,1.683566,0.000000,0.000000,0.000000
0.281230,0.847063,0.388492,0.191709,0.554978,0.444067,0.184104,0.328223,0.012641,0.765766,1.688196,2.096525,2.650065,1.656619,2.118628,1.688347,1.821166,0.000000,0.000000,0.000000
0.515426,0.471125,0.802170,0.493779,0.381554,0.476733,0.445394,0.662973,0.144121,0.774041,2.082098,2.334569,2.391159,2.212188,2.326244,2.254975,2.622678,0.000000,0.000000,0.000000
0.054323,0.329874,0.771622,0.705859,0.309476,0.651480,0.776543,0.901199,0.605457,0.332668,2.814512,1.977924,2.740022,2.348507,2.610407,2.825735,2.892127,0.000000,0.000000,0.000000
0.389758,0.184570,0.174244,0.440934,0.056067,0.556441,0.912233,0.804465,0.272019,0.644280,2.900243,1.541651,3.028373,1.280346,1.682685,2.751831,2.076633,0.000000,0.000000,0.000000
0.813075,0.242340,0.113685,0.641342,0.848120,0.757814,0.309957,0.016531,0.962832,0.807579,3.063070,2.311577,2.427090,3.525422,2.393331,3.066983,2.704319,0.000000,0.000000,0.000000
0.558714,0.580992,0.132374,0.969249,0.236457,0.580715,0.103991,0.279607,0.690325,0.750570,2.276395,2.867723,2.346309,2.432435,2.677177,1.829252,2.285535,0.000000,0.000000,0.000000
0.807717,0.230490,0.502016,0.753581,0.979255,0.509042,0.373905,0.119013,0.296833,0.332035,2.328801,2.297531,1.639043,3.101596,2.535623,2.326867,2.781757,0.000000,0.000000,0.000000
0.453328,0.206093,0.237670,0.842073,0.366930,0.524121,0.324719,0.362779,0.874375,0.185042,1.974130,2.008086,1.588046,2.642754,2.198660,2.132639,2.027863,0.000000,0.000000,0.000000
0.030030,0.044826,0.280278,0.920677,0.616004,0.762909,0.848558,0.398648,0.909851,0.423124,2.759409,2.054325,2.407242,3.109188,2.621876,2.881430,2.383224,0.000000,0.000000,0.000000
0.449736,0.043990,0.237409,0.349945,0.929436,0.199632,0.974750,0.027211,0.328572,0.414447,3.096703,1.471889,2.251452,2.110018,1.317252,2.734049,2.229221,0.000000,0.000000,0.000000
0.266657,0.793581,0.865208,0.908123,0.224028,0.169918,0.062568,0.458992,0.859379,0.503495,2.210163,3.162567,1.967583,3.170186,3.065381,1.972751,2.647747,0.000000,0.000000,0.000000
0.039265,0.633160,0.161224,0.310941,0.377245,0.254883,0.017117,0.722014,0.738611,0.373853,2.262407,1.451474,1.920235,1.697949,1.471653,1.968543,1.837623,0.000000,0.000000,0.000000
0.459694,0.644192,0.477874,0.323556,0.525405,0.626614,0.883005,0.433628,0.902280,0.897220,3.436786,2.141522,3.271107,2.381884,2.081589,3.493660,2.314718,0.000000,0.000000,0.000000
0.516164,0.041746,0.606890,0.308331,0.096542,0.133336,0.239856,0.486894,0.677283,0.061372,1.799794,1.744537,1.194170,1.628632,1.567606,1.787623,1.568735,0.000000,0.000000,0.000000
0.422153,0.610457,0.356157,0.671174,0.882738,0.383115,0.119742,0.605324,0.543998,0.999135,3.300268,1.997732,2.743163,2.457792,1.964591,3.179683,3.683973,0.000000,0.000000,0.000000
0.816721,0.272215,0.685987,0.216801,0.653834,0.036289,0.743223,0.569054,0.081869,0.446546,1.890160,2.214114,1.587499,2.468586,1.885936,2.226848,2.067773,0.000000,0.000000,0.000000
0.474752,0.379989,0.967510,0.402383,0.976670,0.853863,0.675399,0.208632,0.289666,0.732790,2.932481,3.066916,2.588146,3.097086,2.900057,2.920247,3.452887,0.000000,0.000000,0.000000
0.587052,0.735762,0.152028,0.133725,0.280161,0.902677,0.997050,0.046035,0.887100,0.175034,2.907813,2.795895,3.316957,1.969694,2.290960,2.699933,1.213011,0.000000,0.000000,0.000000
0.850237,0.802701,0.419389,0.281567,0.024491,0.424747,0.146847,0.279763,0.488801,0.598370,1.869210,2.602648,2.306191,1.728028,2.482439,1.470100,1.411710,0.000000,0.000000,0.000000
0.631219,0.436877,0.993857,0.571856,0.734090,0.218911,0.237210,0.967021,0.563931,0.215986,2.731217,2.867217,2.224162,3.258580,2.530307,2.567037,3.991158,0.000000,0.000000,0.000000
0.819307,0.454560,0.723744,0.993468,0.531125,0.538608,0.827365,0.797712,0.787988,0.845297,3.520984,3.456955,3.139684,3.651606,3.454816,3.505805,3.489119,0.000000,0.000000,0.000000
0.718108,0.773205,0.682347,0.302003,0.914821,0.326100,0.775577,0.738289,0.742284,0.212293,3.192338,2.647474,2.411152,2.814998,2.367625,3.372407,2.758533,0.000000,0.000000,0.000000
0.415377,0.748351,0.264872,0.030243,0.607939,0.385904,0.234086,0.431008,0.156005,0.896409,2.125666,2.016167,2.643764,1.657298,1.782087,2.152384,2.063625,0.000000,0.000000,0.000000
0.768250,0.094723,0.685241,0.871577,0.984601,0.289607,0.406909,0.005411,0.817930,0.680554,3.233838,2.608971,1.764767,3.780436,2.688951,3.093991,3.207485,0.000000,0.000000,0.000000
0.018097,0.395110,0.994905,0.795575,0.486345,0.293696,0.255430,0.611674,0.593320,0.409627,2.021435,2.485158,1.664243,3.177603,2.811453,1.893805,3.252268,0.000000,0.000000,0.000000
0.978169,0.306796,0.572867,0.889068,0.673991,0.363934,0.710422,0.426185,0.164844,0.218623,1.683854,2.833324,1.654558,3.568049,3.299232,2.037902,2.528941,0.000000,0.000000,0.000000
0.654068,0.619818,0.175454,0.929929,0.709750,0.642220,0.612806,0.367432,0.994704,0.976499,3.318988,2.909180,2.938534,3.736736,2.744473,3.821371,3.372116,0.000000,0.000000,0.000000
0.632427,0.249299,0.102903,0.097490,0.782245,0.667887,0.510230,0.166853,0.213630,0.798711,2.216885,1.894656,2.356676,1.953254,1.784435,2.247682,2.039203,0.000000,0.000000,0.000000
0.787806,0.966982,0.028570,0.195139,0.442042,0.792799,0.226702,0.483325,0.552882,0.544282,1.981551,3.118216,3.048391,1.916998,2.978829,1.733947,1.551214,0.000000,0.000000,0.000000
0.813406,0.122851,0.731306,0.590950,0.061303,0.004761,0.805351,0.433151,0.514543,0.122180,2.031408,2.291678,1.395531,2.275455,2.102243,2.129421,1.962024,0.000000,0.000000,0.000000
0.962632,0.209653,0.633104,0.429231,0.188390,0.275377,0.330093,0.990611,0.880423,0.758377,3.439763,2.280668,2.826615,3.014090,2.583823,3.324874,2.848331,0.000000,0.000000,0.000000
0.917604,0.597504,0.408176,0.814517,0.991932,0.994030,0.875364,0.649964,0.596451,0.674346,3.873237,3.677463,3.354532,3.507823,3.479021,3.677104,3.240233,0.000000,0.000000,0.000000
0.837892,0.748300,0.331882,0.406172,0.687982,0.429550,0.096671,0.980816,0.008920,0.600365,2.467120,2.479499,3.134454,2.382404,2.333240,2.342717,2.913165,0.000000,0.000000,0.000000
0.785582,0.234502,0.491868,0.190058,0.881322,0.514438,0.762836,0.601104,0.563997,0.488446,2.890107,2.029859,2.154787,2.474372,2.065459,2.892192,2.270315,0.000000,0.000000,0.000000
0.883714,0.347616,0.792992,0.665227,0.293864,0.082095,0.653415,0.956945,0.503214,0.293598,2.650210,2.633529,2.167997,2.877202,2.558875,2.706208,3.025516,0.000000,0.000000,0.000000
0.412515,0.019461,0.406591,0.447506,0.374648,0.656490,0.102079,0.780344,0.493379,0.372530,2.114828,1.683800,2.166092,1.700318,1.923370,1.857757,2.097553,0.000000,0.000000,0.000000
0.835049,0.524865,0.680499,0.233470,0.571737,0.580770,0.666979,0.634296,0.790343,0.178348,2.336342,2.540119,2.051037,2.735982,2.538499,2.625096,2.030174,0.000000,0.000000,0.000000
0.632966,0.313917,0.198609,0.150539,0.586055,0.056249,0.353380,0.507204,0.196617,0.404578,1.575510,1.739431,1.322558,1.777362,1.210418,1.714163,1.636876,0.000000,0.000000,0.000000
0.708418,0.373841,0.996726,0.212747,0.513122,0.505066,0.125588,0.517260,0.392598,0.387807,1.717210,2.903895,1.779326,2.809781,2.706113,1.511849,2.610180,0.000000,0.000000,0.000000
0.180895,0.347539,0.980699,0.369463,0.933484,0.021683,0.154322,0.191010,0.244682,0.210738,2.005445,2.251772,1.109489,3.015143,2.048670,1.916244,3.173243,0.000000,0.000000,0.000000
0.310912,0.706602,0.206875,0.104180,0.860369,0.499637,0.734670,0.334631,0.571101,0.014723,2.371546,1.881383,2.079212,1.950174,1.795756,2.504354,1.883718,0.000000,0.000000,0.000000
0.347080,0.154865,0.958325,0.816022,0.770283,0.028370,0.071128,0.819795,0.509896,0.782298,2.944044,2.613010,2.095747,3.365267,2.495751,2.521471,4.096743,0.000000,0.000000,0.000000
0.992777,0.357158,0.882997,0.690799,0.448457,0.824732,0.916198,0.512967,0.148935,0.881726,2.784117,3.428757,3.362546,3.585611,3.914741,2.805189,3.167727,0.000000,0.000000,0.000000
0.909911,0.770533,0.844036,0.128042,0.217980,0.295583,0.303486,0.313858,0.644642,0.511956,1.946633,3.112589,2.027442,2.632471,2.986312,1.739071,1.749153,0.000000,0.000000,0.000000
0.075984,0.280153,0.362610,0.123933,0.064050,0.622791,0.728654,0.790546,0.804660,0.589694,2.928357,1.352619,2.588501,1.464456,1.762343,2.995541,1.710694,0.000000,0.000000,0.000000
0.864015,0.706726,0.593832,0.244826,0.223270,0.098198,0.593939,0.554532,0.968050,0.072851,2.268876,2.573855,1.624958,2.900049,2.196481,2.809208,1.589551,0.000000,0.000000,0.000000
0.523763,0.866480,0.569711,0.710045,0.920312,0.222195,0.990728,0.517303,0.808227,0.184034,3.604151,2.642379,2.932709,3.029521,2.507842,3.447635,2.801007,0.000000,0.000000,0.000000
0.522434,0.319251,0.070803,0.823574,0.824171,0.383547,0.652673,0.011167,0.164553,0.755228,2.296651,2.025241,2.104890,2.577415,1.996475,2.362841,2.748550,0.000000,0.000000,0.000000
0.702457,0.528919,0.859009,0.006766,0.483781,0.988173,0.177002,0.228800,0.721733,0.498258,2.009453,3.569597,2.387317,2.557005,2.975373,1.693435,1.827987,0.000000,0.000000,0.000000
0.846773,0.108445,0.907189,0.534308,0.226568,0.036015,0.457065,0.427876,0.925822,0.293625,2.134612,2.648690,1.176971,3.452987,2.447027,2.441739,2.343473,0.000000,0.000000,0.000000
0.611426,0.649409,0.282932,0.693472,0.185105,0.495540,0.943105,0.361649,0.465894,0.475408,2.530541,2.276484,2.758641,1.850366,2.172393,2.226320,1.805729,0.000000,0.000000,0.000000
0.188303,0.557386,0.233128,0.471878,0.794048,0.169147,0.240624,0.939374,0.774974,0.162598,2.949360,1.535867,2.148231,2.310178,1.425326,2.904854,2.934383,0.000000,0.000000,0.000000
0.004674,0.422697,0.992171,0.965875,0.950780,0.734334,0.874850,0.363936,0.377210,0.412702,2.958478,3.291461,2.510194,3.868028,3.651741,2.866943,3.899083,0.000000,0.000000,0.000000
0.204100,0.023241,0.604054,0.464527,0.433707,0.381027,0.529915,0.036990,0.781851,0.962866,2.803212,1.467756,2.349939,2.163795,1.846501,2.884102,2.613435,0.000000,0.000000,0.000000
0.681549,0.207879,0.811361,0.695110,0.994000,0.520002,0.290272,0.482347,0.950491,0.301054,3.130802,2.494285,1.675810,4.002852,2.663094,3.360206,3.231208,0.000000,0.000000,0.000000
0.955196,0.241509,0.896281,0.109135,0.013133,0.020600,0.861559,0.257134,0.119063,0.381206,1.832368,2.733537,1.659083,2.577538,2.623794,1.950482,1.779680,0.000000,0.000000,0.000000
0.922213,0.918417,0.278479,0.842425,0.110187,0.135115,0.299834,0.590347,0.472917,0.017593,1.687066,3.211916,2.033981,2.588429,3.189038,1.754128,2.066322,0.000000,0.000000,0.000000
0.105148,0.363031,0.826518,0.297477,0.483934,0.094680,0.085965,0.805882,0.676528,0.692108,2.705515,1.803969,2.043322,2.278889,1.821518,2.301048,2.680522,0.000000,0.000000,0.000000
0.373991,0.515203,0.296420,0.125747,0.373761,0.685536,0.897265,0.452258,0.204907,0.539797,2.244246,1.886363,2.737075,1.435543,1.853161,2.202602,1.411498,0.000000,0.000000,0.000000
0.110115,0.809542,0.124186,0.722866,0.938594,0.344941,0.862732,0.128884,0.181239,0.058934,2.469278,1.978920,2.357177,2.463388,2.167597,2.613741,2.606205,0.000000,0.000000,0.000000
0.203515,0.725131,0.346888,0.049162,0.169240,0.402402,0.880595,0.379402,0.532684,0.469997,2.409652,1.797292,2.554822,1.258003,1.799683,2.224626,1.169831,0.000000,0.000000,0.000000
0.974116,0.832838,0.513369,0.746535,0.073800,0.190943,0.702896,0.421416,0.735517,0.942777,2.943285,3.036233,2.860557,2.882084,3.228758,3.068408,2.641086,0.000000,0.000000,0.000000
0.987110,0.879111,0.465308,0.261728,0.074784,0.648625,0.893146,0.070053,0.047069,0.228983,1.736190,3.038921,2.948838,2.193460,3.417533,1.900910,1.315171,0.000000,0.000000,0.000000
0.704589,0.693138,0.314326,0.878615,0.936737,0.396247,0.475641,0.250352,0.401768,0.612759,2.565370,2.764329,2.133005,2.996684,2.577782,2.465405,2.867931,0.000000,0.000000,0.000000
0.083929,0.334708,0.901372,0.072123,0.017392,0.387801,0.966476,0.055349,0.991159,0.022558,2.864336,1.950915,2.269065,2.711550,2.213201,2.943250,1.732704,0.000000,0.000000,0.000000
0.433524,0.671359,0.048316,0.317070,0.770629,0.206013,0.818105,0.651225,0.034987,0.609125,2.401943,1.889365,2.425974,1.906599,1.458688,2.651693,2.270981,0.000000,0.000000,0.000000
0.267675,0.003426,0.790463,0.968498,0.566050,0.576203,0.907847,0.952055,0.061148,0.919284,3.506575,2.723929,3.859545,3.003079,3.110849,3.586761,4.198795,0.000000,0.000000,0.000000
0.872500,0.899341,0.886709,0.006605,0.776625,0.360558,0.462550,0.802881,0.961159,0.407327,2.972927,3.395392,2.690578,3.873664,3.306613,3.305165,2.756710,0.000000,0.000000,0.000000
0.541161,0.081164,0.128255,0.482532,0.159693,0.205553,0.188045,0.942491,0.382054,0.318163,2.321842,1.577804,2.096609,1.488544,1.380809,2.142452,2.348770,0.000000,0.000000,0.000000
0.045373,0.807606,0.448106,0.941960,0.797565,0.947877,0.564521,0.415742,0.471871,0.157184,1.992718,3.336420,2.586535,2.798232,3.409870,2.165764,2.690344,0.000000,0.000000,0.000000
0.450074,0.905611,0.822967,0.971799,0.852185,0.372763,0.120057,0.764484,0.610275,0.958968,3.426331,3.713614,3.376693,3.479635,3.658881,3.226919,4.414511,0.000000,0.000000,0.000000
0.334565,0.862027,0.479201,0.654553,0.616465,0.444453,0.557358,0.245603,0.372986,0.922902,2.425084,2.346868,2.994191,2.174693,2.510899,2.484076,2.771672,0.000000,0.000000,0.000000
0.920028,0.082784,0.536159,0.325765,0.778613,0.236543,0.137449,0.226825,0.408655,0.706871,2.206508,2.087808,1.739473,2.766741,2.217810,1.792970,2.202792,0.000000,0.000000,0.000000
0.520394,0.100228,0.782643,0.916378,0.738305,0.171061,0.328792,0.813051,0.258324,0.473869,2.251403,2.656899,1.837452,3.131935,2.591385,2.276877,3.398029,0.000000,0.000000,0.000000
0.324847,0.285606,0.383229,0.521358,0.623423,0.916672,0.121207,0.365894,0.149342,0.887678,2.080686,2.207303,2.745891,1.962730,2.215520,1.973487,2.531728,0.000000,0.000000,0.000000
0.322139,0.246599,0.253692,0.317898,0.940730,0.183821,0.910706,0.009641,0.614690,0.503605,3.292946,1.403666,2.078890,2.156642,1.287474,2.944136,2.239407,0.000000,0.000000,0.000000
0.666203,0.289966,0.642286,0.190238,0.563174,0.178271,0.659919,0.312908,0.843277,0.283004,2.200312,2.016505,1.417486,2.487743,1.735986,2.420565,1.710037,0.000000,0.000000,0.000000
0.652829,0.506558,0.689661,0.185122,0.468429,0.988058,0.461711,0.052921,0.122498,0.882969,1.970279,3.190755,2.918666,2.012386,2.654455,2.096734,2.167617,0.000000,0.000000,0.000000
0.566492,0.537832,0.870824,0.853415,0.714516,0.437761,0.919411,0.351125,0.888892,0.171395,2.862351,3.005543,2.294885,3.761131,2.959664,2.932135,2.982456,0.000000,0.000000,0.000000
0.513158,0.635767,0.102824,0.524366,0.017394,0.063870,0.779177,0.480562,0.584672,0.518106,2.332677,1.958106,1.929812,1.431106,1.417584,2.282038,1.673094,0.000000,0.000000,0.000000
0.371823,0.435322,0.481585,0.400415,0.940397,0.198071,0.717978,0.453173,0.008558,0.583083,2.442799,1.684851,1.853516,2.231534,1.537213,2.774391,2.499016,0.000000,0.000000,0.000000
0.700454,0.428700,0.635776,0.290394,0.688290,0.229916,0.956122,0.506804,0.719933,0.938167,3.720443,2.146085,3.053870,2.463731,1.861007,3.515267,2.784471,0.000000,0.000000,0.000000
0.384451,0.679048,0.794362,0.745461,0.278016,0.110224,0.481520,0.609006,0.889099,0.574601,2.500559,2.577166,1.916947,2.912411,2.376514,2.665909,2.509439,0.000000,0.000000,0.000000
0.428002,0.702692,0.086553,0.035373,0.433559,0.712737,0.678647,0.120200,0.946741,0.836951,2.876401,2.180484,2.904357,2.229614,1.978449,3.047677,1.635816,0.000000,0.000000,0.000000
0.156101,0.343510,0.662134,0.056011,0.175702,0.550357,0.079994,0.138280,0.748777,0.618433,2.134088,1.656139,1.973719,1.705102,2.002971,1.665372,1.372201,0.000000,0.000000,0.000000
0.875402,0.564820,0.985535,0.519629,0.060431,0.957182,0.988565,0.442600,0.526844,0.604840,2.934418,4.028957,3.485695,2.915525,3.684633,2.464526,2.634316,0.000000,0.000000,0.000000
0.713426,0.243741,0.854796,0.883295,0.569368,0.844594,0.518583,0.758499,0.872009,0.222474,2.490043,3.443954,2.277068,3.737418,3.452774,2.819266,3.178288,0.000000,0.000000,0.000000
0.296090,0.887619,0.095882,0.725764,0.920981,0.010982,0.237014,0.889118,0.038951,0.000854,2.407586,2.286201,2.335997,2.456282,2.025471,2.690208,3.276930,0.000000,0.000000,0.000000
0.981123,0.478062,0.076826,0.142082,0.384545,0.317244,0.439034,0.286706,0.562124,0.124299,1.646703,2.220307,1.465020,2.387914,2.287358,1.707503,1.313588,0.000000,0.000000,0.000000
0.753445,0.073154,0.518043,0.534989,0.021590,0.274403,0.364514,0.150884,0.556424,0.053758,1.580404,1.947317,1.284638,1.822426,1.938725,1.559562,1.610912,0.000000,0.000000,0.000000
0.644662,0.542927,0.060080,0.543295,0.703309,0.207710,0.095504,0.855777,0.916296,0.597103,3.071723,1.988844,2.260630,2.817330,1.569915,2.896374,2.740584,0.000000,0.000000,0.000000
0.157019,0.472347,0.883125,0.268661,0.638219,0.676858,0.939810,0.468001,0.140730,0.061242,2.132993,2.280177,2.567131,2.399818,2.526033,2.267526,2.386748,0.000000,0.000000,0.000000
0.219369,0.917014,0.919737,0.523300,0.589414,0.599036,0.791578,0.572295,0.363340,0.617964,2.396418,3.006314,3.170107,2.649925,3.295899,2.384036,2.863840,0.000000,0.000000,0.000000
0.998995,0.497329,0.528194,0.340588,0.034242,0.608065,0.743365,0.048504,0.534456,0.273961,1.914983,2.534984,2.033124,2.337197,2.982723,1.904015,1.421253,0.000000,0.000000,0.000000
0.227534,0.350884,0.558146,0.544014,0.853571,0.791800,0.120568,0.960573,0.469187,0.881293,3.585501,1.965244,3.463080,2.348818,2.280098,3.202885,3.787588,0.000000,0.000000,0.000000
0.326469,0.742792,0.317862,0.372844,0.697026,0.837716,0.904332,0.342817,0.024404,0.374408,2.038228,2.410006,3.006374,1.879514,2.298707,2.206051,1.916545,0.000000,0.000000,0.000000
0.470948,0.552915,0.316495,0.331328,0.259009,0.285586,0.379535,0.073903,0.340457,0.430539,1.548140,1.819010,1.647888,1.454255,1.538755,1.459984,1.423644,0.000000,0.000000,0.000000
0.026558,0.242926,0.360071,0.684883,0.787291,0.939678,0.043725,0.143365,0.950364,0.524326,2.530696,2.062622,2.229353,3.078302,2.394066,2.300683,2.364094,0.000000,0.000000,0.000000
0.628027,0.968348,0.667614,0.494737,0.660879,0.411368,0.533263,0.770268,0.044722,0.218924,1.756594,2.921562,2.762457,2.358770,2.955148,2.255031,2.587666,0.000000,0.000000,0.000000
0.168757,0.641705,0.046805,0.662806,0.778211,0.780107,0.682306,0.274285,0.233260,0.976431,2.709463,2.078916,3.151304,2.219127,2.243180,2.964655,3.176637,0.000000,0.000000,0.000000
0.942686,0.838347,0.661319,0.164942,0.368205,0.712162,0.976299,0.433072,0.931723,0.844562,3.641512,3.192083,3.936816,3.176499,3.392405,3.488229,2.002702,0.000000,0.000000,0.000000
0.908182,0.535303,0.421792,0.748584,0.272862,0.193794,0.387074,0.379907,0.286614,0.291253,1.450235,2.506255,1.461534,2.590501,2.491128,1.563657,1.911616,0.000000,0.000000,0.000000
0.717988,0.107672,0.570855,0.068118,0.920320,0.684707,0.361695,0.345945,0.477774,0.847008,2.913943,2.135407,2.423891,2.401631,2.201837,2.765358,2.498655,0.000000,0.000000,0.000000
0.189980,0.409239,0.493820,0.913558,0.297470,0.423258,0.444380,0.200649,0.506933,0.856203,2.289421,2.146300,2.243830,2.287260,2.457857,2.154655,2.529726,0.000000,0.000000,0.000000
0.630395,0.176282,0.078712,0.936743,0.995282,0.160479,0.129823,0.393899,0.993083,0.983485,3.998354,2.383897,2.157310,3.997069,2.089175,4.176557,3.908588,0.000000,0.000000,0.000000
0.813571,0.352691,0.157719,0.976486,0.012555,0.038691,0.215907,0.094322,0.133308,0.128065,1.152721,2.829716,1.099512,2.408153,2.366574,1.227441,1.978136,0.000000,0.000000,0.000000
0.437164,0.534280,0.917089,0.217833,0.728559,0.248736,0.658058,0.493653,0.764475,0.283197,2.357770,2.498257,1.664238,2.844960,2.197576,2.560230,2.578122,0.000000,0.000000,0.000000
0.584082,0.682028,0.509268,0.435301,0.508584,0.315861,0.448659,0.466944,0.652167,0.052398,1.831269,2.206908,1.701579,2.064512,1.942053,1.978110,1.863035,0.000000,0.000000,0.000000
0.976823,0.154175,0.252546,0.848526,0.169205,0.665744,0.467172,0.078904,0.520082,0.558784,1.880584,2.653011,2.003939,2.853826,3.230389,1.711704,1.936193,0.000000,0.000000,0.000000
0.370792,0.281602,0.637183,0.722137,0.216340,0.546729,0.735818,0.166995,0.094627,0.143635,1.413534,1.994520,1.806171,2.015431,2.342611,1.765453,1.938497,0.000000,0.000000,0.000000
0.900155,0.119447,0.645556,0.783520,0.769012,0.150937,0.397231,0.188648,0.905961,0.561037,2.521282,2.479263,1.478561,3.918802,2.639886,2.544421,2.610872,0.000000,0.000000,0.000000
0.827770,0.324719,0.833221,0.955654,0.064717,0.723952,0.030404,0.875777,0.696584,0.635394,2.772020,3.583453,2.750184,3.189974,3.690743,2.298388,3.217111,0.000000,0.000000,0.000000
0.373175,0.422068,0.560173,0.085558,0.460428,0.472042,0.394143,0.974183,0.707906,0.149129,2.699502,1.776750,2.479643,1.840698,1.825433,2.719116,2.320623,0.000000,0.000000,0.000000
0.167382,0.242803,0.291633,0.230222,0.794797,0.100679,0.472371,0.682612,0.175550,0.694928,2.343495,1.251888,1.838554,1.873555,1.201538,2.494119,2.349295,0.000000,0.000000,0.000000
0.260060,0.329801,0.846069,0.549953,0.998268,0.779288,0.147463,0.397608,0.438089,0.274092,2.567915,2.393582,1.915350,2.927071,2.674474,2.386645,3.123314,0.000000,0.000000,0.000000
0.370761,0.566810,0.747217,0.578642,0.556399,0.589270,0.586881,0.986904,0.123712,0.142974,2.277334,2.294677,2.810070,2.327347,2.451571,2.616496,3.161241,0.000000,0.000000,0.000000
0.562785,0.193758,0.742568,0.588949,0.946812,0.182488,0.361831,0.805374,0.110759,0.810776,3.068528,2.081752,2.274037,2.803463,1.996044,3.204819,3.662190,0.000000,0.000000,0.000000
0.696371,0.470546,0.304590,0.906259,0.221876,0.695606,0.487396,0.715777,0.585912,0.713300,2.518398,2.791481,2.598582,2.375648,2.745479,2.460285,2.515469,0.000000,0.000000,0.000000
0.371948,0.207478,0.357835,0.712244,0.794930,0.538096,0.981297,0.848517,0.131459,0.959218,3.907162,1.727944,3.895417,2.367219,2.036429,3.867561,3.783528,0.000000,0.000000,0.000000
0.132206,0.096374,0.533972,0.490072,0.135348,0.166352,0.171186,0.846762,0.261736,0.973312,2.817110,1.322778,2.628829,1.529302,1.569306,2.803614,3.070318,0.000000,0.000000,0.000000
0.709162,0.239679,0.589637,0.529790,0.580829,0.631577,0.647682,0.119508,0.107133,0.559855,1.664358,2.172458,2.072963,2.319440,2.310610,1.827543,2.044737,0.000000,0.000000,0.000000
0.423261,0.672741,0.524702,0.151171,0.063723,0.294355,0.200425,0.607169,0.931099,0.033019,2.157640,2.027884,1.736144,1.962937,1.791535,2.376294,1.454864,0.000000,0.000000,0.000000
0.807016,0.322938,0.254264,0.153560,0.606291,0.032071,0.638193,0.465896,0.839108,0.222906,2.237731,1.927830,1.268418,2.486465,1.453522,2.530461,1.627006,0.000000,0.000000,0.000000
0.115778,0.343850,0.130882,0.218334,0.526608,0.448116,0.499232,0.844152,0.151883,0.237902,1.912632,1.277073,2.084166,1.576780,1.489654,2.259030,2.098242,0.000000,0.000000,0.000000
0.724580,0.841461,0.420799,0.920890,0.931163,0.406084,0.921110,0.421229,0.279169,0.647943,3.193645,3.196616,3.116266,3.131050,3.065174,2.996607,3.008253,0.000000,0.000000,0.000000
0.245747,0.463421,0.814997,0.619145,0.061360,0.351074,0.218217,0.949125,0.297660,0.003540,2.154951,2.108018,2.262617,1.992021,2.299655,2.145430,2.919107,0.000000,0.000000,0.000000
0.743496,0.060926,0.333720,0.646038,0.905192,0.367804,0.329116,0.281594,0.647096,0.072137,2.294082,1.915210,1.383383,2.778756,1.976012,2.287119,2.500145,0.000000,0.000000,0.000000
0.976658,0.070459,0.604962,0.131986,0.512321,0.094980,0.599778,0.901860,0.107227,0.559714,2.318738,2.203147,2.147765,2.661009,2.351895,2.547801,2.316861,0.000000,0.000000,0.000000
0.409859,0.397715,0.081521,0.981897,0.390886,0.231885,0.846419,0.581840,0.635229,0.534175,2.639938,2.484171,2.129183,2.487198,2.221784,2.531828,2.375200,0.000000,0.000000,0.000000
0.986013,0.596288,0.136821,0.956084,0.612224,0.256100,0.207125,0.276941,0.836114,0.620100,2.329729,3.147314,1.858902,3.882724,3.207190,2.102206,2.444180,0.000000,0.000000,0.000000
0.329899,0.453663,0.354956,0.960897,0.004630,0.153988,0.690579,0.647858,0.154511,0.231459,1.707436,2.400183,1.634155,1.984608,2.213466,2.116857,2.249376,0.000000,0.000000,0.000000
0.093719,0.904697,0.266496,0.273289,0.610854,0.149748,0.915973,0.977057,0.013493,0.078915,2.741444,1.933150,3.452571,1.704545,1.911091,2.955708,2.584217,0.000000,0.000000,0.000000
0.128377,0.532289,0.963360,0.569246,0.273447,0.495972,0.422031,0.597240,0.037885,0.088064,1.291925,2.426049,1.795162,2.491817,2.688805,1.780369,2.718356,0.000000,0.000000,0.000000
0.193404,0.568700,0.956845,0.911355,0.702255,0.592272,0.243027,0.658648,0.782353,0.539320,2.533235,3.144609,2.256112,3.703364,3.369638,2.411102,3.574115,0.000000,0.000000,0.000000
0.958451,0.118675,0.530619,0.300040,0.430856,0.992274,0.821506,0.018459,0.875602,0.102830,2.356483,3.093818,2.378677,3.028834,3.109857,2.508112,1.564969,0.000000,0.000000,0.000000
0.347402,0.819987,0.843639,0.489711,0.863815,0.890920,0.094344,0.704423,0.385303,0.379316,2.359760,3.278407,2.832376,2.727130,3.177241,2.149413,3.099839,0.000000,0.000000,0.000000
0.063843,0.284977,0.142125,0.136614,0.815048,0.911674,0.637446,0.575609,0.681365,0.175200,2.427564,1.838784,2.180539,1.983457,1.941020,2.645723,1.992203,0.000000,0.000000,0.000000
0.086250,0.332113,0.893781,0.452652,0.439866,0.774117,0.129621,0.803569,0.069427,0.506417,1.861516,2.288655,2.484201,2.358810,2.677878,1.857915,2.836478,0.000000,0.000000,0.000000
0.260341,0.920322,0.196596,0.622936,0.020334,0.811518,0.185912,0.469342,0.648176,0.375305,1.893613,2.642438,2.780624,1.534986,2.810490,1.698354,1.735677,0.000000,0.000000,0.000000
0.150472,0.716862,0.859822,0.185509,0.620812,0.393038,0.751582,0.393507,0.472755,0.098664,1.954722,2.324108,2.034957,2.315014,2.402877,2.104398,2.178415,0.000000,0.000000,0.000000
0.179766,0.364446,0.637877,0.105511,0.572264,0.856573,0.706418,0.361525,0.594528,0.766574,2.539817,2.110485,2.685615,1.918263,2.282463,2.453952,1.910516,0.000000,0.000000,0.000000
0.273810,0.118632,0.881924,0.258318,0.117381,0.742166,0.119599,0.201567,0.335244,0.663359,1.783706,2.278378,2.185557,1.879916,2.538930,1.391568,2.013696,0.000000,0.000000,0.000000
0.746268,0.287849,0.225985,0.300177,0.955783,0.096245,0.454657,0.392871,0.220435,0.520572,2.392420,1.843189,1.434341,2.368106,1.412686,2.490775,2.315175,0.000000,0.000000,0.000000
0.439754,0.884239,0.496435,0.422505,0.125825,0.276888,0.406702,0.729653,0.212382,0.654911,2.057143,2.363320,2.691734,1.464510,2.226538,2.132668,2.008015,0.000000,0.000000,0.000000
0.124581,0.528059,0.437801,0.223794,0.918277,0.425673,0.136201,0.690541,0.914892,0.663046,3.337082,1.520735,2.239981,2.693501,1.706337,3.225045,2.561197,0.000000,0.000000,0.000000
0.239114,0.733629,0.928993,0.929853,0.836913,0.045656,0.604456,0.446789,0.761280,0.091580,2.402932,3.274214,1.569430,3.762250,3.003112,2.655928,3.464287,0.000000,0.000000,0.000000
0.368144,0.922554,0.087684,0.968289,0.172324,0.322609,0.847313,0.968562,0.358191,0.054040,2.785318,3.081944,3.427507,2.134847,2.969293,2.831541,2.906663,0.000000,0.000000,0.000000
0.788279,0.984830,0.401690,0.804162,0.565023,0.196291,0.406783,0.073727,0.549917,0.081510,1.641930,3.160761,2.169278,2.712922,3.122733,1.636150,2.149853,0.000000,0.000000,0.000000
0.908074,0.855395,0.541737,0.701309,0.357707,0.059338,0.854523,0.833706,0.015826,0.683940,2.602142,2.968422,3.091756,2.688492,2.850585,2.774261,2.644527,0.000000,0.000000,0.000000
0.371395,0.083305,0.526111,0.723501,0.554843,0.394150,0.925080,0.476336,0.084521,0.005182,1.977559,1.746336,2.123718,2.242951,2.056777,2.205164,2.216045,0.000000,0.000000,0.000000
0.043618,0.908121,0.625713,0.732879,0.218154,0.950907,0.184067,0.543303,0.831431,0.304178,2.085968,3.142326,2.879684,2.397559,3.416164,2.063050,2.096731,0.000000,0.000000,0.000000
0.107353,0.004701,0.573809,0.677942,0.926322,0.336420,0.109170,0.666999,0.647924,0.756839,3.199650,1.452322,2.107166,2.689178,1.977277,2.836204,3.189487,0.000000,0.000000,0.000000
