0.553533,0.937812,0.776026,0.219611,0.007750,0.903243,0.834092,0.337246,0.984808,0.805536,3.041744,3.492957,2.356874,4.149404,3.398230,3.428073,3.441216,2.990496,0.000000,0.000000
0.765655,0.780966,0.535409,0.299267,0.156882,0.297589,0.181716,0.584358,0.111175,0.922551,1.904516,2.209743,2.223459,2.059306,2.203206,2.676593,2.028941,2.237431,0.000000,0.000000
0.787217,0.198269,0.797832,0.667211,0.979086,0.198228,0.752309,0.706824,0.195494,0.907388,2.991794,3.188034,3.925869,2.143688,3.091155,3.221993,2.436159,3.477427,0.000000,0.000000
0.783315,0.645904,0.673649,0.918034,0.450734,0.804741,0.371626,0.603772,0.500703,0.167400,2.594596,2.223977,2.136937,2.944618,2.451068,2.833136,3.085920,2.111086,0.000000,0.000000
0.929953,0.310740,0.970262,0.034838,0.493885,0.330759,0.787636,0.070417,0.557159,0.483440,2.544703,2.621818,1.773882,3.239590,1.719059,2.995896,2.337703,2.662873,0.000000,0.000000
0.602954,0.575115,0.286109,0.887822,0.472535,0.768390,0.123087,0.853276,0.478197,0.162727,2.593845,1.925203,2.472367,2.202823,2.503616,2.144379,2.669203,2.116768,0.000000,0.000000
0.350423,0.481595,0.073000,0.450926,0.249281,0.157250,0.377475,0.883342,0.873676,0.610051,2.308614,2.394747,2.396710,1.941971,2.173018,2.124777,1.588516,2.597829,0.000000,0.000000
0.517271,0.090757,0.733024,0.663093,0.080769,0.735872,0.621008,0.144882,0.018857,0.506074,2.340508,1.837220,2.068521,1.991762,1.608433,2.317725,2.481194,1.683756,0.000000,0.000000
0.020638,0.433509,0.399475,0.437948,0.146443,0.835676,0.700292,0.742435,0.696036,0.851558,2.378369,2.826865,2.632315,2.474533,2.681813,2.443332,2.515050,2.394649,0.000000,0.000000
0.487096,0.037519,0.901520,0.441669,0.637089,0.473658,0.357358,0.295374,0.672209,0.227326,2.255688,2.015528,1.770486,2.618635,1.531000,2.270956,1.739079,2.758494,0.000000,0.000000
0.584535,0.423919,0.081787,0.724209,0.477397,0.890863,0.741147,0.820039,0.593088,0.167765,2.838689,2.326424,2.533713,2.407337,3.019918,1.681737,3.025494,2.064327,0.000000,0.000000
0.278414,0.214689,0.585168,0.387569,0.192754,0.585268,0.974890,0.481544,0.864493,0.219781,2.567351,2.093297,2.372206,2.411189,2.524232,2.251892,2.660450,2.209480,0.000000,0.000000
0.866525,0.151464,0.318650,0.780498,0.539904,0.030871,0.072348,0.281309,0.265407,0.511263,1.818383,2.227632,2.201057,1.856048,1.389599,2.549011,2.270903,1.730224,0.000000,0.000000
0.585440,0.601216,0.587904,0.062088,0.693540,0.838118,0.288745,0.557884,0.605047,0.607408,1.517107,2.869279,1.825615,2.738834,2.588326,2.159876,1.988030,2.450829,0.000000,0.000000
0.828825,0.038304,0.163658,0.555172,0.372589,0.504647,0.709408,0.139156,0.531173,0.823496,2.061844,2.613344,2.538363,2.077601,1.549641,2.483645,2.557984,2.009173,0.000000,0.000000
0.560115,0.573612,0.536112,0.727429,0.563077,0.791353,0.417708,0.285214,0.595665,0.734232,2.069818,2.714882,2.477382,2.542050,2.098001,2.641153,2.589942,2.354357,0.000000,0.000000
0.931054,0.153772,0.047371,0.861303,0.329118,0.441503,0.094228,0.551679,0.097176,0.640841,2.038176,2.423568,2.358811,1.885677,1.604670,2.796728,2.757262,1.552037,0.000000,0.000000
0.281332,0.283894,0.108331,0.701462,0.765003,0.274672,0.538544,0.887661,0.850033,0.032501,2.692899,2.210214,2.785443,1.890749,2.468507,1.978391,1.941358,2.942043,0.000000,0.000000
0.504454,0.271610,0.363432,0.841850,0.025747,0.580904,0.112212,0.157601,0.822057,0.579137,1.877280,2.401471,2.177523,2.188275,1.298936,2.784802,2.218822,1.825947,0.000000,0.000000
0.301751,0.773354,0.317035,0.979166,0.754141,0.459439,0.597823,0.518060,0.617461,0.442651,2.762328,2.299868,2.769054,2.175150,2.673718,2.599626,2.764106,2.165772,0.000000,0.000000
0.227271,0.755821,0.521288,0.196823,0.277574,0.675774,0.290869,0.772697,0.739613,0.845410,2.063276,2.622979,2.215537,2.646912,2.515439,2.543477,2.005053,2.740178,0.000000,0.000000
0.690381,0.576517,0.410814,0.158406,0.024761,0.037826,0.437603,0.260218,0.247397,0.740311,1.459695,1.958369,1.744345,1.683526,1.676391,2.123430,1.510944,1.510234,0.000000,0.000000
0.616408,0.292866,0.226835,0.672596,0.991830,0.084738,0.781319,0.951406,0.662075,0.039712,3.149044,2.542787,3.802047,1.810484,3.481863,1.813820,2.253086,3.113027,0.000000,0.000000
0.431605,0.311338,0.292754,0.433733,0.374029,0.229821,0.027932,0.985083,0.462219,0.129504,2.400696,1.413244,2.430437,1.584436,2.102249,1.451744,1.510945,2.486373,0.000000,0.000000
0.061034,0.163314,0.452108,0.037270,0.239213,0.491987,0.299380,0.268767,0.119348,0.680690,1.188210,1.767212,1.523733,1.443548,1.354371,1.915702,1.306867,1.661400,0.000000,0.000000
0.106388,0.268744,0.893207,0.764673,0.143883,0.505711,0.892465,0.317879,0.103145,0.261680,3.231203,1.340716,2.473775,2.035525,2.134450,2.408933,2.736489,1.950733,0.000000,0.000000
0.685202,0.463089,0.829521,0.027111,0.493550,0.382495,0.466912,0.492443,0.583866,0.126480,1.859320,1.760050,1.239819,2.524961,1.876209,2.112791,1.472233,2.409909,0.000000,0.000000
0.425106,0.372911,0.818961,0.992720,0.364780,0.393189,0.171057,0.505787,0.158277,0.335246,2.608417,1.446621,2.187606,1.922982,1.676958,2.924180,2.185544,2.085174,0.000000,0.000000
0.424378,0.670834,0.769401,0.356245,0.647741,0.580282,0.392836,0.280813,0.416061,0.252937,2.019002,1.824966,1.717555,2.419718,2.033287,1.922320,1.969876,2.317582,0.000000,0.000000
0.723038,0.770077,0.056153,0.146351,0.157622,0.264976,0.450539,0.773394,0.335567,0.309076,2.082758,1.628136,1.563696,1.906605,2.459789,1.365105,1.857296,1.484385,0.000000,0.000000
0.773474,0.247038,0.106794,0.521091,0.736728,0.918000,0.086252,0.623835,0.393011,0.637244,1.772358,3.178599,2.421582,2.458601,2.632050,1.955067,2.645022,2.068219,0.000000,0.000000
0.343702,0.574403,0.373807,0.119118,0.761305,0.097237,0.818210,0.807778,0.224028,0.243013,2.397719,1.739329,2.411524,1.478335,3.021410,1.441868,1.789993,2.259691,0.000000,0.000000
0.590064,0.343355,0.703603,0.609515,0.867376,0.055948,0.889694,0.189691,0.564547,0.770685,2.657751,2.813503,3.482839,2.145210,2.577844,2.697108,2.402318,2.895391,0.000000,0.000000
0.896786,0.251824,0.141001,0.699519,0.836609,0.289537,0.640338,0.036314,0.290346,0.869767,2.111007,3.126673,3.209696,1.918542,1.854205,2.826917,2.629953,2.453252,0.000000,0.000000
0.438454,0.929843,0.637179,0.290223,0.857924,0.952650,0.861771,0.214226,0.236536,0.801593,2.902637,3.328842,3.116215,3.270854,4.045207,2.323510,3.601509,2.690479,0.000000,0.000000
0.698370,0.897908,0.056056,0.189595,0.923853,0.283380,0.478406,0.319362,0.941264,0.891025,2.034708,3.738087,2.827738,2.783305,2.965392,2.807876,2.195536,3.394574,0.000000,0.000000
0.402605,0.247635,0.064743,0.956676,0.394366,0.820062,0.880822,0.637388,0.004717,0.277817,2.992420,1.802009,2.802332,1.574739,2.777161,2.028083,3.326899,1.509716,0.000000,0.000000
0.154973,0.520971,0.587605,0.639324,0.345119,0.589433,0.969411,0.187669,0.196964,0.359719,2.743286,1.560418,2.693205,1.820784,2.455427,1.979911,2.971519,1.715017,0.000000,0.000000
0.124801,0.695656,0.123811,0.005904,0.381640,0.303852,0.375267,0.089556,0.058284,0.127685,1.310602,1.195222,1.097631,1.335892,1.650145,1.140157,1.385303,1.397439,0.000000,0.000000
0.932460,0.095160,0.946068,0.663259,0.516941,0.881978,0.645116,0.305330,0.565205,0.455899,2.909013,3.223540,2.185099,3.851348,2.187967,3.252679,3.414646,2.638397,0.000000,0.000000
0.620813,0.468341,0.186542,0.241326,0.058172,0.354672,0.084584,0.710641,0.456292,0.589513,1.631106,1.905951,1.770339,1.676032,1.936213,1.683685,1.508051,1.489984,0.000000,0.000000
0.450621,0.031638,0.471713,0.936414,0.537013,0.331428,0.446824,0.040413,0.524688,0.197998,2.185643,1.658807,2.170343,1.802188,1.217786,2.426399,2.154049,1.905509,0.000000,0.000000
0.334366,0.155604,0.995054,0.873414,0.775832,0.850381,0.485282,0.557956,0.253646,0.590681,3.263067,2.649124,2.798838,2.863495,2.503454,3.018562,2.715610,2.958093,0.000000,0.000000
0.202638,0.228558,0.543835,0.600562,0.730432,0.333115,0.442789,0.866881,0.743897,0.344189,2.536165,2.299934,2.636725,2.079689,2.294690,2.185483,1.801412,2.941433,0.000000,0.000000
0.013661,0.593637,0.428856,0.115329,0.347293,0.920217,0.578685,0.003159,0.587804,0.232553,1.557753,2.337025,1.323439,2.675151,2.223758,1.603851,2.280105,1.737230,0.000000,0.000000
0.381918,0.967894,0.611298,0.622959,0.209963,0.021873,0.348707,0.961222,0.872690,0.096635,3.621768,1.875605,2.476915,3.132141,2.942386,2.450536,2.551595,3.068942,0.000000,0.000000
0.388847,0.383227,0.773456,0.743159,0.019330,0.270950,0.687441,0.148474,0.572541,0.757484,2.585157,2.099573,2.540347,2.221125,1.621666,2.874017,2.171900,2.134542,0.000000,0.000000
0.144428,0.704260,0.989906,0.353659,0.753611,0.281282,0.118212,0.314494,0.945052,0.660935,2.532217,2.988379,2.221764,3.193282,2.136432,3.268707,1.680492,3.771474,0.000000,0.000000
0.446514,0.411481,0.851970,0.144750,0.812412,0.853206,0.587306,0.520761,0.222121,0.738410,2.169564,2.871625,2.383476,2.615491,2.780408,2.420436,2.121705,2.884821,0.000000,0.000000
0.833917,0.369461,0.080214,0.475074,0.779120,0.170402,0.186296,0.825104,0.869307,0.062671,2.078434,2.695442,2.335576,2.302608,2.336697,2.165725,1.932496,2.824922,0.000000,0.000000
0.063215,0.362819,0.100918,0.616553,0.998554,0.087028,0.675988,0.032592,0.961537,0.598264,2.079938,3.518543,3.178952,1.989711,2.467362,2.548014,1.950356,3.025838,0.000000,0.000000
0.627358,0.230596,0.174188,0.369136,0.932100,0.777166,0.534218,0.262371,0.442580,0.536583,1.674159,3.004259,2.549566,2.042328,2.506347,1.647957,2.225591,2.133275,0.000000,0.000000
0.454211,0.182223,0.220627,0.528820,0.545705,0.483840,0.926454,0.965563,0.261886,0.832356,3.289913,2.137583,3.960124,1.444265,2.909156,2.085364,2.578547,2.931610,0.000000,0.000000
0.588103,0.606546,0.788563,0.909332,0.223614,0.917650,0.625794,0.503973,0.696295,0.875095,2.897724,3.150556,2.872181,3.296564,2.770151,3.611675,3.202185,2.801976,0.000000,0.000000
0.388227,0.399022,0.106710,0.812205,0.982375,0.624184,0.764337,0.393969,0.678073,0.684462,2.467810,3.252909,3.579539,1.966815,3.025811,2.331211,2.682514,2.534501,0.000000,0.000000
0.188742,0.783231,0.608316,0.831065,0.887883,0.599613,0.096227,0.189648,0.446351,0.884103,2.278829,2.912787,3.312985,2.408543,2.502974,3.003877,2.568053,2.958061,0.000000,0.000000
0.679881,0.924570,0.806409,0.028751,0.741969,0.957726,0.159491,0.416447,0.867893,0.939255,2.224910,4.087557,2.332591,4.272654,3.384167,3.401268,2.826048,3.836798,0.000000,0.000000
0.486634,0.400994,0.391310,0.988080,0.452192,0.024419,0.571760,0.296714,0.345294,0.201582,2.374927,1.440564,2.230349,1.551578,1.686236,2.438116,2.228736,1.650435,0.000000,0.000000
0.824600,0.568746,0.304858,0.242846,0.559230,0.164942,0.486413,0.968379,0.350272,0.090855,2.455695,1.770435,2.333552,1.933589,2.504862,1.723744,1.871027,2.546793,0.000000,0.000000
0.243590,0.434711,0.501749,0.773903,0.605406,0.517108,0.296620,0.218368,0.022326,0.759039,1.951203,2.053789,2.580172,1.448921,1.604748,2.542258,2.103970,2.189603,0.000000,0.000000
0.572720,0.439195,0.547612,0.482258,0.287329,0.657958,0.275427,0.588148,0.152417,0.807692,1.867837,2.103672,2.234477,1.835958,1.932057,2.374296,2.034886,2.086708,0.000000,0.000000
0.439554,0.764925,0.045318,0.567954,0.741305,0.426588,0.361452,0.493898,0.093725,0.467841,2.080959,1.933522,2.240659,1.532170,2.442344,1.463885,2.155916,1.821478,0.000000,0.000000
0.371471,0.204790,0.192396,0.934991,0.941593,0.477559,0.625576,0.241354,0.620140,0.932671,2.342125,3.211143,3.793649,1.774902,2.339002,3.034617,2.416702,2.974599,0.000000,0.000000
0.694814,0.832251,0.108607,0.914849,0.742085,0.145121,0.465512,0.261791,0.253571,0.451871,2.548907,2.087207,2.575884,1.910112,2.358634,2.244546,2.678475,1.813107,0.000000,0.000000
0.061291,0.008934,0.718477,0.641723,0.366346,0.467734,0.780542,0.635398,0.887326,0.256557,2.773969,2.140935,2.231459,2.505865,2.151418,2.668483,2.336040,2.689091,0.000000,0.000000
0.090622,0.739202,0.124089,0.188510,0.252327,0.962880,0.559399,0.977130,0.335313,0.304623,2.655329,2.292714,2.286057,2.542014,3.530331,1.236231,2.589280,2.204800,0.000000,0.000000
0.608258,0.301692,0.206989,0.802982,0.596783,0.028686,0.834612,0.249506,0.437910,0.297109,2.519427,1.784679,2.589987,1.572322,2.048739,1.933043,2.476721,1.732363,0.000000,0.000000
0.050001,0.415528,0.017064,0.881884,0.986299,0.514470,0.399144,0.316695,0.569910,0.155877,2.085351,2.510186,2.894205,1.736184,2.535300,1.832714,2.239966,2.175471,0.000000,0.000000
0.117106,0.818717,0.547612,0.859612,0.718354,0.951052,0.906339,0.311651,0.361126,0.403573,3.169107,2.722822,3.070898,2.970552,3.770825,2.362709,3.957945,2.094796,0.000000,0.000000
0.283301,0.904617,0.969242,0.284166,0.165890,0.070441,0.734588,0.715675,0.541716,0.576030,3.678667,1.875901,2.099481,3.152986,2.931164,2.411940,2.357018,2.562137,0.000000,0.000000
0.174741,0.013877,0.760596,0.299959,0.369174,0.491881,0.515119,0.885181,0.911486,0.315735,2.593555,2.255557,2.063823,2.609163,2.069428,2.577675,1.678754,3.258337,0.000000,0.000000
0.809214,0.702026,0.720719,0.244573,0.126405,0.751337,0.600055,0.974858,0.359038,0.134446,2.971424,1.931031,2.274771,2.892490,2.923441,2.117031,2.615021,2.572905,0.000000,0.000000
0.986224,0.891165,0.892457,0.094118,0.108396,0.786248,0.346768,0.435553,0.777893,0.421504,2.493442,3.343041,1.303191,4.624126,2.572030,3.370117,3.317708,2.422832,0.000000,0.000000
0.778328,0.884745,0.110079,0.896264,0.034780,0.220060,0.477902,0.100001,0.501437,0.237359,2.667914,1.776821,2.004817,2.422580,1.992439,2.235235,2.952208,1.176162,0.000000,0.000000
0.573121,0.413516,0.382402,0.871203,0.610005,0.685028,0.638678,0.338909,0.281786,0.396643,2.351514,1.985077,2.426377,1.840550,2.059739,2.269105,2.692063,1.807834,0.000000,0.000000
0.958145,0.884501,0.444481,0.803765,0.586108,0.697311,0.716068,0.602097,0.000821,0.243908,3.115190,2.489205,2.406641,2.957030,3.034480,2.830759,4.076758,1.866338,0.000000,0.000000
0.112390,0.539853,0.885106,0.898418,0.425110,0.845722,0.228446,0.795277,0.650128,0.147945,3.113180,2.159029,2.317975,3.123395,2.563950,2.810821,2.710541,2.801909,0.000000,0.000000
0.346094,0.117923,0.288189,0.413372,0.923458,0.419906,0.370140,0.236338,0.773362,0.515407,1.570497,2.937054,2.486027,1.935612,2.041234,1.987146,1.645563,2.540356,0.000000,0.000000
0.704801,0.751215,0.281675,0.914837,0.289726,0.061947,0.913164,0.010217,0.474206,0.419779,2.994235,1.842898,2.810708,2.046160,2.343047,2.448022,3.172507,1.506754,0.000000,0.000000
0.955835,0.205809,0.939214,0.266273,0.638356,0.470425,0.052643,0.831247,0.141352,0.558554,2.621922,2.685476,2.235265,2.927213,2.062844,3.068314,2.287352,3.017508,0.000000,0.000000
0.188370,0.835549,0.500551,0.996285,0.869385,0.115334,0.275794,0.868776,0.966153,0.344732,3.198099,2.935706,3.272943,2.705878,3.159195,3.479859,2.518204,3.530843,0.000000,0.000000
0.116053,0.750391,0.484275,0.864897,0.820394,0.904653,0.392369,0.097980,0.577639,0.410660,2.312715,2.966286,2.609413,2.869615,2.780378,2.411254,3.060788,2.276105,0.000000,0.000000
0.145337,0.006575,0.974320,0.701388,0.164888,0.199474,0.526445,0.719791,0.849832,0.231864,3.252624,1.960210,2.029653,2.807133,1.866791,2.894783,1.887144,2.924050,0.000000,0.000000
0.220679,0.407595,0.837369,0.716143,0.126306,0.741850,0.300561,0.479292,0.017026,0.425351,2.419496,1.731055,1.932535,2.154608,1.897522,2.386097,2.321761,1.885524,0.000000,0.000000
0.940549,0.405442,0.013917,0.512156,0.737064,0.008385,0.076418,0.005335,0.232686,0.390801,1.528952,2.581414,2.065336,1.995952,1.465300,2.039965,2.275745,1.773181,0.000000,0.000000
0.394810,0.831410,0.824060,0.046108,0.438777,0.493216,0.963044,0.508198,0.954434,0.417592,2.963215,2.481781,2.199035,3.240898,3.158873,2.837952,2.669959,3.051593,0.000000,0.000000
0.512654,0.655098,0.509064,0.973973,0.812902,0.804786,0.970635,0.203121,0.914237,0.449863,3.112294,3.277766,3.601483,2.914209,3.321011,3.369395,3.755702,2.877497,0.000000,0.000000
0.756368,0.819601,0.308892,0.367916,0.933104,0.638584,0.672737,0.488678,0.329187,0.610151,2.316132,2.944797,2.785329,2.383804,3.329167,1.990272,2.778963,2.230654,0.000000,0.000000
0.274492,0.632300,0.463137,0.753293,0.548312,0.332368,0.824907,0.954512,0.168166,0.484669,3.450490,1.691558,3.408416,1.580779,3.010084,2.127855,2.586488,2.615073,0.000000,0.000000
0.843862,0.940682,0.650129,0.238833,0.441145,0.157907,0.209513,0.781027,0.878051,0.032021,2.674374,2.317382,1.618260,3.515586,2.713076,2.687093,2.483895,2.831392,0.000000,0.000000
0.042397,0.256731,0.224203,0.741745,0.027932,0.220063,0.592885,0.451473,0.561743,0.193799,2.188923,1.511721,1.921643,1.627011,1.726307,1.769433,2.002924,1.275627,0.000000,0.000000
0.814850,0.511979,0.088800,0.839918,0.117877,0.344643,0.830702,0.852802,0.822196,0.194849,3.185442,2.245844,2.806781,2.298969,2.693220,2.535524,2.959888,2.134080,0.000000,0.000000
0.742001,0.908043,0.459585,0.179799,0.655457,0.970402,0.840647,0.098324,0.838139,0.909421,2.549401,4.005177,2.787861,3.867954,3.562033,3.010836,3.620341,3.139464,0.000000,0.000000
0.651738,0.511727,0.382528,0.577957,0.083418,0.589468,0.410732,0.963635,0.151233,0.986344,2.697984,2.248121,3.410798,1.688546,2.366009,2.666571,2.180881,3.010615,0.000000,0.000000
0.000186,0.453192,0.571473,0.625076,0.163870,0.622453,0.919326,0.427103,0.635284,0.603333,2.673920,2.161436,2.721997,2.245216,2.503625,2.342596,2.831684,1.893561,0.000000,0.000000
0.904130,0.626171,0.365842,0.614652,0.811079,0.714730,0.618602,0.157694,0.828046,0.434053,2.115420,3.518399,2.483155,3.084895,2.405783,2.860749,3.120108,2.548270,0.000000,0.000000
0.940406,0.584452,0.567874,0.246596,0.308685,0.252935,0.570789,0.169924,0.541091,0.448404,1.749490,2.510182,1.583362,2.731925,1.707586,2.605147,2.348707,1.830155,0.000000,0.000000
0.768164,0.966032,0.738702,0.159668,0.007113,0.270295,0.724359,0.738401,0.085464,0.419985,3.226050,1.700094,1.830876,2.789256,3.053131,2.186680,2.751161,1.804044,0.000000,0.000000
0.112904,0.043152,0.836779,0.317395,0.620089,0.739001,0.385671,0.084226,0.231900,0.857872,1.957013,2.448348,2.313899,2.335705,1.511708,2.607608,1.920904,2.874377,0.000000,0.000000
0.669380,0.134512,0.722826,0.521241,0.962075,0.016834,0.507067,0.864616,0.947758,0.693477,2.697737,3.616596,3.441932,2.604958,2.869797,3.286588,1.786616,4.050334,0.000000,0.000000
0.791107,0.577759,0.798621,0.568739,0.443865,0.621656,0.553438,0.135020,0.666835,0.558696,2.348655,2.550029,2.062189,2.966167,1.769998,2.802327,2.546003,2.475658,0.000000,0.000000
0.312610,0.939452,0.211381,0.535579,0.334461,0.179187,0.049903,0.222706,0.709339,0.530350,2.282879,2.074943,1.854819,2.541690,2.118099,1.902438,2.349727,1.815717,0.000000,0.000000
0.024913,0.650883,0.910412,0.241694,0.069226,0.711278,0.790621,0.782367,0.790313,0.323449,3.149473,2.204327,2.030497,3.158489,2.882294,2.419269,2.421292,2.695770,0.000000,0.000000
0.495857,0.879837,0.468060,0.073956,0.755624,0.903489,0.241623,0.664989,0.337742,0.090663,2.001642,2.332479,1.647059,2.923561,3.381237,1.519672,2.533583,2.143336,0.000000,0.000000
0.834234,0.939949,0.849098,0.903743,0.724647,0.406284,0.757174,0.649183,0.412890,0.516769,4.004145,2.499070,2.995304,3.385555,3.253598,3.287400,3.687540,2.702621,0.000000,0.000000
0.851401,0.302558,0.993824,0.453063,0.837089,0.731512,0.109295,0.449678,0.666455,0.433023,2.533995,3.197465,2.245664,3.501334,2.242993,2.918986,2.445233,3.174335,0.000000,0.000000
0.336909,0.600963,0.908815,0.487156,0.411569,0.471609,0.214189,0.636876,0.719749,0.637995,2.551926,2.279558,2.070792,2.785360,2.059881,2.704169,1.854172,2.880828,0.000000,0.000000
0.990878,0.287972,0.249716,0.407988,0.519754,0.181454,0.724558,0.188064,0.246722,0.462674,1.945493,2.620252,2.038307,2.277146,1.724548,2.490614,2.783387,1.643190,0.000000,0.000000
0.330765,0.583784,0.904645,0.886674,0.443442,0.815328,0.767178,0.041699,0.033435,0.041491,3.212863,1.575672,2.322000,2.513921,2.233002,2.607420,3.123072,2.261864,0.000000,0.000000
0.221895,0.962183,0.320566,0.319752,0.208058,0.969233,0.396007,0.146489,0.492366,0.779959,2.314962,2.914423,1.961754,3.363274,2.991606,2.020901,3.178903,1.800321,0.000000,0.000000
0.488392,0.868397,0.560871,0.998208,0.483091,0.648144,0.519326,0.076280,0.356571,0.155084,2.861156,1.599232,2.207742,2.539900,2.139301,2.623510,3.154835,1.843584,0.000000,0.000000
0.427938,0.301402,0.853380,0.455255,0.666561,0.488927,0.096853,0.871122,0.433963,0.416652,2.658538,1.972629,2.426743,2.301704,2.188220,2.171153,1.717818,3.008326,0.000000,0.000000
0.662297,0.540311,0.937904,0.455610,0.335910,0.369514,0.014280,0.300293,0.717666,0.385425,2.302751,2.084444,1.644507,2.860439,1.611853,2.573731,1.804808,2.609714,0.000000,0.000000
0.989438,0.364831,0.998876,0.808147,0.916867,0.730771,0.365427,0.688004,0.713189,0.438907,3.269327,3.951781,2.943532,4.067202,2.784992,3.926323,3.356980,3.468641,0.000000,0.000000
0.156507,0.120564,0.956246,0.886608,0.197218,0.002631,0.724474,0.662988,0.111963,0.847289,3.539055,1.867589,3.015751,2.026676,2.059286,3.371335,2.267170,2.756500,0.000000,0.000000
0.383035,0.747404,0.142958,0.375888,0.410166,0.442871,0.251470,0.047742,0.546063,0.281314,1.672878,1.695217,1.528029,1.973655,1.667597,1.372364,1.908218,1.599694,0.000000,0.000000
0.566206,0.289819,0.765537,0.587040,0.833990,0.353545,0.111391,0.323499,0.316518,0.057465,1.978797,1.811537,2.174111,2.012004,1.898174,2.039372,1.778664,2.455300,0.000000,0.000000
0.669654,0.160681,0.495678,0.913802,0.518601,0.022124,0.758932,0.464034,0.603355,0.051441,2.650173,1.689619,2.409191,1.984393,1.999313,2.528567,2.486751,2.005464,0.000000,0.000000
0.756793,0.434983,0.632568,0.922016,0.445770,0.690742,0.607684,0.537023,0.688115,0.859463,2.621857,2.897439,2.930304,2.701875,2.147371,3.627514,2.907594,2.762043,0.000000,0.000000
0.692018,0.727284,0.533714,0.870525,0.037398,0.245007,0.438956,0.422561,0.894123,0.892768,2.423278,2.854584,2.718211,2.632165,2.036967,3.788278,2.453616,2.685798,0.000000,0.000000
0.798487,0.199134,0.835137,0.903089,0.589166,0.982744,0.216402,0.671415,0.084172,0.776856,2.739345,3.245785,2.849741,3.056910,2.758339,3.499818,3.205174,2.787878,0.000000,0.000000
0.797494,0.177019,0.411671,0.258455,0.740870,0.461559,0.500082,0.084558,0.302123,0.794948,1.538037,2.660846,2.359598,1.893488,1.563182,2.391790,1.920116,2.337276,0.000000,0.000000
0.923262,0.696465,0.189654,0.522176,0.524856,0.896554,0.580889,0.466232,0.914680,0.771617,2.126117,4.069801,2.398043,3.577445,2.802465,3.298244,3.428133,2.702605,0.000000,0.000000
0.041240,0.030633,0.418462,0.412014,0.682832,0.959225,0.036195,0.657236,0.797148,0.416150,1.727887,3.216580,2.026207,2.854854,2.687708,2.065373,2.332176,2.517110,0.000000,0.000000
0.009576,0.080555,0.927423,0.200548,0.527843,0.308976,0.110887,0.558259,0.227263,0.991705,2.126624,2.199534,2.385468,2.116914,1.646556,2.921636,1.297420,3.421148,0.000000,0.000000
0.766511,0.542594,0.863685,0.025509,0.004201,0.383491,0.831456,0.201959,0.713087,0.582262,2.328540,2.376984,1.842796,2.866715,2.079463,2.725896,2.098654,2.228029,0.000000,0.000000
0.003631,0.741330,0.046887,0.690620,0.561519,0.594707,0.443883,0.186742,0.099656,0.494540,2.118071,1.806607,2.151287,1.614216,1.997577,1.620951,2.433782,1.624748,0.000000,0.000000
0.515757,0.896661,0.511702,0.199112,0.530454,0.285938,0.448634,0.721994,0.548844,0.918522,2.424920,2.412191,2.428752,2.516974,2.697381,2.490513,2.054083,2.865609,0.000000,0.000000
0.302088,0.331139,0.924478,0.774135,0.943608,0.984110,0.316129,0.239430,0.501202,0.972802,2.622222,4.004644,3.571438,3.323484,3.096515,3.400369,2.788740,3.820525,0.000000,0.000000
0.037608,0.846398,0.051739,0.594403,0.945126,0.575461,0.415881,0.662986,0.095567,0.292411,2.493166,2.255454,2.682159,1.802024,3.312331,1.347337,2.510701,2.084079,0.000000,0.000000
0.112143,0.905276,0.573522,0.959146,0.041953,0.280246,0.868810,0.546508,0.522674,0.742545,3.593398,2.021992,3.129115,2.545249,3.023569,3.081922,3.365128,1.866431,0.000000,0.000000
0.103030,0.028383,0.736323,0.299589,0.483180,0.075911,0.239256,0.652456,0.868205,0.432609,1.928533,2.299238,1.721059,2.410826,1.721465,2.518559,1.319060,2.833050,0.000000,0.000000
0.913865,0.794697,0.898137,0.903583,0.053677,0.295910,0.484348,0.488949,0.201703,0.714924,3.222718,2.400825,2.497833,3.070508,2.236395,3.786045,3.141014,2.157719,0.000000,0.000000
0.504494,0.313165,0.744881,0.661299,0.131221,0.014224,0.910110,0.908179,0.466599,0.749344,3.549523,2.001998,3.528969,2.063747,2.760392,2.675673,2.457643,2.720768,0.000000,0.000000
0.121656,0.283432,0.728835,0.439104,0.336993,0.976739,0.579888,0.465731,0.479326,0.249691,2.160396,2.427894,1.674709,2.948834,2.642943,1.928658,2.594603,2.004118,0.000000,0.000000
0.328943,0.354981,0.336751,0.182057,0.953782,0.079973,0.150818,0.581051,0.743901,0.186235,1.419475,2.611173,2.151147,1.877544,2.538052,1.687560,1.211613,2.546287,0.000000,0.000000
0.278087,0.667416,0.466302,0.353259,0.773866,0.930151,0.178809,0.389832,0.618679,0.816259,1.624182,3.412667,2.493007,2.840948,2.895890,2.324835,2.424240,2.681041,0.000000,0.000000
0.319583,0.697569,0.743692,0.366252,0.444691,0.446962,0.344817,0.992660,0.557343,0.567480,2.934360,2.009292,2.754196,2.439828,2.577205,2.214680,1.847141,3.238438,0.000000,0.000000
0.515897,0.181740,0.665020,0.814515,0.884457,0.836007,0.911894,0.787102,0.650114,0.212087,3.329484,2.851629,3.544956,2.714291,3.598721,2.465554,3.309344,2.905605,0.000000,0.000000
0.364235,0.211805,0.698779,0.534346,0.053868,0.695387,0.556249,0.955107,0.847006,0.499180,2.953889,2.456999,2.674222,2.679984,2.334691,2.621629,2.198442,3.006711,0.000000,0.000000
0.306059,0.011908,0.751090,0.795950,0.077695,0.563036,0.552728,0.600173,0.443435,0.837359,2.635895,2.137643,2.668797,2.188744,1.825797,2.997874,2.284508,2.298539,0.000000,0.000000
0.919540,0.055077,0.213450,0.501306,0.628257,0.049914,0.200543,0.510502,0.664017,0.577968,1.676643,2.924305,2.119620,2.367147,1.677395,2.525323,2.169308,2.112854,0.000000,0.000000
0.272156,0.754729,0.494537,0.546266,0.435227,0.270646,0.252871,0.034722,0.115942,0.430529,1.914945,1.533273,1.818153,1.706287,1.657840,1.844576,1.961640,1.715709,0.000000,0.000000
0.164191,0.241070,0.716447,0.010753,0.355695,0.834793,0.334615,0.900640,0.998660,0.214467,2.117564,2.742550,1.706880,3.097203,2.417636,2.757215,1.748595,3.459685,0.000000,0.000000
0.448961,0.549457,0.128398,0.897902,0.894746,0.187888,0.046364,0.460778,0.990245,0.298811,2.048234,3.015189,2.724272,2.122750,2.403927,2.921385,2.042689,2.910994,0.000000,0.000000
0.473343,0.134277,0.879823,0.172764,0.188039,0.269359,0.953078,0.369543,0.004038,0.281810,2.730842,1.317501,2.090834,1.821756,2.255976,1.988158,2.135140,1.975326,0.000000,0.000000
0.901227,0.228685,0.935589,0.597001,0.416012,0.397617,0.257308,0.986643,0.161357,0.701535,3.390491,2.419090,3.100509,2.696807,2.095866,3.235722,2.369398,3.472727,0.000000,0.000000
0.220768,0.580820,0.871327,0.187646,0.393047,0.049959,0.824510,0.860118,0.392293,0.328054,3.146284,1.543199,2.288888,2.265960,2.781853,2.009762,1.864989,2.694962,0.000000,0.000000
0.296761,0.305102,0.146868,0.881330,0.869458,0.441123,0.890043,0.342460,0.873569,0.679937,2.716778,3.140501,3.633171,1.991945,2.728792,2.878408,2.791957,2.776115,0.000000,0.000000
0.485572,0.809584,0.578982,0.863258,0.315205,0.213203,0.129608,0.197173,0.552308,0.595690,2.347878,1.961111,2.250002,2.353796,1.865088,2.697187,2.367468,1.945117,0.000000,0.000000
0.235741,0.622554,0.058973,0.487041,0.847305,0.519662,0.212285,0.136310,0.555157,0.423382,1.628166,2.413538,2.276673,1.849910,2.086765,1.449470,1.917597,2.054060,0.000000,0.000000
0.004665,0.438066,0.841016,0.732887,0.014185,0.041574,0.325210,0.454808,0.159588,0.166104,2.449143,1.191579,1.791126,1.903795,1.681105,2.262906,1.805836,1.745780,0.000000,0.000000
0.781198,0.583247,0.709843,0.484730,0.745097,0.772726,0.714831,0.462985,0.880779,0.067322,2.416342,2.904225,2.185294,3.252718,2.752146,2.721032,2.853766,2.953550,0.000000,0.000000
0.297857,0.102859,0.660538,0.806165,0.301763,0.384879,0.953313,0.949575,0.501519,0.941956,3.761573,2.245243,4.318902,1.997298,2.843268,3.137354,2.823129,3.423533,0.000000,0.000000
0.983354,0.304935,0.909831,0.486847,0.455459,0.540916,0.986466,0.122214,0.543050,0.360677,3.149663,2.755167,2.658395,3.457251,2.264483,3.161775,3.667523,2.460348,0.000000,0.000000
0.283358,0.231751,0.471150,0.663123,0.721360,0.967201,0.981313,0.147584,0.116975,0.691396,2.679257,2.957391,3.443908,2.248464,3.263463,2.242788,3.548292,2.173523,0.000000,0.000000
0.754131,0.842901,0.526661,0.190992,0.725245,0.054773,0.380130,0.546828,0.336365,0.181826,2.001423,1.920354,1.675291,2.362600,2.588894,1.823403,1.997618,2.090661,0.000000,0.000000
0.557275,0.914566,0.754873,0.197978,0.283165,0.205306,0.343675,0.357475,0.581132,0.254286,2.326328,1.670229,1.305133,2.912982,2.241292,1.995092,2.034084,2.059273,0.000000,0.000000
0.744297,0.071946,0.335599,0.381860,0.493722,0.651468,0.859627,0.282830,0.613656,0.972319,2.156130,2.877786,2.995485,2.231218,2.100000,2.706912,2.669945,2.733035,0.000000,0.000000
0.881581,0.967575,0.675913,0.380237,0.807267,0.172248,0.242152,0.998582,0.940406,0.599418,3.491398,3.543230,3.261985,3.811336,3.373821,3.404777,2.833067,4.217813,0.000000,0.000000
0.817488,0.222380,0.754275,0.981004,0.150028,0.346751,0.469716,0.838277,0.999914,0.317693,3.114927,2.700452,2.547930,2.978078,1.996885,4.164045,2.572417,3.142829,0.000000,0.000000
0.766609,0.221376,0.600014,0.882252,0.933244,0.091291,0.391328,0.208441,0.569205,0.434560,2.174590,2.836197,2.907741,2.197155,2.075925,2.845316,2.217685,2.513735,0.000000,0.000000
0.343135,0.818014,0.891003,0.093183,0.621426,0.751208,0.906393,0.732586,0.728438,0.212641,3.304424,2.306445,2.264322,3.398756,3.534729,2.223344,2.854657,3.014886,0.000000,0.000000
0.958103,0.646909,0.962130,0.719578,0.475089,0.790684,0.823540,0.845447,0.829567,0.664506,3.972313,3.658119,3.160309,4.232065,3.182464,4.057233,3.885783,3.598608,0.000000,0.000000
0.512910,0.359189,0.247627,0.467685,0.017684,0.634259,0.146084,0.670737,0.906622,0.369559,1.800521,2.388860,1.740477,2.275238,1.905516,2.197621,1.925231,1.978623,0.000000,0.000000
0.165294,0.727616,0.459576,0.642147,0.342388,0.968355,0.553645,0.158853,0.346284,0.487855,2.201232,2.527330,2.014344,2.745944,2.723201,1.976871,3.029976,1.651868,0.000000,0.000000
0.551418,0.340764,0.339752,0.657622,0.910943,0.131685,0.183833,0.675428,0.646155,0.802967,2.017468,3.027680,3.200007,1.828334,2.486396,2.494208,1.745639,2.852436,0.000000,0.000000
0.921732,0.666220,0.402107,0.185861,0.968246,0.544390,0.729200,0.463641,0.159442,0.440691,1.974650,3.126982,2.591966,2.344778,3.221950,2.268690,2.732272,2.193131,0.000000,0.000000
0.377310,0.269378,0.584078,0.276244,0.689988,0.691171,0.806905,0.887347,0.697268,0.154333,2.743823,2.204868,2.602613,2.381512,2.869673,1.872997,2.292245,2.920835,0.000000,0.000000
0.137988,0.197208,0.003683,0.192005,0.067425,0.777554,0.662092,0.116716,0.852525,0.164335,1.632259,2.257019,1.411504,2.324202,1.730086,1.566053,2.088397,1.687802,0.000000,0.000000
0.494250,0.892244,0.020113,0.763437,0.892790,0.573682,0.176099,0.711742,0.353290,0.857063,2.720480,2.831304,3.393221,2.205766,3.210766,2.244701,2.761276,2.659510,0.000000,0.000000
0.816881,0.631914,0.451865,0.591462,0.964347,0.874545,0.898667,0.678471,0.305153,0.793900,2.853831,3.732535,3.914538,2.701408,4.179965,2.661466,3.605252,2.737961,0.000000,0.000000
0.865863,0.324328,0.033892,0.043053,0.752385,0.660706,0.784242,0.901300,0.298503,0.259410,2.393841,2.451668,2.509293,2.085818,2.935178,1.595886,2.459668,2.379426,0.000000,0.000000
0.774301,0.447645,0.112951,0.178680,0.078294,0.683550,0.637340,0.220697,0.720351,0.380550,1.613770,2.396572,1.489503,2.370968,1.829239,1.811059,2.223288,1.486341,0.000000,0.000000
0.599050,0.954084,0.318873,0.488383,0.363644,0.983504,0.139742,0.286368,0.805435,0.388533,2.332289,3.098123,1.689734,3.764188,3.137057,2.084309,3.364141,2.012543,0.000000,0.000000
0.466951,0.205543,0.115041,0.565546,0.265225,0.340859,0.174849,0.579149,0.581328,0.553144,1.790914,1.945442,1.956261,1.658150,1.636292,1.738300,1.711062,1.633687,0.000000,0.000000
0.473140,0.078833,0.643525,0.122163,0.700109,0.455075,0.948156,0.919014,0.097465,0.062646,2.968853,1.481904,2.933007,1.629582,3.037388,1.673074,2.205399,2.770732,0.000000,0.000000
0.028944,0.647265,0.367663,0.530841,0.438539,0.839530,0.658790,0.143086,0.767964,0.567444,2.099655,2.738309,2.125591,2.670371,2.301985,2.187069,2.697090,2.130375,0.000000,0.000000
0.223854,0.294057,0.538298,0.400434,0.761258,0.226548,0.952542,0.964979,0.935405,0.310145,3.292505,2.629484,3.597779,2.244837,3.252158,2.464854,2.324073,3.715476,0.000000,0.000000
0.974477,0.861454,0.891875,0.529375,0.649326,0.738728,0.440660,0.712694,0.910790,0.847844,3.192699,4.127700,2.743563,4.538822,2.938131,4.325936,3.590115,3.900903,0.000000,0.000000
0.402601,0.501211,0.164450,0.818248,0.363544,0.750751,0.124911,0.149011,0.796047,0.288068,1.869522,2.298059,1.949596,2.319920,1.658135,2.207417,2.457509,1.901995,0.000000,0.000000
0.030313,0.639708,0.462453,0.883710,0.940437,0.558861,0.898324,0.067415,0.518644,0.268670,2.843869,2.466950,3.438864,2.074520,3.038293,2.297120,3.088437,2.299022,0.000000,0.000000
0.846560,0.887932,0.538643,0.741595,0.774041,0.900758,0.090796,0.048698,0.170738,0.776610,2.386082,3.362632,2.808545,3.248128,2.789817,2.985267,3.610119,2.432913,0.000000,0.000000
0.707224,0.322016,0.028168,0.649442,0.084582,0.961807,0.023731,0.458422,0.041412,0.793905,1.749806,2.828909,2.300578,2.119624,2.385257,2.109297,2.762205,1.502951,0.000000,0.000000
0.922432,0.669678,0.405528,0.642469,0.788428,0.922259,0.687674,0.511065,0.037695,0.422955,2.410581,3.305770,2.569955,2.855548,3.338353,2.517449,3.687190,2.019800,0.000000,0.000000
0.261304,0.268938,0.176627,0.284413,0.123757,0.237489,0.920622,0.012521,0.283078,0.089402,2.134340,1.175830,2.012633,1.334120,1.866107,1.215266,2.127532,1.177703,0.000000,0.000000
0.791648,0.867976,0.058591,0.974274,0.491784,0.145111,0.551930,0.385862,0.348576,0.233958,2.829013,1.785774,2.249300,2.233578,2.365934,2.363808,3.041977,1.549121,0.000000,0.000000
0.951607,0.568344,0.508817,0.756391,0.426515,0.809901,0.190153,0.972428,0.455177,0.738243,2.838419,3.233624,3.249825,3.130006,2.683876,3.309848,3.303894,2.946278,0.000000,0.000000
0.087755,0.349225,0.808949,0.232791,0.908535,0.211798,0.083725,0.219443,0.783430,0.203677,1.683800,2.569394,2.024771,2.462208,2.023759,2.239758,1.293115,3.046003,0.000000,0.000000
0.708893,0.571969,0.382337,0.677736,0.373449,0.459125,0.120431,0.215902,0.450672,0.977375,1.784889,2.456018,2.685760,1.979682,1.584649,2.869174,2.176326,2.524159,0.000000,0.000000
0.027286,0.013973,0.487344,0.486876,0.386995,0.607494,0.142371,0.245519,0.307519,0.506470,1.578353,1.795194,1.802650,1.769218,1.353768,1.868212,1.858810,1.720271,0.000000,0.000000
0.601999,0.866500,0.830192,0.156689,0.598917,0.526581,0.314522,0.504036,0.246199,0.630934,2.347160,2.062333,1.811917,2.724229,2.455125,2.314854,2.107887,2.494055,0.000000,0.000000
0.802251,0.263355,0.192915,0.777996,0.487572,0.654951,0.248722,0.397861,0.800587,0.339015,1.905489,2.612186,2.022632,2.455877,1.659633,2.521869,2.559469,2.061095,0.000000,0.000000
0.628360,0.064023,0.110706,0.203218,0.502224,0.471345,0.518052,0.695500,0.368070,0.010568,1.808174,1.420034,1.564768,1.583017,1.925516,1.235522,1.662393,1.727080,0.000000,0.000000
0.078944,0.168048,0.366186,0.261508,0.989583,0.931787,0.957883,0.956792,0.086080,0.006023,3.073061,2.736327,3.874339,2.029975,4.525305,1.384164,3.009433,2.926154,0.000000,0.000000
0.272192,0.101549,0.944508,0.988456,0.145299,0.177669,0.813457,0.581069,0.943649,0.034072,3.642207,1.930104,2.496790,2.842954,2.130278,3.705873,2.559897,2.943934,0.000000,0.000000
0.337860,0.835231,0.147941,0.101913,0.064001,0.103999,0.726297,0.569951,0.886345,0.289991,2.221518,2.080380,1.524677,2.400420,2.650717,1.854675,1.986919,1.849421,0.000000,0.000000
0.664445,0.606545,0.324313,0.279405,0.287601,0.037050,0.523058,0.413656,0.024852,0.313837,1.716933,1.467753,1.488650,1.394937,1.931497,1.574127,1.688736,1.414608,0.000000,0.000000
0.861273,0.954025,0.867251,0.504639,0.260656,0.408186,0.802181,0.498489,0.950505,0.753941,3.628006,3.176790,2.535642,4.072956,2.940800,3.854348,3.489771,3.225413,0.000000,0.000000
0.505465,0.161355,0.106671,0.405151,0.346096,0.064282,0.707207,0.118876,0.616988,0.249299,1.907212,1.704441,1.758923,1.662305,1.512963,1.413234,1.796660,1.596232,0.000000,0.000000
0.835264,0.756553,0.710533,0.605207,0.377238,0.347592,0.515846,0.175554,0.220889,0.093291,2.379450,1.616919,1.738569,2.501908,1.910518,2.349844,2.597458,1.893115,0.000000,0.000000
0.929951,0.394920,0.043655,0.255642,0.795627,0.618758,0.695724,0.051569,0.440536,0.934191,1.749422,3.474001,2.866293,2.399170,2.035701,2.666245,2.695086,2.644658,0.000000,0.000000
0.849670,0.193612,0.529630,0.744875,0.808736,0.485949,0.815384,0.020954,0.717362,0.655826,2.488692,3.198001,3.145967,2.556875,2.055435,3.080689,2.967380,2.643397,0.000000,0.000000
0.779615,0.548899,0.673498,0.597336,0.293853,0.959573,0.265723,0.979526,0.820037,0.781331,2.863352,3.615005,3.139913,3.535972,3.120595,3.237319,2.915658,3.573318,0.000000,0.000000
0.559778,0.469397,0.077260,0.764090,0.695517,0.988802,0.903395,0.233011,0.949442,0.620739,2.615687,3.869550,3.152601,3.025703,3.369883,2.776236,3.582611,2.706506,0.000000,0.000000
0.991196,0.594682,0.603388,0.124947,0.222886,0.478668,0.773535,0.098880,0.147970,0.184164,1.931195,2.226379,1.527975,2.703536,1.942972,2.596484,2.898734,1.591363,0.000000,0.000000
0.343056,0.151243,0.180172,0.286053,0.503762,0.003266,0.221386,0.572970,0.486127,0.441175,1.524301,1.810089,1.672687,1.523864,1.671097,1.458813,1.302189,1.750742,0.000000,0.000000
0.465025,0.459940,0.907074,0.487365,0.028945,0.685491,0.308442,0.181778,0.346815,0.698626,2.286063,2.061481,1.984716,2.558207,1.574027,2.547126,2.053104,2.131862,0.000000,0.000000
0.176403,0.912149,0.123199,0.328240,0.781673,0.102545,0.944926,0.710652,0.241246,0.017139,3.211688,1.553232,2.784643,1.949923,3.759726,1.162416,2.874886,1.992145,0.000000,0.000000
0.420848,0.937719,0.562804,0.624437,0.049792,0.819869,0.173742,0.498326,0.924991,0.695512,2.603742,3.016278,2.139938,3.579241,2.753338,3.035287,3.088265,2.422700,0.000000,0.000000
0.168352,0.726696,0.068070,0.903855,0.841027,0.144318,0.247074,0.952594,0.455582,0.346772,3.031999,2.149778,3.407119,1.742232,2.996138,1.969944,2.218776,2.739084,0.000000,0.000000
0.289839,0.299724,0.230852,0.378838,0.556759,0.101806,0.567109,0.063878,0.945610,0.628395,1.705970,2.697311,2.049738,2.010074,1.432201,2.481704,1.581707,2.611527,0.000000,0.000000
0.705621,0.733345,0.302702,0.578427,0.478328,0.906306,0.837850,0.731577,0.525155,0.484643,2.892459,2.719480,2.625095,2.825364,3.521352,1.982095,3.452131,1.979512,0.000000,0.000000
0.360659,0.726202,0.053696,0.445135,0.248269,0.097632,0.224670,0.371923,0.374404,0.772981,1.749036,1.934655,2.067601,1.662438,1.914441,1.765148,1.750228,1.667758,0.000000,0.000000
0.068241,0.534728,0.633700,0.167257,0.421355,0.189502,0.200956,0.615054,0.322765,0.137545,1.645291,1.317821,1.350630,1.812906,1.940868,1.668152,1.293043,1.944931,0.000000,0.000000
0.170526,0.932290,0.498533,0.343600,0.970744,0.081327,0.306913,0.840656,0.133573,0.638936,2.797954,2.571739,3.095333,2.138236,3.626744,1.947800,2.134714,2.808169,0.000000,0.000000
0.572733,0.839715,0.433884,0.585468,0.630097,0.459240,0.941996,0.795409,0.685131,0.208771,3.429003,2.034443,2.985003,2.529062,3.514470,1.960119,3.191078,2.460240,0.000000,0.000000
0.858147,0.888780,0.657285,0.007716,0.086546,0.766586,0.644920,0.670106,0.713748,0.705506,2.465777,3.026308,1.814213,3.685628,2.993059,2.879930,2.952975,2.265042,0.000000,0.000000
0.885441,0.280683,0.708924,0.182231,0.015679,0.774196,0.024404,0.663404,0.489490,0.219569,1.729116,2.362677,1.358942,3.006555,2.020336,2.364843,2.332080,1.766355,0.000000,0.000000
0.726355,0.204294,0.981187,0.828028,0.611380,0.398477,0.316851,0.161945,0.553008,0.449377,2.859871,2.211116,2.268684,2.782933,1.385254,3.046555,2.222546,2.784120,0.000000,0.000000
0.623919,0.306154,0.157657,0.974193,0.414205,0.957313,0.090364,0.523247,0.839090,0.021457,2.128924,2.731016,2.085006,2.844605,2.451175,2.672940,2.994710,2.069064,0.000000,0.000000
0.800933,0.637597,0.176431,0.678446,0.996654,0.748301,0.748166,0.494611,0.858828,0.142100,2.465542,3.512825,3.031558,2.803833,3.541241,2.382532,3.152050,2.691250,0.000000,0.000000
0.689150,0.829041,0.912231,0.879583,0.495007,0.300672,0.437107,0.605740,0.171340,0.048866,3.377037,1.363132,2.121321,2.658523,2.439062,2.751427,2.681338,2.413760,0.000000,0.000000
0.968648,0.416423,0.658637,0.171783,0.665745,0.427251,0.763177,0.434759,0.788686,0.323774,2.037105,3.126957,1.926449,3.183318,2.263348,3.008218,2.681668,2.616652,0.000000,0.000000
0.614108,0.086323,0.754081,0.322586,0.954645,0.963751,0.666738,0.708448,0.947188,0.893303,2.446048,4.610522,3.366664,3.498371,3.674271,3.477889,2.635191,4.188316,0.000000,0.000000
0.061674,0.628119,0.218393,0.750572,0.487302,0.024898,0.691885,0.137878,0.871627,0.400783,2.331944,2.276235,2.256124,2.074996,1.920009,2.379058,2.238059,2.223053,0.000000,0.000000
0.095772,0.491103,0.630193,0.160914,0.522710,0.147299,0.079830,0.078107,0.975990,0.393863,1.354052,2.489716,1.458904,2.434505,1.394520,2.696858,1.241296,2.873606,0.000000,0.000000
0.187653,0.378775,0.720847,0.986830,0.330702,0.633110,0.860305,0.029515,0.835897,0.996916,3.004783,2.892702,3.564623,2.630103,1.923398,4.164143,3.045208,3.422104,0.000000,0.000000
0.239796,0.034779,0.334484,0.322407,0.117668,0.554563,0.493447,0.001542,0.235838,0.526269,1.578414,1.678892,1.660283,1.519062,1.175544,1.648843,1.750891,1.319371,0.000000,0.000000
0.360085,0.323363,0.344250,0.995069,0.609520,0.788642,0.316432,0.884602,0.528089,0.166107,2.804997,2.064313,2.800807,2.154085,2.463942,2.440947,2.665696,2.417737,0.000000,0.000000
0.107248,0.189276,0.651353,0.202967,0.135146,0.664679,0.614339,0.282147,0.971488,0.411667,1.783080,2.553124,1.519133,2.690701,1.679902,2.719936,1.877922,2.506795,0.000000,0.000000
0.945765,0.560089,0.012290,0.249547,0.275707,0.463769,0.123107,0.325421,0.626578,0.136325,1.354281,2.352830,1.292968,2.581573,1.668219,1.957237,2.321590,1.525847,0.000000,0.000000
0.504411,0.912572,0.359011,0.186757,0.448201,0.972751,0.619106,0.174341,0.302791,0.259615,2.224860,2.369367,1.491267,3.078329,3.155763,1.473984,3.096488,1.609554,0.000000,0.000000
0.585208,0.343321,0.057711,0.629660,0.617006,0.082410,0.702915,0.146261,0.633382,0.619358,2.131659,2.324106,2.492348,1.719802,1.756367,1.920534,2.066283,2.021652,0.000000,0.000000
0.020616,0.118332,0.670553,0.964958,0.432309,0.570713,0.575120,0.603844,0.031883,0.296351,2.718100,1.484252,2.323264,1.667610,1.903550,2.656893,2.481097,1.969978,0.000000,0.000000
0.192002,0.814547,0.518956,0.842063,0.345577,0.015384,0.654582,0.962987,0.305999,0.000429,3.594668,1.135595,2.895065,2.015793,2.921210,2.125066,2.563249,2.471683,0.000000,0.000000
0.798772,0.596555,0.067807,0.327041,0.865373,0.617094,0.268537,0.125431,0.860822,0.318078,1.476701,3.177331,2.081499,2.552234,2.150967,2.078235,2.179032,2.518120,0.000000,0.000000
0.844169,0.917282,0.229722,0.091886,0.318234,0.078624,0.423943,0.565691,0.878714,0.690302,2.104827,2.923400,1.690862,3.068630,2.493551,2.731905,2.310920,2.334492,0.000000,0.000000
0.754639,0.286193,0.170612,0.146892,0.539069,0.063588,0.075045,0.350343,0.714026,0.820614,1.198292,2.731850,1.982260,1.994835,1.517119,2.351853,1.402802,2.390967,0.000000,0.000000
0.281261,0.178692,0.700663,0.536954,0.137158,0.187785,0.302469,0.842435,0.350959,0.808389,2.467509,1.937145,2.625706,1.851290,1.902626,2.525901,1.602669,2.522677,0.000000,0.000000
0.575903,0.684889,0.266379,0.210472,0.128791,0.496631,0.495946,0.900976,0.555602,0.563712,2.343539,1.998725,2.184576,2.032429,2.522519,1.752116,1.862477,2.065938,0.000000,0.000000
0.448942,0.792176,0.443252,0.581787,0.490671,0.818972,0.767658,0.183682,0.702559,0.576219,2.527851,2.656037,2.379431,2.860375,2.689991,2.234069,3.116929,2.144371,0.000000,0.000000
0.894722,0.937272,0.395551,0.362202,0.594236,0.073202,0.738616,0.364046,0.676405,0.083690,2.703797,2.324452,1.883063,3.178357,2.770172,2.232776,3.115615,2.066610,0.000000,0.000000
0.353309,0.365763,0.736947,0.790900,0.525530,0.737402,0.839514,0.441628,0.977553,0.864548,2.883311,3.266482,3.197005,2.945017,2.461395,3.897813,2.949741,3.578251,0.000000,0.000000
0.652814,0.615281,0.690960,0.699613,0.844731,0.732674,0.181259,0.155411,0.368498,0.069197,2.052336,2.214491,2.308346,2.501110,2.260250,2.175181,2.504257,2.372309,0.000000,0.000000
0.950274,0.271813,0.372835,0.764192,0.141762,0.640670,0.477992,0.824120,0.325544,0.701378,2.573197,2.753580,2.691322,2.507875,2.115554,3.097176,3.064217,1.937413,0.000000,0.000000
0.959734,0.033436,0.481062,0.349467,0.294774,0.216337,0.389159,0.039358,0.939632,0.162146,1.554528,2.887102,1.424307,2.995423,1.107436,3.143804,2.269450,2.356494,0.000000,0.000000
0.019923,0.846455,0.197509,0.589824,0.258673,0.655783,0.857239,0.204536,0.201456,0.235552,2.769292,1.478389,2.202994,2.035838,2.676733,1.459836,3.163179,1.309295,0.000000,0.000000
0.224881,0.764688,0.582395,0.549857,0.967289,0.300895,0.984809,0.701204,0.122650,0.252228,3.240994,2.181084,3.628643,1.831582,4.118969,1.813060,2.938015,2.481885,0.000000,0.000000
0.405030,0.851315,0.368117,0.698523,0.111373,0.406551,0.529781,0.437863,0.772868,0.639760,2.528650,2.276685,2.204067,2.511717,2.322552,2.485940,2.548643,1.892152,0.000000,0.000000
0.733292,0.512133,0.572418,0.219545,0.793858,0.069803,0.527687,0.979436,0.533005,0.253632,2.580160,2.250071,2.763031,2.141823,2.785819,1.940063,1.652169,3.178406,0.000000,0.000000
0.165746,0.836151,0.380690,0.194815,0.350474,0.733444,0.273555,0.850816,0.111396,0.420943,2.315262,1.765907,1.866496,2.139803,2.797766,1.565556,2.242159,1.974017,0.000000,0.000000
0.093044,0.652076,0.461942,0.733164,0.877704,0.861719,0.170268,0.104129,0.791216,0.579740,1.926713,3.433318,2.746267,2.825290,2.602878,2.584049,2.661465,2.699388,0.000000,0.000000
0.319352,0.938869,0.118214,0.614265,0.872883,0.845687,0.620379,0.002745,0.582884,0.562482,2.728829,3.082122,2.743848,2.982002,3.136078,1.785130,3.348536,2.184996,0.000000,0.000000
0.180268,0.495518,0.388755,0.137973,0.409477,0.504335,0.498875,0.763942,0.973307,0.443366,1.885406,2.524237,1.725341,2.313197,2.194380,2.485574,1.576964,2.781487,0.000000,0.000000
0.279443,0.093559,0.230170,0.239480,0.423857,0.340777,0.354427,0.229216,0.645867,0.219774,1.379955,1.728256,1.380341,1.740200,1.319363,1.467918,1.401912,1.749220,0.000000,0.000000
0.518763,0.620030,0.854184,0.374156,0.036052,0.755064,0.907819,0.742355,0.244575,0.971508,3.231391,2.393981,3.222682,2.590046,3.120383,2.891539,2.877805,2.896575,0.000000,0.000000
0.103687,0.092146,0.521343,0.788113,0.142109,0.069528,0.091639,0.418622,0.555284,0.315312,1.943753,1.626558,1.903331,1.827503,1.428292,2.205365,1.793801,1.607864,0.000000,0.000000
0.190833,0.480164,0.122788,0.156168,0.181482,0.088172,0.849255,0.179111,0.643790,0.223562,1.908899,1.644319,1.732488,1.712962,2.023271,1.348612,1.829864,1.466070,0.000000,0.000000
0.311180,0.258792,0.788464,0.071804,0.802469,0.929937,0.229855,0.295805,0.192940,0.478143,1.538161,2.782891,1.822237,2.626211,2.485055,2.021758,1.956134,2.485859,0.000000,0.000000
0.642485,0.561068,0.227339,0.428806,0.076184,0.254182,0.245253,0.731672,0.300744,0.533434,1.938923,1.737973,1.927110,1.577421,2.062315,1.708393,1.716739,1.445730,0.000000,0.000000
0.422292,0.761908,0.636295,0.375267,0.296893,0.074263,0.087601,0.615947,0.637279,0.319834,2.037298,1.765588,1.592447,2.392974,2.204895,1.969802,1.731869,2.059700,0.000000,0.000000
0.936874,0.301010,0.013733,0.166605,0.750558,0.720933,0.990219,0.605608,0.281536,0.492873,2.371724,2.986869,2.875256,2.386417,3.179256,1.989345,3.387284,1.913537,0.000000,0.000000
0.395430,0.276954,0.136052,0.610407,0.754317,0.647505,0.625191,0.954288,0.530157,0.113614,2.872281,2.009334,2.996696,1.835694,2.712931,1.465063,2.289586,2.713407,0.000000,0.000000
0.058470,0.559646,0.535784,0.976515,0.661436,0.054798,0.556242,0.624820,0.339202,0.628547,2.667156,2.032991,2.851926,1.724528,2.301532,2.875283,2.249719,2.238840,0.000000,0.000000
0.210142,0.879659,0.866501,0.211142,0.706666,0.979439,0.822848,0.930164,0.678702,0.629330,3.783451,3.363528,3.114830,3.968280,4.411813,2.484566,3.326753,3.623287,0.000000,0.000000
0.337702,0.964036,0.577504,0.009280,0.673922,0.012648,0.484859,0.911076,0.479476,0.853190,2.944502,2.393555,2.726286,2.681100,3.160697,2.362682,1.991536,3.275280,0.000000,0.000000
0.821297,0.960169,0.552066,0.653043,0.210592,0.769092,0.468648,0.154282,0.384437,0.089572,2.785327,1.970258,1.718731,3.367759,2.450189,2.234112,3.571101,1.572338,0.000000,0.000000
0.769639,0.276854,0.197171,0.563680,0.702217,0.526562,0.469623,0.779126,0.349219,0.625497,2.260320,2.440641,2.636938,1.810013,2.242983,2.052435,2.220439,2.223859,0.000000,0.000000
0.012825,0.608429,0.086330,0.193069,0.268897,0.558345,0.301570,0.727744,0.408812,0.502183,1.752869,1.785941,1.677095,1.727366,2.184849,1.373646,1.669283,1.612396,0.000000,0.000000
0.116651,0.830509,0.642970,0.329431,0.924784,0.250736,0.196618,0.340355,0.540017,0.958568,1.973538,3.045059,3.045245,2.444960,2.770103,2.682636,1.875671,3.344530,0.000000,0.000000
0.840933,0.737964,0.090301,0.421050,0.393355,0.703092,0.085398,0.802432,0.000374,0.081512,2.163958,1.807286,1.821301,2.073215,2.543401,1.592131,2.633132,1.734243,0.000000,0.000000
0.454743,0.591821,0.799958,0.537535,0.097903,0.739008,0.392402,0.802688,0.329219,0.637681,2.690810,2.064712,2.302043,2.514871,2.433871,2.393106,2.286213,2.272094,0.000000,0.000000
0.118169,0.239920,0.143816,0.610962,0.247845,0.799499,0.103593,0.368316,0.979927,0.462890,1.672881,2.846971,1.847347,2.514986,1.757418,2.508257,2.254609,2.262199,0.000000,0.000000
0.212802,0.136659,0.916881,0.376904,0.210476,0.469369,0.261140,0.834086,0.639089,0.669360,2.732146,2.136091,2.242619,2.583950,1.895314,2.585721,1.615805,2.916611,0.000000,0.000000
0.311196,0.012455,0.663792,0.292820,0.365131,0.905538,0.944788,0.539781,0.819697,0.717035,2.536861,3.112932,2.698238,3.005774,3.009931,2.657410,2.959076,2.666669,0.000000,0.000000
0.560234,0.946911,0.116960,0.852786,0.353150,0.169224,0.261550,0.762251,0.602572,0.401714,3.125549,1.864859,2.320212,2.480249,2.692475,2.085542,2.758466,1.868991,0.000000,0.000000
0.285827,0.477848,0.294852,0.895908,0.487304,0.824350,0.992975,0.312240,0.277194,0.172109,2.944822,1.828363,3.016411,1.978368,2.956721,2.051388,3.608581,1.599386,0.000000,0.000000
0.915581,0.332099,0.587105,0.981914,0.177384,0.642605,0.498245,0.445299,0.133259,0.047848,2.441313,1.885111,2.068921,2.398877,1.789844,3.179830,3.174111,1.541957,0.000000,0.000000
0.452943,0.190194,0.585930,0.678366,0.654880,0.298833,0.019560,0.986450,0.051448,0.181633,2.756760,1.492175,2.926274,1.441821,2.208942,1.950163,1.788047,2.933479,0.000000,0.000000
0.832657,0.809618,0.772864,0.692106,0.459341,0.645722,0.934373,0.720446,0.862024,0.363335,3.643748,2.777441,2.877350,3.558487,3.348463,3.188828,3.754724,2.908738,0.000000,0.000000
0.878050,0.042581,0.070023,0.736195,0.814848,0.978671,0.581263,0.026320,0.373716,0.536965,2.074103,3.656953,2.679721,2.837899,2.563195,2.298775,3.412293,1.955081,0.000000,0.000000
0.768885,0.680765,0.264129,0.814658,0.777971,0.425813,0.131420,0.041845,0.263843,0.439953,1.983082,2.282026,2.479374,1.894316,1.887869,2.271921,2.481747,1.903568,0.000000,0.000000
0.805691,0.530447,0.839267,0.147381,0.445404,0.512129,0.543363,0.296897,0.766901,0.286739,2.006928,2.371528,1.407437,3.024263,1.813280,2.610095,1.988754,2.609884,0.000000,0.000000
0.081113,0.354628,0.912296,0.821136,0.020421,0.905565,0.437148,0.308661,0.351257,0.999182,2.739946,2.795054,2.858828,2.941967,2.126933,3.479548,2.740541,2.895576,0.000000,0.000000
0.139931,0.381322,0.257649,0.265095,0.322334,0.491337,0.399458,0.962918,0.904630,0.313393,2.329959,2.223572,2.250101,2.110825,2.211494,2.044253,1.591445,2.966512,0.000000,0.000000
0.411568,0.379728,0.285590,0.039852,0.608382,0.071149,0.508916,0.552360,0.691161,0.478918,1.481922,2.193636,1.612891,1.805684,1.965358,1.755025,1.209322,2.124139,0.000000,0.000000
0.098642,0.266396,0.177679,0.202492,0.941280,0.254476,0.701222,0.256613,0.210866,0.713359,1.713441,2.596008,2.788248,1.263961,2.458456,1.696849,1.617095,2.242298,0.000000,0.000000
0.016496,0.413956,0.519034,0.681046,0.353683,0.632610,0.762702,0.121614,0.587362,0.681697,2.349289,2.231090,2.528418,2.139290,1.853613,2.418651,2.554281,2.041698,0.000000,0.000000
0.905769,0.389363,0.186390,0.962339,0.340111,0.320148,0.059820,0.848042,0.845931,0.874504,2.585963,3.249609,3.205069,2.546127,2.016603,3.964107,2.697689,3.003671,0.000000,0.000000
0.465080,0.136427,0.236880,0.011369,0.265451,0.886771,0.238697,0.594181,0.962769,0.424601,1.281318,3.010356,1.287668,2.738310,2.179708,2.298116,1.833437,2.320543,0.000000,0.000000
0.431498,0.441852,0.315019,0.238646,0.764635,0.142822,0.943351,0.624799,0.904763,0.071066,2.399152,2.352094,2.577909,2.059988,3.001426,2.018720,2.151617,2.699748,0.000000,0.000000
0.589160,0.077568,0.275495,0.838965,0.376996,0.773674,0.733124,0.064212,0.138844,0.237356,2.382464,1.739487,2.237759,1.748862,1.761659,1.993705,2.902591,1.458745,0.000000,0.000000
0.879700,0.299988,0.373017,0.753549,0.628425,0.944844,0.860534,0.308936,0.949777,0.776169,2.545343,4.250220,3.155345,3.467341,2.945140,3.743921,3.818452,2.990083,0.000000,0.000000
0.465254,0.775453,0.020664,0.456050,0.901554,0.324526,0.989510,0.400766,0.650735,0.004711,2.779948,2.193841,3.157889,2.068734,3.635195,1.316651,2.913620,2.187877,0.000000,0.000000
0.565713,0.466839,0.911830,0.337356,0.603760,0.726826,0.580255,0.693644,0.526641,0.686882,2.721250,2.521335,2.303191,2.847478,2.442671,2.556895,2.166439,2.964438,0.000000,0.000000
0.136737,0.003740,0.726635,0.778704,0.465800,0.085304,0.883791,0.138707,0.775279,0.767799,2.841241,2.470022,3.079431,2.303946,1.876119,3.149659,2.476346,2.807365,0.000000,0.000000
0.688446,0.527064,0.207511,0.294812,0.883521,0.850144,0.941913,0.257140,0.118282,0.508441,2.241543,2.889128,3.031258,2.007602,3.424036,1.646492,3.085044,1.996189,0.000000,0.000000
0.851220,0.103792,0.675852,0.684307,0.338257,0.681264,0.574233,0.394433,0.716406,0.644117,2.284071,2.858363,2.256174,2.936384,1.754396,3.121494,2.784792,2.344396,0.000000,0.000000
0.385502,0.367290,0.640164,0.693178,0.185742,0.866073,0.609457,0.098729,0.050243,0.986445,2.240206,2.566516,2.810634,2.136393,1.948470,2.954826,2.696348,2.542560,0.000000,0.000000
0.372213,0.239390,0.854189,0.827215,0.261998,0.505582,0.072013,0.095731,0.521642,0.103302,2.366437,1.465879,1.855905,2.390943,1.191158,2.512098,2.093630,2.133703,0.000000,0.000000
0.361744,0.692508,0.917777,0.964827,0.164851,0.381918,0.515261,0.019706,0.723084,0.725708,3.099089,2.280509,2.566445,2.857287,1.644937,3.622144,2.483666,2.662593,0.000000,0.000000
0.212810,0.092851,0.542511,0.632978,0.386402,0.893418,0.826553,0.260044,0.282481,0.119000,2.420384,1.894040,2.172770,2.290433,2.424861,1.817086,2.996377,1.704651,0.000000,0.000000
0.902266,0.627707,0.756512,0.077554,0.728541,0.916873,0.764440,0.968855,0.368303,0.340439,2.996358,3.167438,2.775308,3.464597,3.739262,2.489237,3.118134,3.217922,0.000000,0.000000
0.528082,0.619616,0.935606,0.671127,0.467968,0.344629,0.153907,0.475257,0.271297,0.657627,2.659743,1.888885,2.230889,2.376053,1.915646,2.716848,1.982007,2.574574,0.000000,0.000000
0.226506,0.822172,0.281017,0.110691,0.123935,0.092554,0.324221,0.746157,0.612459,0.537254,2.013143,1.914933,1.643572,2.149749,2.456447,1.712315,1.610865,1.747242,0.000000,0.000000
0.200687,0.461361,0.764053,0.530521,0.379646,0.961916,0.287538,0.310867,0.875021,0.810808,2.004940,3.487663,2.252388,3.394476,2.391812,3.157343,2.525210,3.068484,0.000000,0.000000
0.010985,0.383787,0.968878,0.983315,0.756286,0.150753,0.366779,0.200695,0.108706,0.383967,3.015457,1.828873,2.581741,2.072553,1.724555,3.067225,2.077078,2.718358,0.000000,0.000000
0.415724,0.128618,0.473619,0.604989,0.698938,0.016641,0.867759,0.200922,0.298228,0.947616,2.416459,2.390414,3.411753,1.535238,2.109538,2.613356,2.271386,2.756466,0.000000,0.000000
0.943037,0.964314,0.513373,0.734759,0.672977,0.534830,0.070845,0.212779,0.097527,0.198824,2.652731,2.340780,2.079541,3.124616,2.391913,2.695505,3.631710,1.939455,0.000000,0.000000
0.216898,0.648098,0.729994,0.334397,0.889030,0.182289,0.540203,0.368421,0.716476,0.355789,2.074539,2.573378,2.255596,2.432331,2.570988,2.157969,1.702174,2.812528,0.000000,0.000000
0.464289,0.515978,0.429694,0.960236,0.311043,0.828529,0.155393,0.911050,0.423838,0.412067,2.811228,2.114600,2.788351,2.269682,2.580821,2.538726,2.742903,2.228290,0.000000,0.000000
0.830603,0.925330,0.845636,0.920507,0.526963,0.566306,0.583330,0.772020,0.867556,0.788185,3.910682,3.185357,3.078109,3.892749,2.962105,4.208670,3.568178,3.555214,0.000000,0.000000
0.807834,0.050007,0.913456,0.927415,0.439519,0.025398,0.262108,0.290882,0.435461,0.944483,2.716955,2.563056,2.911170,2.613928,1.348707,3.983173,2.290116,3.154327,0.000000,0.000000
0.444400,0.387017,0.678529,0.383196,0.645860,0.353906,0.056975,0.494907,0.025310,0.390986,1.728313,1.694057,1.835178,1.569805,1.824427,1.905000,1.548398,2.159337,0.000000,0.000000
0.300222,0.538528,0.884493,0.376894,0.381939,0.931464,0.943285,0.901280,0.419082,0.628990,3.656129,2.615547,3.214662,3.096117,3.753076,2.366944,3.170387,2.989095,0.000000,0.000000
0.983330,0.449714,0.917866,0.268697,0.215700,0.858143,0.299779,0.233168,0.037470,0.809137,2.099403,3.282257,1.942200,3.472176,1.929887,3.511351,2.992330,2.487555,0.000000,0.000000
0.843702,0.406759,0.894614,0.457040,0.124076,0.981340,0.341865,0.354249,0.875018,0.342112,2.270036,3.464611,1.595229,4.075294,2.470010,3.120864,2.914907,2.613651,0.000000,0.000000
0.114125,0.796904,0.465193,0.273152,0.097791,0.160220,0.097538,0.777521,0.918541,0.734799,2.120928,2.580130,2.098265,2.542375,2.413703,2.737382,1.703066,2.664868,0.000000,0.000000
0.257484,0.884385,0.341501,0.559874,0.593015,0.399386,0.083251,0.491972,0.733304,0.266526,2.240492,2.039379,1.868323,2.526501,2.408517,1.878324,2.332829,2.137827,0.000000,0.000000
0.966108,0.548198,0.336872,0.623278,0.694509,0.990746,0.466137,0.455750,0.935847,0.100319,1.997612,4.116259,2.035209,3.953781,3.044787,3.197752,3.638097,2.647380,0.000000,0.000000
0.362785,0.323357,0.033114,0.057968,0.516948,0.110662,0.040833,0.455933,0.938115,0.020985,1.157949,2.045626,1.216260,1.957784,1.631992,1.814539,1.087499,2.363344,0.000000,0.000000
0.796497,0.752144,0.425445,0.597542,0.522273,0.440234,0.350400,0.086689,0.104987,0.844609,1.994452,2.356220,2.468445,2.011919,1.786371,2.672854,2.474978,2.213326,0.000000,0.000000
0.401723,0.345762,0.000984,0.233631,0.325189,0.966223,0.878853,0.397630,0.861607,0.597624,2.073824,3.256424,2.231688,2.788415,3.049318,1.932461,2.870782,2.102317,0.000000,0.000000
0.013133,0.381128,0.213529,0.476136,0.138368,0.002531,0.618645,0.738815,0.921428,0.746528,2.272257,2.598207,2.402694,1.988123,2.121208,2.599627,1.734011,2.497000,0.000000,0.000000
0.668363,0.028902,0.642142,0.507022,0.000957,0.886056,0.985726,0.959426,0.212958,0.326107,3.531855,2.121202,3.370417,2.454312,3.464187,2.014256,3.383273,2.247206,0.000000,0.000000
0.908145,0.123670,0.597558,0.214764,0.988381,0.411314,0.761707,0.798105,0.849039,0.192798,2.430864,3.525530,2.877929,2.893631,3.221441,2.781981,2.443816,3.282699,0.000000,0.000000
0.938296,0.023542,0.396410,0.342179,0.603471,0.764609,0.560753,0.434639,0.308962,0.691694,1.763425,3.075988,2.154777,2.640391,2.005479,2.651305,2.830409,2.034522,0.000000,0.000000
0.936264,0.029091,0.212978,0.191992,0.764283,0.985936,0.115801,0.923574,0.946146,0.640761,1.995259,4.646751,2.721171,3.669343,3.198812,3.151437,2.885053,3.497182,0.000000,0.000000
0.052190,0.057050,0.212584,0.498300,0.531144,0.398533,0.449116,0.138926,0.681882,0.669864,1.704729,2.309897,2.137597,1.790383,1.322412,2.001221,1.747729,2.094785,0.000000,0.000000
0.591663,0.983744,0.329877,0.559092,0.406544,0.548465,0.897104,0.651993,0.980375,0.172563,3.574208,2.363885,2.421578,3.263230,3.418678,2.530703,3.590942,2.576341,0.000000,0.000000
0.584880,0.459696,0.655210,0.073037,0.753635,0.920722,0.657671,0.702756,0.742865,0.585973,2.057463,3.352948,2.202928,3.065788,3.182795,2.371945,2.318329,2.882188,0.000000,0.000000
0.677436,0.119627,0.945187,0.197926,0.289561,0.200561,0.600472,0.507214,0.275130,0.201780,2.487132,1.446046,1.426499,2.319454,1.745389,2.142059,1.597539,2.238994,0.000000,0.000000
0.634105,0.967210,0.734672,0.722392,0.346860,0.565462,0.485373,0.291002,0.679045,0.121812,3.120399,1.829403,1.836549,3.377264,2.413131,2.441625,3.134157,2.202019,0.000000,0.000000
0.049813,0.350716,0.790540,0.975154,0.922657,0.310187,0.047700,0.100998,0.853948,0.032783,2.374331,2.556722,2.761698,2.523876,1.951684,3.250685,2.086607,3.170344,0.000000,0.000000
0.838191,0.422776,0.423753,0.785355,0.466708,0.875387,0.187803,0.630036,0.065279,0.401493,2.116465,2.508359,2.148724,2.361333,2.376888,2.483089,3.003958,1.771808,0.000000,0.000000
0.923427,0.186064,0.896393,0.010943,0.228547,0.569695,0.670460,0.370244,0.013904,0.969568,2.157080,2.758482,2.171964,2.674968,1.768983,3.507905,2.309526,2.922742,0.000000,0.000000
0.833815,0.681145,0.556255,0.114663,0.621044,0.365688,0.398307,0.741557,0.354124,0.499213,1.923462,2.285074,1.852826,2.330744,2.424007,2.225743,1.929880,2.261225,0.000000,0.000000
0.661189,0.749806,0.664204,0.671427,0.664023,0.921036,0.563625,0.285047,0.836846,0.067558,2.443886,2.906647,2.071575,3.501780,2.883523,2.588258,3.141228,2.693145,0.000000,0.000000
0.584154,0.411357,0.071397,0.110640,0.125964,0.160998,0.710107,0.623876,0.577063,0.107574,1.869522,1.511266,1.472994,1.682987,2.151523,1.263234,1.591287,1.417871,0.000000,0.000000
0.803631,0.760086,0.408348,0.759675,0.372049,0.399497,0.227311,0.397252,0.140289,0.180154,2.155537,1.611989,1.856193,2.039754,2.016065,2.214789,2.599976,1.552504,0.000000,0.000000
0.520290,0.481877,0.028749,0.643507,0.157829,0.970409,0.504251,0.619149,0.904317,0.716885,2.161107,3.463518,2.317002,2.911017,2.840735,2.516056,2.805462,2.253300,0.000000,0.000000
0.604723,0.422814,0.695054,0.872980,0.418777,0.609238,0.418768,0.311453,0.249097,0.463102,2.325457,1.817231,2.194570,2.071156,1.678353,2.659529,2.430417,1.966258,0.000000,0.000000
0.908049,0.059460,0.955825,0.965472,0.653909,0.979976,0.587001,0.836044,0.643344,0.115159,3.729078,3.348309,2.785527,4.115452,3.128490,3.657715,3.745472,3.242416,0.000000,0.000000
0.754113,0.150179,0.675591,0.648961,0.346635,0.333550,0.301838,0.207451,0.152145,0.889349,1.957394,2.210409,2.490238,1.890070,1.276070,2.984263,2.032109,2.432553,0.000000,0.000000
0.167920,0.050981,0.892721,0.428626,0.985896,0.095866,0.127842,0.208032,0.155142,0.503643,2.089105,2.486212,2.641221,1.953114,2.157496,2.225837,1.440046,2.851313,0.000000,0.000000
0.547979,0.485060,0.469320,0.885252,0.941561,0.542622,0.686825,0.695774,0.071531,0.822746,2.769174,2.798696,3.782478,1.556330,3.088042,2.889415,2.608455,2.783455,0.000000,0.000000
0.073156,0.846072,0.019864,0.211264,0.576816,0.899883,0.023072,0.003974,0.050455,0.674478,1.645344,2.524700,1.858101,2.291991,2.420630,1.484222,2.533491,1.784292,0.000000,0.000000
0.281230,0.847063,0.388492,0.191709,0.554978,0.444067,0.184104,0.328223,0.012641,0.765766,1.719835,1.977505,1.953999,1.767725,2.164112,1.983695,1.911733,2.053578,0.000000,0.000000
0.515426,0.471125,0.802170,0.493779,0.381554,0.476733,0.445394,0.662973,0.144121,0.774041,2.420825,1.938391,2.315898,1.981589,2.019106,2.558509,1.895052,2.515070,0.000000,0.000000
0.054323,0.329874,0.771622,0.705859,0.309476,0.651480,0.776543,0.901199,0.605457,0.332668,3.399203,1.909024,2.804232,2.489204,2.604815,2.368355,2.610397,2.733504,0.000000,0.000000
0.389758,0.184570,0.174244,0.440934,0.056067,0.556441,0.912233,0.804465,0.272019,0.644280,2.794860,1.823314,2.885640,1.484824,2.651018,1.689539,2.519847,1.615789,0.000000,0.000000
0.813075,0.242340,0.113685,0.641342,0.848120,0.757814,0.309957,0.016531,0.962832,0.807579,1.738423,4.029830,2.912814,2.769751,1.872367,3.244427,2.604198,3.178978,0.000000,0.000000
0.558714,0.580992,0.132374,0.969249,0.236457,0.580715,0.103991,0.279607,0.690325,0.750570,2.068429,2.408506,2.547650,2.072067,1.687451,2.887824,2.475988,1.902030,0.000000,0.000000
0.807717,0.230490,0.502016,0.753581,0.979255,0.509042,0.373905,0.119013,0.296833,0.332035,1.959237,2.770128,2.822445,2.027372,2.178158,2.391766,2.411593,2.269607,0.000000,0.000000
0.453328,0.206093,0.237670,0.842073,0.366930,0.524121,0.324719,0.362779,0.874375,0.185042,1.998823,2.093583,1.943118,2.095789,1.497170,2.472667,2.171964,2.099360,0.000000,0.000000
0.030030,0.044826,0.280278,0.920677,0.616004,0.762909,0.848558,0.398648,0.909851,0.423124,2.710251,2.823460,2.862000,2.432446,2.414093,2.925019,3.113715,2.489881,0.000000,0.000000
0.449736,0.043990,0.237409,0.349945,0.929436,0.199632,0.974750,0.027211,0.328572,0.414447,2.303280,2.345288,3.227368,1.411293,2.701851,1.482084,2.334348,2.050775,0.000000,0.000000
0.266657,0.793581,0.865208,0.908123,0.224028,0.169918,0.062568,0.458992,0.859379,0.503495,2.883859,2.255453,2.193261,3.010830,2.091669,3.414412,2.335200,2.691930,0.000000,0.000000
0.039265,0.633160,0.161224,0.310941,0.377245,0.254883,0.017117,0.722014,0.738611,0.373853,1.790056,1.977307,1.700608,1.941877,2.144239,1.628674,1.536625,2.021933,0.000000,0.000000
0.459694,0.644192,0.477874,0.323556,0.525405,0.626614,0.883005,0.433628,0.902280,0.897220,2.347877,3.031065,2.896858,2.569419,2.709898,3.000050,2.597418,3.151683,0.000000,0.000000
0.516164,0.041746,0.606890,0.308331,0.096542,0.133336,0.239856,0.486894,0.677283,0.061372,1.616945,1.557939,1.343671,2.084611,1.502565,1.887025,1.376550,1.802914,0.000000,0.000000
0.422153,0.610457,0.356157,0.671174,0.882738,0.383115,0.119742,0.605324,0.543998,0.999135,2.008180,3.017873,3.438775,1.879359,2.595148,2.757758,1.971949,3.248388,0.000000,0.000000
0.816721,0.272215,0.685987,0.216801,0.653834,0.036289,0.743223,0.569054,0.081869,0.446546,2.176393,2.096151,2.060513,1.921374,2.236452,2.259014,1.997537,2.224395,0.000000,0.000000
0.474752,0.379989,0.967510,0.402383,0.976670,0.853863,0.675399,0.208632,0.289666,0.732790,2.751789,3.304004,3.079475,2.893245,3.024891,2.600800,2.484524,3.225795,0.000000,0.000000
0.587052,0.735762,0.152028,0.133725,0.280161,0.902677,0.997050,0.046035,0.887100,0.175034,2.344084,2.717636,2.174604,3.008516,3.184042,1.874065,3.302506,2.002312,0.000000,0.000000
0.850237,0.802701,0.419389,0.281567,0.024491,0.424747,0.146847,0.279763,0.488801,0.598370,1.689213,2.314183,1.641808,2.600800,1.941083,2.301168,2.324627,1.447078,0.000000,0.000000
0.631219,0.436877,0.993857,0.571856,0.734090,0.218911,0.237210,0.967021,0.563931,0.215986,3.523982,2.032101,2.862892,2.698809,2.462134,2.428858,1.769761,3.748986,0.000000,0.000000
0.819307,0.454560,0.723744,0.993468,0.531125,0.538608,0.827365,0.797712,0.787988,0.845297,3.479399,3.069382,3.649428,2.879912,2.695599,4.173527,3.261794,3.377781,0.000000,0.000000
0.718108,0.773205,0.682347,0.302003,0.914821,0.326100,0.775577,0.738289,0.742284,0.212293,2.799082,2.731163,2.693856,2.790943,3.506746,2.249508,2.423251,3.010786,0.000000,0.000000
0.415377,0.748351,0.264872,0.030243,0.607939,0.385904,0.234086,0.431008,0.156005,0.896409,1.404736,2.179977,2.076356,1.609630,2.149019,2.081407,1.517990,2.342458,0.000000,0.000000
0.768250,0.094723,0.685241,0.871577,0.984601,0.289607,0.406909,0.005411,0.817930,0.680554,2.257642,3.578725,3.316656,2.579473,2.023605,3.525677,2.290521,3.215871,0.000000,0.000000
0.018097,0.395110,0.994905,0.795575,0.486345,0.293696,0.255430,0.611674,0.593320,0.409627,3.079078,1.884131,2.168286,2.632860,1.842583,2.790174,1.922868,2.798825,0.000000,0.000000
0.978169,0.306796,0.572867,0.889068,0.673991,0.363934,0.710422,0.426185,0.164844,0.218623,2.581595,2.465015,2.511816,2.445588,2.091599,3.219664,3.284431,2.022992,0.000000,0.000000
0.654068,0.619818,0.175454,0.929929,0.709750,0.642220,0.612806,0.367432,0.994704,0.976499,2.447492,3.613286,3.388733,2.557665,2.344742,4.031866,2.839799,3.640684,0.000000,0.000000
0.632427,0.249299,0.102903,0.097490,0.782245,0.667887,0.510230,0.166853,0.213630,0.798711,1.363545,2.623161,2.281994,1.627178,1.869161,1.845022,1.781427,2.209679,0.000000,0.000000
0.787806,0.966982,0.028570,0.195139,0.442042,0.792799,0.226702,0.483325,0.552882,0.544282,2.204897,2.634843,1.606775,3.229779,2.781407,1.729140,3.013103,1.725997,0.000000,0.000000
0.813406,0.122851,0.731306,0.590950,0.061303,0.004761,0.805351,0.433151,0.514543,0.122180,2.606857,1.743237,2.042026,2.405651,1.970600,2.378774,2.469616,1.747810,0.000000,0.000000
0.962632,0.209653,0.633104,0.429231,0.188390,0.275377,0.330093,0.990611,0.880423,0.758377,2.671350,3.372568,2.976851,3.130669,2.073375,3.714780,2.369575,3.556371,0.000000,0.000000
0.917604,0.597504,0.408176,0.814517,0.991932,0.994030,0.875364,0.649964,0.596451,0.674346,2.959273,4.632968,3.948406,3.523257,4.616353,3.180407,4.251372,2.693518,0.000000,0.000000
0.837892,0.748300,0.331882,0.406172,0.687982,0.429550,0.096671,0.980816,0.008920,0.600365,2.605822,2.373114,3.000023,1.924859,2.780327,2.172318,2.318125,2.835735,0.000000,0.000000
0.785582,0.234502,0.491868,0.190058,0.881322,0.514438,0.762836,0.601104,0.563997,0.488446,2.048412,2.860322,2.530292,2.244297,2.739340,2.137693,2.200835,2.438057,0.000000,0.000000
0.883714,0.347616,0.792992,0.665227,0.293864,0.082095,0.653415,0.956945,0.503214,0.293598,3.369006,2.111207,2.761573,2.686167,2.364220,2.776657,2.504506,2.860039,0.000000,0.000000
0.412515,0.019461,0.406591,0.447506,0.374648,0.656490,0.102079,0.780344,0.493379,0.372530,1.960437,1.866228,1.928335,1.953575,1.923427,1.706188,1.891495,1.968679,0.000000,0.000000
0.835049,0.524865,0.680499,0.233470,0.571737,0.580770,0.666979,0.634296,0.790343,0.178348,2.187804,2.509681,1.752745,2.931236,2.379418,2.521243,2.349401,2.632183,0.000000,0.000000
0.632966,0.313917,0.198609,0.150539,0.586055,0.056249,0.353380,0.507204,0.196617,0.404578,1.410502,1.746135,1.564670,1.347553,1.767843,1.468800,1.309144,1.693461,0.000000,0.000000
0.708418,0.373841,0.996726,0.212747,0.513122,0.505066,0.125588,0.517260,0.392598,0.387807,2.361188,1.920536,1.535521,2.712854,1.761188,2.358929,1.667774,2.626746,0.000000,0.000000
0.180895,0.347539,0.980699,0.369463,0.933484,0.021683,0.154322,0.191010,0.244682,0.210738,2.330322,2.084231,2.228125,2.221246,2.074793,2.079321,1.388391,2.912130,0.000000,0.000000
0.310912,0.706602,0.206875,0.104180,0.860369,0.499637,0.734670,0.334631,0.571101,0.014723,1.859368,2.042979,2.036787,1.990818,2.809532,1.317506,2.002539,2.093631,0.000000,0.000000
0.347080,0.154865,0.958325,0.816022,0.770283,0.028370,0.071128,0.819795,0.509896,0.782298,3.215559,2.504367,3.255352,2.433917,2.196186,3.186331,1.822799,3.566049,0.000000,0.000000
0.992777,0.357158,0.882997,0.690799,0.448457,0.824732,0.916198,0.512967,0.148935,0.881726,3.278916,3.421148,3.298571,3.470261,2.831611,3.954982,4.120728,2.871376,0.000000,0.000000
0.909911,0.770533,0.844036,0.128042,0.217980,0.295583,0.303486,0.313858,0.644642,0.511956,2.030189,2.569238,1.412026,3.359097,1.940045,2.904655,2.219595,2.270009,0.000000,0.000000
0.075984,0.280153,0.362610,0.123933,0.064050,0.622791,0.728654,0.790546,0.804660,0.589694,2.167946,2.387879,2.062600,2.183870,2.349612,2.131483,1.904832,2.146230,0.000000,0.000000
0.864015,0.706726,0.593832,0.244826,0.223270,0.098198,0.593939,0.554532,0.968050,0.072851,2.068764,2.502705,1.438141,3.052605,2.266007,2.973520,2.194960,2.535552,0.000000,0.000000
0.523763,0.866480,0.569711,0.710045,0.920312,0.222195,0.990728,0.517303,0.808227,0.184034,3.423783,2.658597,3.523863,2.746865,3.958438,2.427684,3.334955,2.811032,0.000000,0.000000
0.522434,0.319251,0.070803,0.823574,0.824171,0.383547,0.652673,0.011167,0.164553,0.755228,2.252899,2.402690,3.135229,1.275296,1.860808,2.239432,2.298016,2.158961,0.000000,0.000000
0.702457,0.528919,0.859009,0.006766,0.483781,0.988173,0.177002,0.228800,0.721733,0.498258,1.635958,3.256948,1.369862,3.673870,2.511126,2.549645,2.238101,2.659886,0.000000,0.000000
0.846773,0.108445,0.907189,0.534308,0.226568,0.036015,0.457065,0.427876,0.925822,0.293625,2.498881,2.597750,1.690138,3.184345,1.537756,3.315988,2.066574,2.864899,0.000000,0.000000
0.611426,0.649409,0.282932,0.693472,0.185105,0.495540,0.943105,0.361649,0.465894,0.475408,2.752130,1.844559,2.723130,1.930939,2.653277,1.975004,3.041183,1.423550,0.000000,0.000000
0.188303,0.557386,0.233128,0.471878,0.794048,0.169147,0.240624,0.939374,0.774974,0.162598,2.415457,2.264894,2.733788,1.930920,2.661668,1.725577,1.611179,3.045996,0.000000,0.000000
0.004674,0.422697,0.992171,0.965875,0.950780,0.734334,0.874850,0.363936,0.377210,0.412702,3.761985,2.705264,3.587851,2.789524,3.242904,3.083820,3.206623,3.024250,0.000000,0.000000
0.204100,0.023241,0.604054,0.464527,0.433707,0.381027,0.529915,0.036990,0.781851,0.962866,1.878526,2.677170,2.552074,2.202405,1.229749,3.005434,1.758868,3.136062,0.000000,0.000000
0.681549,0.207879,0.811361,0.695110,0.994000,0.520002,0.290272,0.482347,0.950491,0.301054,2.325346,3.406768,2.801059,2.898331,2.564253,3.201104,2.138894,3.545335,0.000000,0.000000
0.955196,0.241509,0.896281,0.109135,0.013133,0.020600,0.861559,0.257134,0.119063,0.381206,2.514564,2.190557,1.806566,2.720965,1.954983,2.838272,2.547657,1.840381,0.000000,0.000000
0.922213,0.918417,0.278479,0.842425,0.110187,0.135115,0.299834,0.590347,0.472917,0.017593,2.797510,1.909961,1.923857,2.931454,2.460983,2.593707,3.266156,1.365209,0.000000,0.000000
0.105148,0.363031,0.826518,0.297477,0.483934,0.094680,0.085965,0.805882,0.676528,0.692108,2.301218,2.263226,2.229784,2.377890,1.993162,2.541349,1.324459,3.046065,0.000000,0.000000
0.373991,0.515203,0.296420,0.125747,0.373761,0.685536,0.897265,0.452258,0.204907,0.539797,2.067354,1.862175,2.136422,1.692717,2.610989,1.598869,2.395851,1.574052,0.000000,0.000000
0.110115,0.809542,0.124186,0.722866,0.938594,0.344941,0.862732,0.128884,0.181239,0.058934,2.817245,1.932818,3.107230,1.667215,3.207351,1.506478,2.913498,1.960017,0.000000,0.000000
0.203515,0.725131,0.346888,0.049162,0.169240,0.402402,0.880595,0.379402,0.532684,0.469997,2.094188,1.785166,1.884086,1.995006,2.599443,1.648769,2.170775,1.497379,0.000000,0.000000
0.974116,0.832838,0.513369,0.746535,0.073800,0.190943,0.702896,0.421416,0.735517,0.942777,2.785578,3.362600,2.893153,3.364240,2.462592,3.988023,3.488482,2.538557,0.000000,0.000000
0.987110,0.879111,0.465308,0.261728,0.074784,0.648625,0.893146,0.070053,0.047069,0.228983,2.631732,2.345808,1.950923,3.070935,2.670200,2.472866,3.929382,1.294151,0.000000,0.000000
0.704589,0.693138,0.314326,0.878615,0.936737,0.396247,0.475641,0.250352,0.401768,0.612759,2.290293,2.794446,3.128219,1.967259,2.618132,2.567767,2.547707,2.242355,0.000000,0.000000
0.083929,0.334708,0.901372,0.072123,0.017392,0.387801,0.966476,0.055349,0.991159,0.022558,2.670678,2.027580,1.945136,2.874505,2.078912,2.867361,2.137830,2.803573,0.000000,0.000000
0.433524,0.671359,0.048316,0.317070,0.770629,0.206013,0.818105,0.651225,0.034987,0.609125,2.398939,2.085117,2.710840,1.264529,3.002554,1.466540,2.125530,2.027798,0.000000,0.000000
0.267675,0.003426,0.790463,0.968498,0.566050,0.576203,0.907847,0.952055,0.061148,0.919284,4.046048,2.215997,4.456416,1.878659,2.866480,3.545373,3.050116,3.687460,0.000000,0.000000
0.872500,0.899341,0.886709,0.006605,0.776625,0.360558,0.462550,0.802881,0.961159,0.407327,2.944633,3.322096,2.020338,3.954087,3.080537,3.411704,2.395372,3.811974,0.000000,0.000000
0.541161,0.081164,0.128255,0.482532,0.159693,0.205553,0.188045,0.942491,0.382054,0.318163,2.355372,1.516399,2.332763,1.453645,1.956746,1.409553,1.577889,1.985837,0.000000,0.000000
0.045373,0.807606,0.448106,0.941960,0.797565,0.947877,0.564521,0.415742,0.471871,0.157184,2.716379,2.694437,2.587986,2.949713,3.417685,2.358183,3.445738,2.116462,0.000000,0.000000
0.450074,0.905611,0.822967,0.971799,0.852185,0.372763,0.120057,0.764484,0.610275,0.958968,3.500833,2.988052,3.771620,3.030429,3.120936,3.817524,2.803565,3.863570,0.000000,0.000000
0.334565,0.862027,0.479201,0.654553,0.616465,0.444453,0.557358,0.245603,0.372986,0.922902,2.508746,2.339509,2.837972,2.246793,2.323602,2.634932,2.581610,2.624358,0.000000,0.000000
0.920028,0.082784,0.536159,0.325765,0.778613,0.236543,0.137449,0.226825,0.408655,0.706871,1.438968,3.008208,2.298413,2.368586,1.604540,2.757467,2.043543,2.384591,0.000000,0.000000
0.520394,0.100228,0.782643,0.916378,0.738305,0.171061,0.328792,0.813051,0.258324,0.473869,2.937154,1.982068,2.910358,1.914125,2.155915,2.819341,2.019450,2.773792,0.000000,0.000000
0.324847,0.285606,0.383229,0.521358,0.623423,0.916672,0.121207,0.365894,0.149342,0.887678,1.608504,2.861978,2.558402,2.076746,2.247545,2.317029,2.373697,2.401077,0.000000,0.000000
0.322139,0.246599,0.253692,0.317898,0.940730,0.183821,0.910706,0.009641,0.614690,0.503605,2.152338,2.718580,3.091916,1.692428,2.609164,1.685672,2.114180,2.301669,0.000000,0.000000
0.666203,0.289966,0.642286,0.190238,0.563174,0.178271,0.659919,0.312908,0.843277,0.283004,1.828600,2.304980,1.641602,2.399773,1.785152,2.366178,1.647708,2.584788,0.000000,0.000000
0.652829,0.506558,0.689661,0.185122,0.468429,0.988058,0.461711,0.052921,0.122498,0.882969,1.658028,3.072418,2.112987,2.747152,2.397797,2.594441,2.444228,2.553730,0.000000,0.000000
0.566492,0.537832,0.870824,0.853415,0.714516,0.437761,0.919411,0.351125,0.888892,0.171395,3.362093,2.421372,2.967471,2.873129,2.694301,3.204399,2.964255,3.181389,0.000000,0.000000
0.513158,0.635767,0.102824,0.524366,0.017394,0.063870,0.779177,0.480562,0.584672,0.518106,2.346446,1.895553,2.187026,1.794467,2.357815,1.667877,2.200459,1.325518,0.000000,0.000000
0.371823,0.435322,0.481585,0.400415,0.940397,0.198071,0.717978,0.453173,0.008558,0.583083,2.078395,2.423440,2.856883,1.291272,2.795164,1.892877,1.852777,2.307025,0.000000,0.000000
0.700454,0.428700,0.635776,0.290394,0.688290,0.229916,0.956122,0.506804,0.719933,0.938167,2.512603,2.953952,3.365764,2.338689,2.789721,2.977675,2.419705,3.273755,0.000000,0.000000
0.384451,0.679048,0.794362,0.745461,0.278016,0.110224,0.481520,0.609006,0.889099,0.574601,2.745749,2.395133,2.234649,2.742466,2.187748,3.172074,2.090273,2.804641,0.000000,0.000000
0.428002,0.702692,0.086553,0.035373,0.433559,0.712737,0.678647,0.120200,0.946741,0.836951,1.669055,3.087187,2.029500,2.574475,2.145796,2.604832,2.114103,2.780338,0.000000,0.000000
0.156101,0.343510,0.662134,0.056011,0.175702,0.550357,0.079994,0.138280,0.748777,0.618433,1.262051,2.276360,1.443986,2.367914,1.308236,2.359209,1.373433,2.180263,0.000000,0.000000
0.875402,0.564820,0.985535,0.519629,0.060431,0.957182,0.988565,0.442600,0.526844,0.604840,3.584462,3.236132,2.857705,3.990955,3.531196,3.082805,4.017776,2.328761,0.000000,0.000000
0.713426,0.243741,0.854796,0.883295,0.569368,0.844594,0.518583,0.758499,0.872009,0.222474,3.123353,2.861122,2.440748,3.393516,2.492236,3.356473,2.924443,3.216629,0.000000,0.000000
0.296090,0.887619,0.095882,0.725764,0.920981,0.010982,0.237014,0.889118,0.038951,0.000854,3.035877,1.785829,3.065747,1.671158,3.409755,1.480445,2.362211,2.485879,0.000000,0.000000
0.981123,0.478062,0.076826,0.142082,0.384545,0.317244,0.439034,0.286706,0.562124,0.124299,1.383405,2.416388,1.253486,2.561299,1.624953,2.104102,2.288693,1.570245,0.000000,0.000000
0.753445,0.073154,0.518043,0.534989,0.021590,0.274403,0.364514,0.150884,0.556424,0.053758,1.743318,1.611850,1.555621,2.088288,1.206225,2.012715,1.901552,1.462319,0.000000,0.000000
0.644662,0.542927,0.060080,0.543295,0.703309,0.207710,0.095504,0.855777,0.916296,0.597103,2.226336,2.897792,2.706787,2.127098,2.396476,2.393243,1.785541,3.062344,0.000000,0.000000
0.157019,0.472347,0.883125,0.268661,0.638219,0.676858,0.939810,0.468001,0.140730,0.061242,2.886180,1.550993,2.334943,2.280607,2.829172,1.906755,2.606753,2.443381,0.000000,0.000000
0.219369,0.917014,0.919737,0.523300,0.589414,0.599036,0.791578,0.572295,0.363340,0.617964,3.701364,2.084024,2.563959,3.131862,3.107039,2.462854,3.085789,2.690519,0.000000,0.000000
0.998995,0.497329,0.528194,0.340588,0.034242,0.608065,0.743365,0.048504,0.534456,0.273961,2.001552,2.691340,1.721040,3.094434,1.789747,2.719335,3.177268,1.471529,0.000000,0.000000
0.227534,0.350884,0.558146,0.544014,0.853571,0.791800,0.120568,0.960573,0.469187,0.881293,2.547241,3.117000,3.760609,2.292900,2.927506,2.544896,2.188483,3.689420,0.000000,0.000000
0.326469,0.742792,0.317862,0.372844,0.697026,0.837716,0.904332,0.342817,0.024404,0.374408,2.467275,2.209837,2.525231,2.021447,3.282736,1.513582,3.122313,1.822463,0.000000,0.000000
0.470948,0.552915,0.316495,0.331328,0.259009,0.285586,0.379535,0.073903,0.340457,0.430539,1.537488,1.593644,1.554819,1.580546,1.440688,1.574834,1.584185,1.433002,0.000000,0.000000
0.026558,0.242926,0.360071,0.684883,0.787291,0.939678,0.043725,0.143365,0.950364,0.524326,1.707397,3.695179,2.447848,2.913227,2.319292,2.771997,2.571443,2.850942,0.000000,0.000000
0.628027,0.968348,0.667614,0.494737,0.660879,0.411368,0.533263,0.770268,0.044722,0.218924,3.286219,1.635906,2.183326,2.537021,3.062150,1.934339,2.792582,2.380123,0.000000,0.000000
0.168757,0.641705,0.046805,0.662806,0.778211,0.780107,0.682306,0.274285,0.233260,0.976431,2.257800,2.872625,3.305799,1.879902,2.659395,2.294497,2.758719,2.703649,0.000000,0.000000
0.942686,0.838347,0.661319,0.164942,0.368205,0.712162,0.976299,0.433072,0.931723,0.844562,2.804707,3.764263,2.851893,3.968668,3.268033,3.877150,3.841097,3.138393,0.000000,0.000000
0.908182,0.535303,0.421792,0.748584,0.272862,0.193794,0.387074,0.379907,0.286614,0.291253,2.028848,2.012951,1.884090,2.171735,1.730267,2.550683,2.544069,1.489424,0.000000,0.000000
0.717988,0.107672,0.570855,0.068118,0.920320,0.684707,0.361695,0.345945,0.477774,0.847008,1.346552,3.265377,2.587111,2.315595,2.272742,2.531505,1.775198,2.874907,0.000000,0.000000
0.189980,0.409239,0.493820,0.913558,0.297470,0.423258,0.444380,0.200649,0.506933,0.856203,2.190056,2.171849,2.712286,1.854913,1.477294,3.055636,2.208755,2.209338,0.000000,0.000000
0.630395,0.176282,0.078712,0.936743,0.995282,0.160479,0.129823,0.393899,0.993083,0.983485,2.014921,4.055828,3.899663,2.103932,2.408528,3.940104,2.065205,3.925908,0.000000,0.000000
0.813571,0.352691,0.157719,0.976486,0.012555,0.038691,0.215907,0.094322,0.133308,0.128065,2.030017,1.502272,1.995069,1.530146,1.228777,2.461970,2.359952,1.040076,0.000000,0.000000
0.437164,0.534280,0.917089,0.217833,0.728559,0.248736,0.658058,0.493653,0.764475,0.283197,2.522077,2.274133,1.901592,2.718368,2.346773,2.365143,1.662119,3.052137,0.000000,0.000000
0.584082,0.682028,0.509268,0.435301,0.508584,0.315861,0.448659,0.466944,0.652167,0.052398,1.953246,1.687200,1.632313,2.227388,2.092467,1.843374,1.909735,2.067525,0.000000,0.000000
0.976823,0.154175,0.252546,0.848526,0.169205,0.665744,0.467172,0.078904,0.520082,0.558784,2.071422,2.919918,2.213246,2.768859,1.336232,3.138248,3.283632,1.471155,0.000000,0.000000
0.370792,0.281602,0.637183,0.722137,0.216340,0.546729,0.735818,0.166995,0.094627,0.143635,2.434832,1.259073,2.046169,1.677351,1.695728,2.041485,2.432741,1.623745,0.000000,0.000000
0.900155,0.119447,0.645556,0.783520,0.769012,0.150937,0.397231,0.188648,0.905961,0.561037,2.121724,3.428097,2.578198,2.917343,1.615404,3.705976,2.460183,3.028649,0.000000,0.000000
0.827770,0.324719,0.833221,0.955654,0.064717,0.723952,0.030404,0.875777,0.696584,0.635394,3.113891,2.784222,2.874843,3.170028,2.180126,3.733809,2.879547,2.775163,0.000000,0.000000
0.373175,0.422068,0.560173,0.085558,0.460428,0.472042,0.394143,0.974183,0.707906,0.149129,2.277298,1.804755,2.106948,2.165853,2.281932,1.841408,1.408582,3.006880,0.000000,0.000000
0.167382,0.242803,0.291633,0.230222,0.794797,0.100679,0.472371,0.682612,0.175550,0.694928,1.779503,2.228055,2.413218,1.265227,2.246026,1.787841,1.349367,2.266680,0.000000,0.000000
0.260060,0.329801,0.846069,0.549953,0.998268,0.779288,0.147463,0.397608,0.438089,0.274092,2.150876,2.830817,2.630301,2.640197,2.790074,2.125552,2.173470,2.813761,0.000000,0.000000
0.370761,0.566810,0.747217,0.578642,0.556399,0.589270,0.586881,0.986904,0.123712,0.142974,3.254535,1.458110,2.826177,1.996886,2.677207,1.968644,2.238243,3.053255,0.000000,0.000000
0.562785,0.193758,0.742568,0.588949,0.946812,0.182488,0.361831,0.805374,0.110759,0.810776,2.546581,2.729381,3.451052,1.726110,2.694117,2.660815,1.727488,3.270531,0.000000,0.000000
0.696371,0.470546,0.304590,0.906259,0.221876,0.695606,0.487396,0.715777,0.585912,0.713300,2.542208,2.465402,2.670295,2.228051,2.218258,2.839311,2.718692,1.962548,0.000000,0.000000
0.371948,0.207478,0.357835,0.712244,0.794930,0.538096,0.981297,0.848517,0.131459,0.959218,3.302884,2.569783,4.501778,1.424282,3.280925,2.646667,2.955696,3.211680,0.000000,0.000000
0.132206,0.096374,0.533972,0.490072,0.135348,0.166352,0.171186,0.846762,0.261736,0.973312,2.207816,2.045103,2.876066,1.551592,1.861530,2.603743,1.522888,2.771171,0.000000,0.000000
0.709162,0.239679,0.589637,0.529790,0.580829,0.631577,0.647682,0.119508,0.107133,0.559855,2.072656,2.105756,2.215176,1.889395,1.662958,2.231267,2.383038,2.027998,0.000000,0.000000
0.423261,0.672741,0.524702,0.151171,0.063723,0.294355,0.200425,0.607169,0.931099,0.033019,1.628770,1.921316,1.236652,2.450329,2.070026,2.294426,1.464280,2.228767,0.000000,0.000000
0.807016,0.322938,0.254264,0.153560,0.606291,0.032071,0.638193,0.465896,0.839108,0.222906,1.669669,2.492179,1.613950,2.256971,1.965236,2.145635,1.767699,2.286178,0.000000,0.000000
0.115778,0.343850,0.130882,0.218334,0.526608,0.448116,0.499232,0.844152,0.151883,0.237902,2.074203,1.447352,1.911735,1.272998,2.181784,1.198441,1.557566,1.979095,0.000000,0.000000
0.724580,0.841461,0.420799,0.920890,0.931163,0.406084,0.921110,0.421229,0.279169,0.647943,3.297290,2.760175,3.881216,2.224275,3.673640,2.827376,3.568373,2.319510,0.000000,0.000000
0.245747,0.463421,0.814997,0.619145,0.061360,0.351074,0.218217,0.949125,0.297660,0.003540,2.984334,1.108461,2.391882,2.052169,2.179623,2.061099,1.799807,2.522178,0.000000,0.000000
0.743496,0.060926,0.333720,0.646038,0.905192,0.367804,0.329116,0.281594,0.647096,0.072137,1.789089,2.478052,2.406435,2.035427,1.999058,2.011087,2.044172,2.289319,0.000000,0.000000
0.976658,0.070459,0.604962,0.131986,0.512321,0.094980,0.599778,0.901860,0.107227,0.559714,2.359190,2.594376,2.305760,2.362700,2.191484,2.809285,2.245405,2.574293,0.000000,0.000000
0.409859,0.397715,0.081521,0.981897,0.390886,0.231885,0.846419,0.581840,0.635229,0.534175,2.905292,2.011872,2.906913,1.690929,2.370429,2.487922,2.678650,1.801960,0.000000,0.000000
0.986013,0.596288,0.136821,0.956084,0.612224,0.256100,0.207125,0.276941,0.836114,0.620100,2.095960,3.484954,2.573550,2.930047,1.782976,3.816015,3.088973,2.364947,0.000000,0.000000
0.329899,0.453663,0.354956,0.960897,0.004630,0.153988,0.690579,0.647858,0.154511,0.231459,2.744805,1.259803,2.356033,1.330422,2.183091,2.300225,2.360211,1.251312,0.000000,0.000000
0.093719,0.904697,0.266496,0.273289,0.610854,0.149748,0.915973,0.977057,0.013493,0.078915,3.656138,1.307543,3.101814,1.757784,3.703353,1.293142,2.734133,2.572345,0.000000,0.000000
0.128377,0.532289,0.963360,0.569246,0.273447,0.495972,0.422031,0.597240,0.037885,0.088064,2.864418,1.170491,1.705158,2.168262,1.991342,2.155611,1.970714,2.277611,0.000000,0.000000
0.193404,0.568700,0.956845,0.911355,0.702255,0.592272,0.243027,0.658648,0.782353,0.539320,3.153873,2.621044,2.675991,3.010538,2.312510,3.379562,2.381366,3.305227,0.000000,0.000000
0.958451,0.118675,0.530619,0.300040,0.430856,0.992274,0.821506,0.018459,0.875602,0.102830,2.054217,3.727761,1.846050,3.943175,2.583377,2.964817,3.648076,2.383830,0.000000,0.000000
0.347402,0.819987,0.843639,0.489711,0.863815,0.890920,0.094344,0.704423,0.385303,0.379316,2.725421,2.807414,2.451676,3.261341,3.495719,2.132061,2.741442,2.826893,0.000000,0.000000
0.063843,0.284977,0.142125,0.136614,0.815048,0.911674,0.637446,0.575609,0.681365,0.175200,1.735953,2.871708,1.937046,2.465899,2.986932,1.390907,2.233379,2.215707,0.000000,0.000000
0.086250,0.332113,0.893781,0.452652,0.439866,0.774117,0.129621,0.803569,0.069427,0.506417,2.630530,1.955457,2.129553,2.344338,2.231474,2.243013,2.066258,2.639871,0.000000,0.000000
0.260341,0.920322,0.196596,0.622936,0.020334,0.811518,0.185912,0.469342,0.648176,0.375305,2.422617,2.230345,1.787768,2.939852,2.674718,1.756888,3.006515,1.373918,0.000000,0.000000
0.150472,0.716862,0.859822,0.185509,0.620812,0.393038,0.751582,0.393507,0.472755,0.098664,2.547186,1.585368,1.763029,2.536926,2.489866,1.925969,2.028699,2.475295,0.000000,0.000000
0.179766,0.364446,0.637877,0.105511,0.572264,0.856573,0.706418,0.361525,0.594528,0.766574,1.823775,2.845975,2.135759,2.647726,2.415242,2.351812,2.209578,2.540787,0.000000,0.000000
0.273810,0.118632,0.881924,0.258318,0.117381,0.742166,0.119599,0.201567,0.335244,0.663359,1.885793,2.082297,1.700519,2.523564,1.442709,2.353377,1.812577,2.126821,0.000000,0.000000
0.746268,0.287849,0.225985,0.300177,0.955783,0.096245,0.454657,0.392871,0.220435,0.520572,1.572113,2.673836,2.496390,1.510720,2.404240,1.757847,1.641748,2.100361,0.000000,0.000000
0.439754,0.884239,0.496435,0.422505,0.125825,0.276888,0.406702,0.729653,0.212382,0.654911,2.577677,1.724332,2.087579,2.107838,2.580681,2.019245,2.194224,1.772629,0.000000,0.000000
0.124581,0.528059,0.437801,0.223794,0.918277,0.425673,0.136201,0.690541,0.914892,0.663046,1.649424,3.307257,2.595107,2.261478,2.696933,2.589283,1.485304,3.226028,0.000000,0.000000
0.239114,0.733629,0.928993,0.929853,0.836913,0.045656,0.604456,0.446789,0.761280,0.091580,3.341736,2.258106,2.675730,2.914856,2.696442,3.078012,2.443239,3.159013,0.000000,0.000000
0.368144,0.922554,0.087684,0.968289,0.172324,0.322609,0.847313,0.968562,0.358191,0.054040,4.263185,1.205052,3.344148,2.130598,3.432361,2.021680,3.411826,2.078363,0.000000,0.000000
0.788279,0.984830,0.401690,0.804162,0.565023,0.196291,0.406783,0.073727,0.549917,0.081510,2.922486,1.870155,2.018574,2.963888,2.213140,2.324186,3.155057,1.892724,0.000000,0.000000
0.908074,0.855395,0.541737,0.701309,0.357707,0.059338,0.854523,0.833706,0.015826,0.683940,3.555093,2.347429,3.150835,2.462355,3.205759,2.971895,3.481652,2.272778,0.000000,0.000000
0.371395,0.083305,0.526111,0.723501,0.554843,0.394150,0.925080,0.476336,0.084521,0.005182,2.763973,1.214336,2.651208,1.429661,2.379220,1.911975,2.677630,1.856762,0.000000,0.000000
0.043618,0.908121,0.625713,0.732879,0.218154,0.950907,0.184067,0.543303,0.831431,0.304178,2.698031,2.823459,1.884271,3.762883,3.153968,2.589740,3.323441,2.240320,0.000000,0.000000
0.107353,0.004701,0.573809,0.677942,0.926322,0.336420,0.109170,0.666999,0.647924,0.756839,2.095009,2.984319,3.177755,2.015271,2.408919,2.634451,1.792436,2.987703,0.000000,0.000000
