0.553533,0.937812,0.776026,0.219611,0.007750,0.903243,0.834092,0.337246,0.984808,0.805536,3.268194,3.323994,3.775523,2.569936,2.832371,3.842002,3.829694,2.850772,2.168607,0.000000
0.765655,0.780966,0.535409,0.299267,0.156882,0.297589,0.181716,0.584358,0.111175,0.922551,2.365401,2.249033,3.025706,1.679923,2.238739,2.191129,2.319623,2.211175,1.981388,0.000000
0.787217,0.198269,0.797832,0.667211,0.979086,0.198228,0.752309,0.706824,0.195494,0.907388,2.435696,3.837003,2.660835,3.287180,3.834609,2.501125,3.339021,2.822652,3.189489,0.000000
0.783315,0.645904,0.673649,0.918034,0.450734,0.804741,0.371626,0.603772,0.500703,0.167400,3.587716,1.881084,2.721766,2.782222,2.581072,2.330651,2.617718,2.742815,3.356643,0.000000
0.929953,0.310740,0.970262,0.034838,0.493885,0.330759,0.787636,0.070417,0.557159,0.483440,2.959673,2.049558,2.642820,2.270639,2.279229,2.731927,2.698986,2.388243,2.098427,0.000000
0.602954,0.575115,0.286109,0.887822,0.472535,0.768390,0.123087,0.853276,0.478197,0.162727,2.785071,1.984779,2.318696,2.830580,2.294375,2.426510,2.026772,2.772608,3.214018,0.000000
0.350423,0.481595,0.073000,0.450926,0.249281,0.157250,0.377475,0.883342,0.873676,0.610051,1.584508,2.964121,1.537012,2.619816,1.838703,2.802282,1.954721,1.854044,1.983093,0.000000
0.517271,0.090757,0.733024,0.663093,0.080769,0.735872,0.621008,0.144882,0.018857,0.506074,2.249901,1.707601,2.064436,1.654599,2.424228,1.757565,2.475824,1.880933,1.749674,0.000000
0.020638,0.433509,0.399475,0.437948,0.146443,0.835676,0.700292,0.742435,0.696036,0.851558,2.164786,3.114619,2.711903,2.092759,2.599264,2.167676,2.663091,2.118023,2.363590,0.000000
0.487096,0.037519,0.901520,0.441669,0.637089,0.473658,0.357358,0.295374,0.672209,0.227326,2.014168,1.855976,1.607550,2.587089,2.436314,1.992208,2.255305,1.997360,1.880623,0.000000
0.584535,0.423919,0.081787,0.724209,0.477397,0.890863,0.741147,0.820039,0.593088,0.167765,2.508542,2.647820,2.572157,2.551513,2.422321,2.809297,2.085092,2.721618,3.070929,0.000000
0.278414,0.214689,0.585168,0.387569,0.192754,0.585268,0.974890,0.481544,0.864493,0.219781,1.734334,2.855452,2.556732,2.204058,1.628958,3.006534,3.078974,1.672020,1.733928,0.000000
0.866525,0.151464,0.318650,0.780498,0.539904,0.030871,0.072348,0.281309,0.265407,0.511263,2.217011,1.284378,1.739417,2.056514,2.209578,1.943687,1.868988,1.975300,2.426275,0.000000
0.585440,0.601216,0.587904,0.062088,0.693540,0.838118,0.288745,0.557884,0.605047,0.607408,2.509284,2.118054,2.489864,2.243369,2.297634,2.151013,1.888724,2.704463,2.745083,0.000000
0.828825,0.038304,0.163658,0.555172,0.372589,0.504647,0.709408,0.139156,0.531173,0.823496,1.692181,2.345701,2.707458,1.528814,2.318488,2.468361,2.340195,2.212887,1.931138,0.000000
0.560115,0.573612,0.536112,0.727429,0.563077,0.791353,0.417708,0.285214,0.595665,0.734232,2.693256,2.057634,2.539938,2.157372,2.838010,2.056531,2.461128,2.394282,2.399954,0.000000
0.931054,0.153772,0.047371,0.861303,0.329118,0.441503,0.094228,0.551679,0.097176,0.640841,2.532602,1.572014,2.380404,2.299039,2.324411,2.034048,1.863867,2.408576,2.971507,0.000000
0.281332,0.283894,0.108331,0.701462,0.765003,0.274672,0.538544,0.887661,0.850033,0.032501,1.648237,3.202692,1.461652,3.340146,2.151921,2.782779,2.187307,2.439770,2.669709,0.000000
0.504454,0.271610,0.363432,0.841850,0.025747,0.580904,0.112212,0.157601,0.822057,0.579137,2.146861,1.805070,1.848354,2.217908,2.260862,2.183739,2.460558,1.715477,1.841884,0.000000
0.301751,0.773354,0.317035,0.979166,0.754141,0.459439,0.597823,0.518060,0.617461,0.442651,2.859716,2.383942,2.229716,3.174141,2.634581,2.245324,2.741364,2.450656,3.092143,0.000000
0.227271,0.755821,0.521288,0.196823,0.277574,0.675774,0.290869,0.772697,0.739613,0.845410,2.244342,2.804988,2.697791,2.195102,2.147702,2.402048,2.345661,2.366357,2.161313,0.000000
0.690381,0.576517,0.410814,0.158406,0.024761,0.037826,0.437603,0.260218,0.247397,0.740311,1.906098,1.820829,1.958290,1.280253,1.734964,1.903660,1.907582,1.479157,1.488158,0.000000
0.616408,0.292866,0.226835,0.672596,0.991830,0.084738,0.781319,0.951406,0.662075,0.039712,1.737634,3.936524,1.777377,3.432151,2.652515,3.353207,2.268784,3.089554,3.217758,0.000000
0.431605,0.311338,0.292754,0.433733,0.374029,0.229821,0.027932,0.985083,0.462219,0.129504,1.496406,2.104673,1.407190,2.254372,1.510817,2.589851,1.396509,2.387121,2.187171,0.000000
0.061034,0.163314,0.452108,0.037270,0.239213,0.491987,0.299380,0.268767,0.119348,0.680690,1.426357,1.588782,1.673051,1.345133,1.584902,1.107445,1.756495,1.551551,1.445090,0.000000
0.106388,0.268744,0.893207,0.764673,0.143883,0.505711,0.892465,0.317879,0.103145,0.261680,2.579105,1.999360,2.214767,2.354357,2.505718,1.839481,3.141524,1.536079,1.729486,0.000000
0.685202,0.463089,0.829521,0.027111,0.493550,0.382495,0.466912,0.492443,0.583866,0.126480,2.323658,1.937994,1.966210,2.245035,1.645008,2.207995,2.115656,2.022739,2.012427,0.000000
0.425106,0.372911,0.818961,0.992720,0.364780,0.393189,0.171057,0.505787,0.158277,0.335246,3.059710,1.449933,1.614166,2.986194,2.612881,1.527818,2.839270,1.655516,2.696421,0.000000
0.424378,0.670834,0.769401,0.356245,0.647741,0.580282,0.392836,0.280813,0.416061,0.252937,2.435174,1.661835,2.131579,2.045187,2.108228,1.800181,1.985493,2.280543,1.933952,0.000000
0.723038,0.770077,0.056153,0.146351,0.157622,0.264976,0.450539,0.773394,0.335567,0.309076,1.978903,2.095688,2.280011,1.814054,1.247112,2.555680,1.275654,2.296182,2.090214,0.000000
0.773474,0.247038,0.106794,0.521091,0.736728,0.918000,0.086252,0.623835,0.393011,0.637244,2.386962,1.918064,2.546906,2.331969,2.979123,2.080946,1.430006,3.021715,3.336563,0.000000
0.343702,0.574403,0.373807,0.119118,0.761305,0.097237,0.818210,0.807778,0.224028,0.243013,1.720710,2.741184,1.916811,2.398872,1.638949,2.429948,2.049016,2.170208,2.402263,0.000000
0.590064,0.343355,0.703603,0.609515,0.867376,0.055948,0.889694,0.189691,0.564547,0.770685,2.136393,2.949339,2.277731,2.442491,3.101116,2.619087,3.131728,2.027879,2.147558,0.000000
0.896786,0.251824,0.141001,0.699519,0.836609,0.289537,0.640338,0.036314,0.290346,0.869767,2.201048,2.648257,2.740052,2.085684,3.043999,2.244660,2.467674,2.714692,2.574773,0.000000
0.438454,0.929843,0.637179,0.290223,0.857924,0.952650,0.861771,0.214226,0.236536,0.801593,3.200123,2.798547,3.784031,2.082863,3.513704,2.831603,2.817886,3.520971,2.853847,0.000000
0.698370,0.897908,0.056056,0.189595,0.923853,0.283380,0.478406,0.319362,0.941264,0.891025,2.080437,3.717655,3.044241,2.964638,2.773871,3.287902,2.660913,3.130837,2.433740,0.000000
0.402605,0.247635,0.064743,0.956676,0.394366,0.820062,0.880822,0.637388,0.004717,0.277817,2.590241,2.302581,2.550237,2.668493,2.466089,2.251992,2.722126,2.149807,3.172035,0.000000
0.154973,0.520971,0.587605,0.639324,0.345119,0.589433,0.969411,0.187669,0.196964,0.359719,2.248362,2.033912,2.753733,1.639648,2.000195,2.144397,2.805717,1.786158,1.618948,0.000000
0.124801,0.695656,0.123811,0.005904,0.381640,0.303852,0.375267,0.089556,0.058284,0.127685,1.719540,1.391848,1.809599,1.235247,1.080618,1.344029,1.264904,1.685646,1.263502,0.000000
0.932460,0.095160,0.946068,0.663259,0.516941,0.881978,0.645116,0.305330,0.565205,0.455899,3.592025,1.999015,2.894686,2.724287,3.344039,2.529097,2.754899,2.962698,3.142990,0.000000
0.620813,0.468341,0.186542,0.241326,0.058172,0.354672,0.084584,0.710641,0.456292,0.589513,1.625232,1.805371,1.884530,1.771654,1.595872,2.107189,1.348304,1.826673,1.907999,0.000000
0.450621,0.031638,0.471713,0.936414,0.537013,0.331428,0.446824,0.040413,0.524688,0.197998,2.105911,1.639100,1.464097,2.249053,2.183993,1.815130,2.533780,1.711315,2.126444,0.000000
0.334366,0.155604,0.995054,0.873414,0.775832,0.850381,0.485282,0.557956,0.253646,0.590681,3.339143,2.215735,2.039341,3.805810,4.114366,1.609994,3.019621,2.544341,3.295599,0.000000
0.202638,0.228558,0.543835,0.600562,0.730432,0.333115,0.442789,0.866881,0.743897,0.344189,1.753576,2.827886,1.436945,2.970822,2.200309,2.408185,2.198344,2.367245,2.517186,0.000000
0.013661,0.593637,0.428856,0.115329,0.347293,0.920217,0.578685,0.003159,0.587804,0.232553,2.496158,1.789766,2.385446,1.259191,1.904983,1.626686,1.838363,2.165021,1.903032,0.000000
0.381918,0.967894,0.611298,0.622959,0.209963,0.021873,0.348707,0.961222,0.872690,0.096635,2.591462,2.937782,2.029193,2.912443,1.781194,3.889040,2.480915,2.819869,2.120413,0.000000
0.388847,0.383227,0.773456,0.743159,0.019330,0.270950,0.687441,0.148474,0.572541,0.757484,2.406176,2.226392,1.949319,1.943545,2.676292,2.050270,3.047214,1.351760,1.418279,0.000000
0.144428,0.704260,0.989906,0.353659,0.753611,0.281282,0.118212,0.314494,0.945052,0.660935,2.734731,2.495063,1.906596,3.674865,3.180485,2.222232,2.992777,2.101299,1.910646,0.000000
0.446514,0.411481,0.851970,0.144750,0.812412,0.853206,0.587306,0.520761,0.222121,0.738410,2.688042,2.520654,2.450049,2.635112,3.205200,1.783772,2.497770,2.669210,2.841687,0.000000
0.833917,0.369461,0.080214,0.475074,0.779120,0.170402,0.186296,0.825104,0.869307,0.062671,1.887247,2.811130,1.888029,3.110432,1.952134,3.066445,1.718597,2.758404,2.944884,0.000000
0.063215,0.362819,0.100918,0.616553,0.998554,0.087028,0.675988,0.032592,0.961537,0.598264,1.607437,3.686939,1.504373,3.118888,2.970249,2.302957,2.742282,2.101719,2.119472,0.000000
0.627358,0.230596,0.174188,0.369136,0.932100,0.777166,0.534218,0.262371,0.442580,0.536583,1.773217,2.476225,2.203184,2.220008,2.751307,1.981086,1.609756,2.896961,2.762337,0.000000
0.454211,0.182223,0.220627,0.528820,0.545705,0.483840,0.926454,0.965563,0.261886,0.832356,1.452920,3.405115,2.746985,2.416468,2.413029,3.187392,2.708054,2.715716,2.460543,0.000000
0.588103,0.606546,0.788563,0.909332,0.223614,0.917650,0.625794,0.503973,0.696295,0.875095,3.759743,2.804361,3.155504,2.845864,3.723687,2.464608,3.682200,2.338918,3.068080,0.000000
0.388227,0.399022,0.106710,0.812205,0.982375,0.624184,0.764337,0.393969,0.678073,0.684462,2.106814,3.365724,2.333445,3.106238,3.323622,2.328750,2.589540,2.682600,2.978383,0.000000
0.188742,0.783231,0.608316,0.831065,0.887883,0.599613,0.096227,0.189648,0.446351,0.884103,2.856776,2.383874,2.760024,2.674968,3.527099,1.684903,2.820242,2.771240,2.591274,0.000000
0.679881,0.924570,0.806409,0.028751,0.741969,0.957726,0.159491,0.416447,0.867893,0.939255,3.561485,2.989796,3.858471,2.875375,3.548065,3.142869,3.102562,3.565772,3.059095,0.000000
0.486634,0.400994,0.391310,0.988080,0.452192,0.024419,0.571760,0.296714,0.345294,0.201582,2.546073,1.721526,1.407659,2.489247,2.144625,1.810895,2.689444,1.372293,2.499091,0.000000
0.824600,0.568746,0.304858,0.242846,0.559230,0.164942,0.486413,0.968379,0.350272,0.090855,2.058003,2.521909,2.105099,2.313124,1.434752,3.001274,1.561119,2.994595,2.748802,0.000000
0.243590,0.434711,0.501749,0.773903,0.605406,0.517108,0.296620,0.218368,0.022326,0.759039,2.222335,1.757580,1.980230,2.080196,2.672288,1.287984,2.385181,1.934285,2.004289,0.000000
0.572720,0.439195,0.547612,0.482258,0.287329,0.657958,0.275427,0.588148,0.152417,0.807692,2.100262,2.052426,2.388200,1.832651,2.371580,1.752845,2.161296,2.035957,2.089216,0.000000
0.439554,0.764925,0.045318,0.567954,0.741305,0.426588,0.361452,0.493898,0.093725,0.467841,1.999708,1.877982,2.136104,2.226714,2.208333,1.816940,1.407086,2.432789,2.217487,0.000000
0.371471,0.204790,0.192396,0.934991,0.941593,0.477559,0.625576,0.241354,0.620140,0.932671,2.118268,3.419142,2.429644,3.093486,3.665888,2.004614,3.249516,2.417994,2.970462,0.000000
0.694814,0.832251,0.108607,0.914849,0.742085,0.145121,0.465512,0.261791,0.253571,0.451871,2.772108,1.817087,2.238996,2.582312,2.527898,2.263962,2.133731,2.512227,2.689436,0.000000
0.061291,0.008934,0.718477,0.641723,0.366346,0.467734,0.780542,0.635398,0.887326,0.256557,1.837273,2.893838,1.840335,2.845245,2.045570,2.487179,3.146390,1.705742,1.980777,0.000000
0.090622,0.739202,0.124089,0.188510,0.252327,0.962880,0.559399,0.977130,0.335313,0.304623,2.620889,2.561517,2.610590,2.060169,2.125284,2.510426,1.456566,3.216630,2.933827,0.000000
0.608258,0.301692,0.206989,0.802982,0.596783,0.028686,0.834612,0.249506,0.437910,0.297109,1.945543,2.064331,1.832281,2.160556,2.105636,2.387769,2.445209,1.619129,2.076395,0.000000
0.050001,0.415528,0.017064,0.881884,0.986299,0.514470,0.399144,0.316695,0.569910,0.155877,2.171733,2.618480,1.712732,3.080832,2.901679,1.460836,1.922951,2.520378,2.959061,0.000000
0.117106,0.818717,0.547612,0.859612,0.718354,0.951052,0.906339,0.311651,0.361126,0.403573,3.571935,2.268378,3.308441,2.529133,3.261180,2.369312,3.036928,2.920929,3.157466,0.000000
0.283301,0.904617,0.969242,0.284166,0.165890,0.070441,0.734588,0.715675,0.541716,0.576030,2.868842,2.515972,2.266119,2.707640,2.503072,2.841286,2.688557,1.978114,1.751839,0.000000
0.174741,0.013877,0.760596,0.299959,0.369174,0.491881,0.515119,0.885181,0.911486,0.315735,1.678073,3.072727,1.570956,2.993245,1.813425,2.756176,2.692012,2.176958,2.143840,0.000000
0.809214,0.702026,0.720719,0.244573,0.126405,0.751337,0.600055,0.974858,0.359038,0.134446,2.901749,2.597046,2.903764,2.216542,1.773908,3.227860,2.101707,3.420557,2.844644,0.000000
0.986224,0.891165,0.892457,0.094118,0.108396,0.786248,0.346768,0.435553,0.777893,0.421504,4.003625,2.038770,3.567426,2.380460,2.207904,3.231097,2.329942,3.403625,2.879383,0.000000
0.778328,0.884745,0.110079,0.896264,0.034780,0.220060,0.477902,0.100001,0.501437,0.237359,2.904802,1.617157,2.527255,1.884408,1.953308,2.681127,2.093304,2.305520,2.057190,0.000000
0.573121,0.413516,0.382402,0.871203,0.610005,0.685028,0.638678,0.338909,0.281786,0.396643,2.503028,1.885127,2.220483,2.386736,2.427748,1.938330,2.478077,2.279097,2.642242,0.000000
0.958145,0.884501,0.444481,0.803765,0.586108,0.697311,0.716068,0.602097,0.000821,0.243908,3.645283,2.151293,3.623049,2.482230,2.268495,2.998101,2.480036,3.611638,3.462944,0.000000
0.112390,0.539853,0.885106,0.898418,0.425110,0.845722,0.228446,0.795277,0.650128,0.147945,3.560023,2.150060,2.141377,3.423026,3.043517,1.992844,2.779079,2.430918,3.166372,0.000000
0.346094,0.117923,0.288189,0.413372,0.923458,0.419906,0.370140,0.236338,0.773362,0.515407,1.307666,2.630665,1.530408,2.519448,2.486472,1.998037,1.843035,2.315067,2.189569,0.000000
0.704801,0.751215,0.281675,0.914837,0.289726,0.061947,0.913164,0.010217,0.474206,0.419779,2.770136,2.052997,2.684747,1.912150,2.121668,2.930364,2.936226,1.814455,1.981945,0.000000
0.955835,0.205809,0.939214,0.266273,0.638356,0.470425,0.052643,0.831247,0.141352,0.558554,2.953624,1.949774,2.440427,2.988864,2.639563,2.453774,2.058253,3.149862,3.178893,0.000000
0.188370,0.835549,0.500551,0.996285,0.869385,0.115334,0.275794,0.868776,0.966153,0.344732,3.075412,3.443209,1.830814,4.516259,2.835029,3.119729,3.421476,2.860175,3.608963,0.000000
0.116053,0.750391,0.484275,0.864897,0.820394,0.904653,0.392369,0.097980,0.577639,0.410660,3.301691,1.994780,2.504684,2.555979,3.246616,1.748143,2.377962,2.896339,2.995547,0.000000
0.145337,0.006575,0.974320,0.701388,0.164888,0.199474,0.526445,0.719791,0.849832,0.231864,2.302566,2.661318,1.280066,3.491643,2.661116,2.281879,3.042665,1.422944,1.925105,0.000000
0.220679,0.407595,0.837369,0.716143,0.126306,0.741850,0.300561,0.479292,0.017026,0.425351,2.779464,1.563053,1.940815,2.274231,2.615433,1.312143,2.327721,1.821444,2.094253,0.000000
0.940549,0.405442,0.013917,0.512156,0.737064,0.008385,0.076418,0.005335,0.232686,0.390801,2.276026,1.329904,2.013958,1.685870,2.065302,2.006094,1.178104,2.410711,2.366412,0.000000
0.394810,0.831410,0.824060,0.046108,0.438777,0.493216,0.963044,0.508198,0.954434,0.417592,2.579351,3.137419,3.118870,2.910648,1.795294,3.662896,3.574029,2.258996,1.845001,0.000000
0.512654,0.655098,0.509064,0.973973,0.812902,0.804786,0.970635,0.203121,0.914237,0.449863,3.293077,3.171966,3.274710,3.520663,3.118280,3.385304,4.054782,2.784848,3.330712,0.000000
0.756368,0.819601,0.308892,0.367916,0.933104,0.638584,0.672737,0.488678,0.329187,0.610151,2.378661,2.793185,3.032431,2.423717,2.667933,2.596063,1.953730,3.421090,2.953799,0.000000
0.274492,0.632300,0.463137,0.753293,0.548312,0.332368,0.824907,0.954512,0.168166,0.484669,2.288013,2.845496,2.242638,2.704721,2.203109,2.795255,2.626379,2.605868,2.540111,0.000000
0.843862,0.940682,0.650129,0.238833,0.441145,0.157907,0.209513,0.781027,0.878051,0.032021,2.805508,2.513180,2.645632,2.699805,1.504455,3.732706,2.229564,3.027072,2.487441,0.000000
0.042397,0.256731,0.224203,0.741745,0.027932,0.220063,0.592885,0.451473,0.561743,0.193799,1.717440,1.975384,1.409885,1.960492,1.782368,1.609020,2.041159,1.244021,1.687443,0.000000
0.814850,0.511979,0.088800,0.839918,0.117877,0.344643,0.830702,0.852802,0.822196,0.194849,2.485746,3.115247,2.624283,2.916217,1.884447,3.628196,2.748570,2.419358,2.766511,0.000000
0.742001,0.908043,0.459585,0.179799,0.655457,0.970402,0.840647,0.098324,0.838139,0.909421,3.236753,3.244076,4.324921,2.047739,3.193573,3.655999,3.269691,3.488426,2.745067,0.000000
0.651738,0.511727,0.382528,0.577957,0.083418,0.589468,0.410732,0.963635,0.151233,0.986344,2.089437,3.289271,3.090184,2.172364,2.643994,2.641274,2.690849,2.772759,2.420328,0.000000
0.000186,0.453192,0.571473,0.625076,0.163870,0.622453,0.919326,0.427103,0.635284,0.603333,2.174119,2.490758,2.622076,1.922019,2.193583,2.233143,2.896844,1.705701,1.790550,0.000000
0.904130,0.626171,0.365842,0.614652,0.811079,0.714730,0.618602,0.157694,0.828046,0.434053,2.857344,2.597730,3.007744,2.524439,2.541049,2.923392,2.405508,3.265493,2.936610,0.000000
0.940406,0.584452,0.567874,0.246596,0.308685,0.252935,0.570789,0.169924,0.541091,0.448404,2.661513,1.801314,2.550455,1.424981,1.582104,2.488177,1.995479,2.296705,2.064404,0.000000
0.768164,0.966032,0.738702,0.159668,0.007113,0.270295,0.724359,0.738401,0.085464,0.419985,2.788588,2.301332,2.945162,1.962537,1.635266,3.294135,2.298586,2.814032,2.106493,0.000000
0.112904,0.043152,0.836779,0.317395,0.620089,0.739001,0.385671,0.084226,0.231900,0.857872,2.073593,2.038529,2.229062,1.913857,3.002455,1.224098,2.559780,2.124958,1.875704,0.000000
0.669380,0.134512,0.722826,0.521241,0.962075,0.016834,0.507067,0.864616,0.947758,0.693477,1.932997,4.161442,1.561349,3.935985,3.165618,3.256892,3.117529,2.725866,3.029451,0.000000
0.791107,0.577759,0.798621,0.568739,0.443865,0.621656,0.553438,0.135020,0.666835,0.558696,2.858737,1.982849,2.598826,2.038599,2.467955,2.470000,2.518166,2.425258,2.023474,0.000000
0.312610,0.939452,0.211381,0.535579,0.334461,0.179187,0.049903,0.222706,0.709339,0.530350,2.141779,1.539712,2.134271,1.741793,1.856446,2.550124,1.626198,2.101079,1.393941,0.000000
0.024913,0.650883,0.910412,0.241694,0.069226,0.711278,0.790621,0.782367,0.790313,0.323449,2.749804,2.907290,2.529210,2.816843,2.215692,2.635192,2.868873,2.188688,2.147831,0.000000
0.495857,0.879837,0.468060,0.073956,0.755624,0.903489,0.241623,0.664989,0.337742,0.090663,2.795632,1.968763,2.802935,2.271838,2.163634,2.346827,1.531308,3.325665,3.033924,0.000000
0.834234,0.939949,0.849098,0.903743,0.724647,0.406284,0.757174,0.649183,0.412890,0.516769,3.830352,2.520134,3.235911,3.382850,3.082180,3.350124,3.243860,3.407860,3.328574,0.000000
0.851401,0.302558,0.993824,0.453063,0.837089,0.731512,0.109295,0.449678,0.666455,0.433023,3.116959,2.053694,2.455588,3.410171,3.412119,2.340294,2.265405,3.076163,3.086381,0.000000
0.336909,0.600963,0.908815,0.487156,0.411569,0.471609,0.214189,0.636876,0.719749,0.637995,2.596328,2.170146,1.978814,2.810219,2.669422,2.107680,2.429138,1.914453,1.951479,0.000000
0.990878,0.287972,0.249716,0.407988,0.519754,0.181454,0.724558,0.188064,0.246722,0.462674,2.374540,1.858699,2.534075,1.530795,1.766548,2.435363,1.889351,2.431593,2.439494,0.000000
0.330765,0.583784,0.904645,0.886674,0.443442,0.815328,0.767178,0.041699,0.033435,0.041491,3.545124,1.786104,2.538726,2.541320,3.005640,1.851224,3.190304,2.164304,2.340355,0.000000
0.221895,0.962183,0.320566,0.319752,0.208058,0.969233,0.396007,0.146489,0.492366,0.779959,2.980671,1.907290,3.219189,1.284624,2.802998,2.351568,1.909087,2.880613,2.106054,0.000000
0.488392,0.868397,0.560871,0.998208,0.483091,0.648144,0.519326,0.076280,0.356571,0.155084,3.381871,1.597370,2.591579,2.375960,2.348342,2.249477,2.831549,2.566704,2.629905,0.000000
0.427938,0.301402,0.853380,0.455255,0.666561,0.488927,0.096853,0.871122,0.433963,0.416652,2.195512,2.099153,1.670784,2.897846,2.483310,2.195518,2.002644,2.521497,2.485397,0.000000
0.662297,0.540311,0.937904,0.455610,0.335910,0.369514,0.014280,0.300293,0.717666,0.385425,2.660623,1.500431,1.960464,2.498734,2.422763,2.231525,2.245128,1.860526,1.675617,0.000000
0.989438,0.364831,0.998876,0.808147,0.916867,0.730771,0.365427,0.688004,0.713189,0.438907,4.123863,2.886577,2.866639,4.309558,3.975462,2.777399,2.881837,3.711933,4.222024,0.000000
0.156507,0.120564,0.956246,0.886608,0.197218,0.002631,0.724474,0.662988,0.111963,0.847289,2.732005,2.681106,1.733155,3.198536,3.448318,1.742524,3.693444,1.173664,2.250329,0.000000
0.383035,0.747404,0.142958,0.375888,0.410166,0.442871,0.251470,0.047742,0.546063,0.281314,1.867665,1.434449,2.063442,1.358062,1.541484,1.930354,1.314120,1.979353,1.331870,0.000000
0.566206,0.289819,0.765537,0.587040,0.833990,0.353545,0.111391,0.323499,0.316518,0.057465,2.151985,1.651226,1.619214,2.494302,2.519388,1.680769,1.983435,2.241201,2.235723,0.000000
0.669654,0.160681,0.495678,0.913802,0.518601,0.022124,0.758932,0.464034,0.603355,0.051441,2.304098,2.231422,1.679991,2.658482,2.116292,2.517292,2.914678,1.613550,2.571264,0.000000
0.756793,0.434983,0.632568,0.922016,0.445770,0.690742,0.607684,0.537023,0.688115,0.859463,3.094839,2.785146,2.918721,2.845040,3.066631,2.553444,3.485587,2.403360,3.059665,0.000000
0.692018,0.727284,0.533714,0.870525,0.037398,0.245007,0.438956,0.422561,0.894123,0.892768,2.834137,2.967591,2.709621,2.766089,2.749635,2.811415,3.592817,1.871058,2.167927,0.000000
0.798487,0.199134,0.835137,0.903089,0.589166,0.982744,0.216402,0.671415,0.084172,0.776856,3.890454,2.103003,2.816637,3.161358,4.114191,2.019238,2.982722,2.976977,3.974855,0.000000
0.797494,0.177019,0.411671,0.258455,0.740870,0.461559,0.500082,0.084558,0.302123,0.794948,1.731722,2.157368,2.380103,1.670867,2.346721,2.014059,2.080886,2.518638,2.137421,0.000000
0.923262,0.696465,0.189654,0.522176,0.524856,0.896554,0.580889,0.466232,0.914680,0.771617,3.191774,2.957841,3.556012,2.584298,2.842718,3.167033,2.664204,3.216346,3.227796,0.000000
0.041240,0.030633,0.418462,0.412014,0.682832,0.959225,0.036195,0.657236,0.797148,0.416150,2.122293,2.153135,1.972716,2.610059,2.746323,1.863321,1.841585,2.548189,3.017968,0.000000
0.009576,0.080555,0.927423,0.200548,0.527843,0.308976,0.110887,0.558259,0.227263,0.991705,1.957848,2.442486,2.274826,2.533713,3.073704,1.159719,2.915623,1.641860,1.866699,0.000000
0.766511,0.542594,0.863685,0.025509,0.004201,0.383491,0.831456,0.201959,0.713087,0.582262,2.574793,2.349783,2.673102,1.941150,1.929277,2.898498,2.854340,1.920877,1.603577,0.000000
0.003631,0.741330,0.046887,0.690620,0.561519,0.594707,0.443883,0.186742,0.099656,0.494540,2.198010,1.595383,2.212679,1.831539,2.186633,1.326139,1.633138,2.212265,1.869486,0.000000
0.515757,0.896661,0.511702,0.199112,0.530454,0.285938,0.448634,0.721994,0.548844,0.918522,2.209573,2.889038,2.921450,2.137091,2.262526,2.758632,2.482471,2.547119,2.097826,0.000000
0.302088,0.331139,0.924478,0.774135,0.943608,0.984110,0.316129,0.239430,0.501202,0.972802,3.590180,3.143022,3.002529,3.332134,5.214140,1.592152,3.415538,2.914884,3.369261,0.000000
0.037608,0.846398,0.051739,0.594403,0.945126,0.575461,0.415881,0.662986,0.095567,0.292411,2.168750,2.617749,2.323955,2.766344,2.587267,1.746258,1.442026,3.110083,2.821018,0.000000
0.112143,0.905276,0.573522,0.959146,0.041953,0.280246,0.868810,0.546508,0.522674,0.742545,3.122767,2.614281,2.896694,2.567329,2.620515,2.738342,3.553751,2.003787,2.382190,0.000000
0.103030,0.028383,0.736323,0.299589,0.483180,0.075911,0.239256,0.652456,0.868205,0.432609,1.597488,2.380753,1.096240,2.697435,1.893496,2.051726,2.348782,1.428706,1.888883,0.000000
0.913865,0.794697,0.898137,0.903583,0.053677,0.295910,0.484348,0.488949,0.201703,0.714924,3.984152,1.992866,2.932466,2.815632,3.067807,2.442292,3.132045,2.488797,2.817552,0.000000
0.504494,0.313165,0.744881,0.661299,0.131221,0.014224,0.910110,0.908179,0.466599,0.749344,2.189889,3.151824,2.163046,2.491310,2.532930,3.159342,3.199794,1.787276,2.116649,0.000000
0.121656,0.283432,0.728835,0.439104,0.336993,0.976739,0.579888,0.465731,0.479326,0.249691,2.809477,1.915153,2.172922,1.922403,2.710875,1.595285,2.178959,2.120469,2.527666,0.000000
0.328943,0.354981,0.336751,0.182057,0.953782,0.079973,0.150818,0.581051,0.743901,0.186235,1.478309,2.690617,1.242319,2.807357,2.097260,2.005387,1.594547,2.107378,2.503172,0.000000
0.278087,0.667416,0.466302,0.353259,0.773866,0.930151,0.178809,0.389832,0.618679,0.816259,2.679138,2.289054,2.760481,2.201339,3.226514,1.822091,2.076926,2.757948,2.804931,0.000000
0.319583,0.697569,0.743692,0.366252,0.444691,0.446962,0.344817,0.992660,0.557343,0.567480,2.343020,2.624414,2.039192,2.563523,2.099956,2.807347,2.069204,2.877970,2.296723,0.000000
0.515897,0.181740,0.665020,0.814515,0.884457,0.836007,0.911894,0.787102,0.650114,0.212087,2.689384,3.349450,2.698249,3.418445,3.155326,3.080849,3.155103,3.058771,3.582999,0.000000
0.364235,0.211805,0.698779,0.534346,0.053868,0.695387,0.556249,0.955107,0.847006,0.499180,2.092909,3.138227,1.915301,2.791876,2.184716,3.086352,2.658797,2.543425,2.355434,0.000000
0.306059,0.011908,0.751090,0.795950,0.077695,0.563036,0.552728,0.600173,0.443435,0.837359,2.183487,2.491774,2.096862,2.388171,2.872421,1.801306,3.069647,1.675614,2.112940,0.000000
0.919540,0.055077,0.213450,0.501306,0.628257,0.049914,0.200543,0.510502,0.664017,0.577968,1.884062,1.963398,1.896580,2.226043,2.085406,2.436443,1.620327,2.256824,2.651956,0.000000
0.272156,0.754729,0.494537,0.546266,0.435227,0.270646,0.252871,0.034722,0.115942,0.430529,2.169163,1.305608,1.879300,1.416914,1.875329,1.546650,1.755868,1.804689,1.298098,0.000000
0.164191,0.241070,0.716447,0.010753,0.355695,0.834793,0.334615,0.900640,0.998660,0.214467,2.240127,3.149562,1.910324,3.210576,1.770634,2.857761,2.823850,2.561707,2.609635,0.000000
0.448961,0.549457,0.128398,0.897902,0.894746,0.187888,0.046364,0.460778,0.990245,0.298811,2.309343,2.811125,1.582674,3.946842,2.704002,2.524804,2.814598,2.190870,2.892248,0.000000
0.473343,0.134277,0.879823,0.172764,0.188039,0.269359,0.953078,0.369543,0.004038,0.281810,1.942548,2.096182,2.220333,1.937259,1.859460,2.357787,2.799643,1.417988,1.474799,0.000000
0.901227,0.228685,0.935589,0.597001,0.416012,0.397617,0.257308,0.986643,0.161357,0.701535,2.936311,2.489647,2.356204,3.090008,2.937284,2.892557,2.456896,3.240378,2.958093,0.000000
0.220768,0.580820,0.871327,0.187646,0.393047,0.049959,0.824510,0.860118,0.392293,0.328054,2.347169,2.645648,1.864022,2.547129,1.932388,2.548588,2.578624,1.799762,2.017337,0.000000
0.296761,0.305102,0.146868,0.881330,0.869458,0.441123,0.890043,0.342460,0.873569,0.679937,2.051405,3.384568,2.333214,3.365409,3.018086,2.781353,3.346075,2.236591,2.723743,0.000000
0.485572,0.809584,0.578982,0.863258,0.315205,0.213203,0.129608,0.197173,0.552308,0.595690,2.817177,1.465991,2.058406,2.097953,2.362234,2.142089,2.416402,1.856927,1.841217,0.000000
0.235741,0.622554,0.058973,0.487041,0.847305,0.519662,0.212285,0.136310,0.555157,0.423382,1.815216,1.870812,1.935971,2.064753,2.312504,1.647368,1.304432,2.400950,2.025063,0.000000
0.004665,0.438066,0.841016,0.732887,0.014185,0.041574,0.325210,0.454808,0.159588,0.166104,2.539027,1.536886,1.244787,2.270057,2.260766,1.123448,2.341293,1.098061,1.666520,0.000000
0.781198,0.583247,0.709843,0.484730,0.745097,0.772726,0.714831,0.462985,0.880779,0.067322,2.848496,2.842137,2.850752,2.914092,2.432314,3.035678,2.864811,2.941632,2.878745,0.000000
0.297857,0.102859,0.660538,0.806165,0.301763,0.384879,0.953313,0.949575,0.501519,0.941956,2.087385,3.770916,2.989381,2.753572,2.919736,3.228814,3.912266,2.274528,2.446022,0.000000
0.983354,0.304935,0.909831,0.486847,0.455459,0.540916,0.986466,0.122214,0.543050,0.360677,3.253225,2.198071,3.537846,2.155469,2.442963,3.241060,3.062488,2.707922,2.450335,0.000000
0.283358,0.231751,0.471150,0.663123,0.721360,0.967201,0.981313,0.147584,0.116975,0.691396,2.622276,2.428531,3.128973,1.982945,3.412210,2.243164,2.954254,2.513267,2.707411,0.000000
0.754131,0.842901,0.526661,0.190992,0.725245,0.054773,0.380130,0.546828,0.336365,0.181826,2.371163,1.918943,2.215219,2.133095,1.682453,2.437099,1.683526,2.563317,2.396662,0.000000
0.557275,0.914566,0.754873,0.197978,0.283165,0.205306,0.343675,0.357475,0.581132,0.254286,2.547682,1.673722,2.229816,1.804583,1.610419,2.591758,1.951205,2.164007,1.543060,0.000000
0.744297,0.071946,0.335599,0.381860,0.493722,0.651468,0.859627,0.282830,0.613656,0.972319,1.648798,3.093834,3.484078,1.728338,2.577645,2.762501,3.111051,2.309390,2.118093,0.000000
0.881581,0.967575,0.675913,0.380237,0.807267,0.172248,0.242152,0.998582,0.940406,0.599418,3.012777,3.542912,2.874422,3.628412,2.474490,4.622535,2.654113,4.378480,3.267336,0.000000
0.817488,0.222380,0.754275,0.981004,0.150028,0.346751,0.469716,0.838277,0.999914,0.317693,3.114951,3.182431,1.994436,4.048676,2.414004,3.415295,3.928754,2.331963,3.257645,0.000000
0.766609,0.221376,0.600014,0.882252,0.933244,0.091291,0.391328,0.208441,0.569205,0.434560,2.532949,2.362762,1.629774,2.948843,3.013515,2.152950,2.535281,2.415558,2.960043,0.000000
0.343135,0.818014,0.891003,0.093183,0.621426,0.751208,0.906393,0.732586,0.728438,0.212641,2.935916,2.924316,3.136133,2.962683,2.247851,3.272702,2.920503,2.836543,2.556544,0.000000
0.958103,0.646909,0.962130,0.719578,0.475089,0.790684,0.823540,0.845447,0.829567,0.664506,4.143395,3.328400,3.678225,3.741801,3.434328,3.829033,3.600801,3.502980,3.601056,0.000000
0.512910,0.359189,0.247627,0.467685,0.017684,0.634259,0.146084,0.670737,0.906622,0.369559,1.720136,2.359835,1.905560,2.449902,1.710669,2.546370,2.002453,1.921909,2.017788,0.000000
0.165294,0.727616,0.459576,0.642147,0.342388,0.968355,0.553645,0.158853,0.346284,0.487855,3.083041,1.681754,2.623887,1.575754,2.816372,1.659493,2.092513,2.370492,2.294053,0.000000
0.551418,0.340764,0.339752,0.657622,0.910943,0.131685,0.183833,0.675428,0.646155,0.802967,1.791876,2.952799,1.750414,2.968491,3.071658,2.187862,2.186295,2.283221,2.722975,0.000000
0.921732,0.666220,0.402107,0.185861,0.968246,0.544390,0.729200,0.463641,0.159442,0.440691,2.587468,2.836932,3.070695,2.418720,2.361758,2.512349,1.978081,3.483411,3.284501,0.000000
0.377310,0.269378,0.584078,0.276244,0.689988,0.691171,0.806905,0.887347,0.697268,0.154333,1.867466,3.090246,2.241463,2.688860,1.902670,3.010258,2.421637,2.776368,2.715490,0.000000
0.137988,0.197208,0.003683,0.192005,0.067425,0.777554,0.662092,0.116716,0.852525,0.164335,1.569879,2.296059,2.011357,1.656576,1.503536,2.155509,1.900190,1.786262,1.591988,0.000000
0.494250,0.892244,0.020113,0.763437,0.892790,0.573682,0.176099,0.711742,0.353290,0.857063,2.475415,2.833557,2.953927,2.969353,3.271750,2.446625,2.041159,3.307913,3.016633,0.000000
0.816881,0.631914,0.451865,0.591462,0.964347,0.874545,0.898667,0.678471,0.305153,0.793900,2.991712,3.618658,3.786560,2.842856,3.671817,2.948423,2.866273,3.652830,3.794979,0.000000
0.865863,0.324328,0.033892,0.043053,0.752385,0.660706,0.784242,0.901300,0.298503,0.259410,2.002798,2.868811,2.794490,2.475402,1.662164,3.100790,1.655905,3.481772,3.317879,0.000000
0.774301,0.447645,0.112951,0.178680,0.078294,0.683550,0.637340,0.220697,0.720351,0.380550,1.962744,2.080816,2.521143,1.501813,1.473370,2.572442,1.739794,2.194584,1.905842,0.000000
0.599050,0.954084,0.318873,0.488383,0.363644,0.983504,0.139742,0.286368,0.805435,0.388533,3.185030,1.773402,3.117991,1.959234,2.617964,3.047785,1.816640,3.161245,2.526496,0.000000
0.466951,0.205543,0.115041,0.565546,0.265225,0.340859,0.174849,0.579149,0.581328,0.553144,1.435362,1.801646,1.537641,1.944604,1.894947,1.923108,1.486506,1.579960,1.794494,0.000000
0.473140,0.078833,0.643525,0.122163,0.700109,0.455075,0.948156,0.919014,0.097465,0.062646,1.561379,2.961885,2.375410,2.521444,1.660264,3.048362,2.544373,2.706741,2.553550,0.000000
0.028944,0.647265,0.367663,0.530841,0.438539,0.839530,0.658790,0.143086,0.767964,0.567444,2.428786,2.252083,2.505698,1.839535,2.372488,2.018658,2.322051,2.207452,1.969266,0.000000
0.223854,0.294057,0.538298,0.400434,0.761258,0.226548,0.952542,0.964979,0.935405,0.310145,1.651227,3.967101,2.150365,3.419494,2.022344,3.832416,3.235238,2.661493,2.568927,0.000000
0.974477,0.861454,0.891875,0.529375,0.649326,0.738728,0.440660,0.712694,0.910790,0.847844,3.981792,3.336286,3.882013,3.535115,3.374712,3.621995,3.377883,3.820309,3.480781,0.000000
0.402601,0.501211,0.164450,0.818248,0.363544,0.750751,0.124911,0.149011,0.796047,0.288068,2.404350,1.664800,2.069447,2.230701,2.188505,2.070364,2.054445,2.011353,2.097388,0.000000
0.030313,0.639708,0.462453,0.883710,0.940437,0.558861,0.898324,0.067415,0.518644,0.268670,2.641245,2.783200,2.620742,2.735470,2.887888,2.131390,3.002304,2.610777,2.665333,0.000000
0.846560,0.887932,0.538643,0.741595,0.774041,0.900758,0.090796,0.048698,0.170738,0.776610,3.679031,1.739758,3.578446,2.101880,3.485636,2.428414,2.318640,3.728208,3.116590,0.000000
0.707224,0.322016,0.028168,0.649442,0.084582,0.961807,0.023731,0.458422,0.041412,0.793905,2.629412,1.631216,2.734617,1.739497,3.103409,1.756578,1.699908,2.353689,2.721016,0.000000
0.922432,0.669678,0.405528,0.642469,0.788428,0.922259,0.687674,0.511065,0.037695,0.422955,3.490613,2.285573,3.392772,2.408842,3.005718,2.451958,2.175615,3.564744,3.750579,0.000000
0.261304,0.268938,0.176627,0.284413,0.123757,0.237489,0.920622,0.012521,0.283078,0.089402,1.327541,1.943556,2.045996,1.057436,1.296030,2.123112,2.049060,1.275878,1.047754,0.000000
0.791648,0.867976,0.058591,0.974274,0.491784,0.145111,0.551930,0.385862,0.348576,0.233958,3.107570,1.774935,2.488123,2.567267,2.148025,2.596104,2.296148,2.459233,2.901349,0.000000
0.951607,0.568344,0.508817,0.756391,0.426515,0.809901,0.190153,0.972428,0.455177,0.738243,3.470597,2.541217,3.215237,2.664125,2.794476,3.119158,2.294295,3.827422,3.753211,0.000000
0.087755,0.349225,0.808949,0.232791,0.908535,0.211798,0.083725,0.219443,0.783430,0.203677,2.018257,2.233467,1.334832,2.780621,2.452877,1.709618,2.125416,2.053293,2.055123,0.000000
0.708893,0.571969,0.382337,0.677736,0.373449,0.459125,0.120431,0.215902,0.450672,0.977375,2.252909,2.178367,3.034602,1.716090,2.726851,1.977133,2.639259,2.062324,1.847672,0.000000
0.027286,0.013973,0.487344,0.486876,0.386995,0.607494,0.142371,0.245519,0.307519,0.506470,1.503087,1.306211,1.641445,1.547131,1.940493,1.128373,1.691575,1.758171,1.646838,0.000000
0.601999,0.866500,0.830192,0.156689,0.598917,0.526581,0.314522,0.504036,0.246199,0.630934,2.715517,1.819023,2.605336,2.264617,2.285109,2.246743,2.092333,2.699713,2.140181,0.000000
0.802251,0.263355,0.192915,0.777996,0.487572,0.654951,0.248722,0.397861,0.800587,0.339015,2.287797,1.960907,2.248945,2.517562,2.130736,2.484901,2.067774,2.423790,2.615792,0.000000
0.628360,0.064023,0.110706,0.203218,0.502224,0.471345,0.518052,0.695500,0.368070,0.010568,1.231988,2.083587,1.795569,1.974491,1.353420,2.136854,1.394231,2.134426,2.208687,0.000000
0.078944,0.168048,0.366186,0.261508,0.989583,0.931787,0.957883,0.956792,0.086080,0.006023,2.073845,3.822961,2.802400,2.960589,2.950996,2.803436,2.301615,3.714192,3.746331,0.000000
0.272192,0.101549,0.944508,0.988456,0.145299,0.177669,0.813457,0.581069,0.943649,0.034072,2.961902,2.991459,1.646011,4.112564,2.788697,2.814953,4.320249,1.285296,2.556876,0.000000
0.337860,0.835231,0.147941,0.101913,0.064001,0.103999,0.726297,0.569951,0.886345,0.289991,1.862695,2.754532,2.120491,2.192354,1.186761,3.018592,2.230611,1.693466,1.588213,0.000000
0.664445,0.606545,0.324313,0.279405,0.287601,0.037050,0.523058,0.413656,0.024852,0.313837,1.863045,1.705853,1.776186,1.521771,1.412750,1.919540,1.629416,1.560567,1.693035,0.000000
0.861273,0.954025,0.867251,0.504639,0.260656,0.408186,0.802181,0.498489,0.950505,0.753941,3.336340,3.233728,3.614925,3.001777,2.667797,4.132992,3.738206,2.974191,2.217423,0.000000
0.505465,0.161355,0.106671,0.405151,0.346096,0.064282,0.707207,0.118876,0.616988,0.249299,1.272251,1.965037,1.470565,1.450089,1.508888,2.240151,1.766589,1.313909,1.315117,0.000000
0.835264,0.756553,0.710533,0.605207,0.377238,0.347592,0.515846,0.175554,0.220889,0.093291,2.904235,1.565158,2.573515,1.723017,1.927549,2.270126,2.198904,2.400414,1.927790,0.000000
0.929951,0.394920,0.043655,0.255642,0.795627,0.618758,0.695724,0.051569,0.440536,0.934191,2.255621,2.864330,3.524744,1.738963,2.722708,2.470389,2.322616,3.080334,2.670476,0.000000
0.849670,0.193612,0.529630,0.744875,0.808736,0.485949,0.815384,0.020954,0.717362,0.655826,2.386015,2.715943,2.700195,2.394789,2.809723,2.906660,2.982733,2.754818,2.540266,0.000000
0.779615,0.548899,0.673498,0.597336,0.293853,0.959573,0.265723,0.979526,0.820037,0.781331,3.351474,3.151512,3.030887,2.869788,3.252501,3.441250,2.700749,3.512286,3.394899,0.000000
0.559778,0.469397,0.077260,0.764090,0.695517,0.988802,0.903395,0.233011,0.949442,0.620739,2.932388,3.124778,3.142759,2.975451,3.431145,3.224233,3.259462,2.697187,3.042174,0.000000
0.991196,0.594682,0.603388,0.124947,0.222886,0.478668,0.773535,0.098880,0.147970,0.184164,2.969957,1.788252,3.164377,1.230968,1.327616,2.550410,2.204915,2.627242,2.223510,0.000000
0.343056,0.151243,0.180172,0.286053,0.503762,0.003266,0.221386,0.572970,0.486127,0.441175,1.211863,1.734888,1.085629,1.906190,1.609586,1.698082,1.317622,1.359692,1.842512,0.000000
0.465025,0.459940,0.907074,0.487365,0.028945,0.685491,0.308442,0.181778,0.346815,0.698626,2.641035,1.621420,2.173074,1.926908,2.803799,1.636324,2.361209,1.831839,1.578986,0.000000
0.176403,0.912149,0.123199,0.328240,0.781673,0.102545,0.944926,0.710652,0.241246,0.017139,1.962973,2.755820,2.737294,2.360446,1.806388,2.964799,2.052266,2.592550,2.327522,0.000000
0.420848,0.937719,0.562804,0.624437,0.049792,0.819869,0.173742,0.498326,0.924991,0.695512,2.962983,2.447501,2.937385,2.532817,2.579070,3.068408,2.747625,2.700813,2.178217,0.000000
0.168352,0.726696,0.068070,0.903855,0.841027,0.144318,0.247074,0.952594,0.455582,0.346772,2.470307,2.684305,1.685917,3.441411,2.619072,2.417088,1.901611,2.919696,3.266977,0.000000
0.289839,0.299724,0.230852,0.378838,0.556759,0.101806,0.567109,0.063878,0.945610,0.628395,1.409540,2.626161,1.417409,2.228440,1.949153,2.368843,2.518833,1.444206,1.389774,0.000000
0.705621,0.733345,0.302702,0.578427,0.478328,0.906306,0.837850,0.731577,0.525155,0.484643,2.868110,2.598094,3.314960,2.232504,2.542609,3.068117,2.293334,2.985212,3.017461,0.000000
0.360659,0.726202,0.053696,0.445135,0.248269,0.097632,0.224670,0.371923,0.374404,0.772981,1.823479,1.773428,1.950419,1.541413,2.057954,1.733282,1.556736,1.491417,1.468888,0.000000
0.068241,0.534728,0.633700,0.167257,0.421355,0.189502,0.200956,0.615054,0.322765,0.137545,1.942274,1.626511,1.477434,1.910318,1.422490,1.367357,1.682623,1.537135,1.799552,0.000000
0.170526,0.932290,0.498533,0.343600,0.970744,0.081327,0.306913,0.840656,0.133573,0.638936,2.221578,3.044688,2.070807,2.854678,2.728385,2.421001,1.799996,3.203923,2.789172,0.000000
0.572733,0.839715,0.433884,0.585468,0.630097,0.459240,0.941996,0.795409,0.685131,0.208771,2.334758,2.997494,3.140030,2.628831,1.935083,3.695805,2.674787,2.859711,2.465672,0.000000
0.858147,0.888780,0.657285,0.007716,0.086546,0.766586,0.644920,0.670106,0.713748,0.705506,3.131521,2.705320,3.536244,2.059801,1.957478,3.392047,2.506188,3.165137,2.670392,0.000000
0.885441,0.280683,0.708924,0.182231,0.015679,0.774196,0.024404,0.663404,0.489490,0.219569,2.692812,1.584115,2.547679,1.906170,1.761159,2.320490,1.745996,2.603335,2.742552,0.000000
0.726355,0.204294,0.981187,0.828028,0.611380,0.398477,0.316851,0.161945,0.553008,0.449377,2.962138,1.638396,1.851836,3.106386,3.195386,2.065027,2.741802,2.157335,2.266602,0.000000
0.623919,0.306154,0.157657,0.974193,0.414205,0.957313,0.090364,0.523247,0.839090,0.021457,3.189992,1.967125,2.293987,3.115187,2.850359,2.406379,2.506334,2.419763,3.601130,0.000000
0.800933,0.637597,0.176431,0.678446,0.996654,0.748301,0.748166,0.494611,0.858828,0.142100,2.624151,3.610054,2.982005,3.344414,2.924232,3.122528,2.516101,3.450283,3.462199,0.000000
0.689150,0.829041,0.912231,0.879583,0.495007,0.300672,0.437107,0.605740,0.171340,0.048866,3.505326,1.838785,2.351783,3.163858,2.698220,2.328287,2.783952,2.426946,2.629995,0.000000
0.968648,0.416423,0.658637,0.171783,0.665745,0.427251,0.763177,0.434759,0.788686,0.323774,2.741384,2.584544,2.852315,2.393906,1.774103,3.083426,2.562289,2.824933,2.836485,0.000000
0.614108,0.086323,0.754081,0.322586,0.954645,0.963751,0.666738,0.708448,0.947188,0.893303,2.638571,4.448093,2.969263,3.702100,4.145364,3.059572,3.631376,3.285210,3.660661,0.000000
0.061674,0.628119,0.218393,0.750572,0.487302,0.024898,0.691885,0.137878,0.871627,0.400783,2.098658,2.426379,1.659165,2.375875,2.029191,2.250749,2.648840,1.418303,1.613582,0.000000
0.095772,0.491103,0.630193,0.160914,0.522710,0.147299,0.079830,0.078107,0.975990,0.393863,1.892891,2.078702,1.398878,2.362258,1.616652,2.077441,2.550373,1.479575,1.354722,0.000000
0.187653,0.378775,0.720847,0.986830,0.330702,0.633110,0.860305,0.029515,0.835897,0.996916,3.020299,3.436913,3.315648,2.782733,3.388561,2.530908,4.817797,1.769666,2.329747,0.000000
0.239796,0.034779,0.334484,0.322407,0.117668,0.554563,0.493447,0.001542,0.235838,0.526269,1.275546,1.583295,1.669217,1.056181,1.665964,1.415565,1.688922,1.582199,1.192729,0.000000
0.360085,0.323363,0.344250,0.995069,0.609520,0.788642,0.316432,0.884602,0.528089,0.166107,2.820033,2.331114,1.950047,3.324003,2.568220,2.286520,2.471491,2.759455,3.739014,0.000000
0.107248,0.189276,0.651353,0.202967,0.135146,0.664679,0.614339,0.282147,0.971488,0.411667,1.817099,2.639590,1.856001,2.316752,1.684638,2.289477,2.931187,1.687249,1.594543,0.000000
0.945765,0.560089,0.012290,0.249547,0.275707,0.463769,0.123107,0.325421,0.626578,0.136325,2.378729,1.476938,2.623707,1.571110,1.310543,2.406562,1.139908,2.487801,2.302232,0.000000
0.504411,0.912572,0.359011,0.186757,0.448201,0.972751,0.619106,0.174341,0.302791,0.259615,2.976007,1.699891,3.081968,1.396109,2.231787,2.467215,1.755905,2.995668,2.360648,0.000000
0.585208,0.343321,0.057711,0.629660,0.617006,0.082410,0.702915,0.146261,0.633382,0.619358,1.664976,2.214978,1.735959,1.937541,2.248172,2.338911,2.050531,1.677483,1.743779,0.000000
0.020616,0.118332,0.670553,0.964958,0.432309,0.570713,0.575120,0.603844,0.031883,0.296351,2.572578,1.962593,1.696415,2.824822,2.396301,1.344838,2.907545,1.838092,2.813273,0.000000
0.192002,0.814547,0.518956,0.842063,0.345577,0.015384,0.654582,0.962987,0.305999,0.000429,2.681205,2.615508,1.869542,2.725900,1.955864,2.784655,2.547198,2.410238,2.507146,0.000000
0.798772,0.596555,0.067807,0.327041,0.865373,0.617094,0.268537,0.125431,0.860822,0.318078,2.106316,2.417696,2.491073,2.458385,2.165775,2.634952,1.657814,3.002290,2.520126,0.000000
0.844169,0.917282,0.229722,0.091886,0.318234,0.078624,0.423943,0.565691,0.878714,0.690302,2.399561,2.652771,2.710650,2.264578,1.603419,3.444309,2.161181,2.547362,2.175285,0.000000
0.754639,0.286193,0.170612,0.146892,0.539069,0.063588,0.075045,0.350343,0.714026,0.820614,1.563222,2.060819,1.947407,1.904183,1.977798,2.281880,1.818487,1.795922,1.965571,0.000000
0.281261,0.178692,0.700663,0.536954,0.137158,0.187785,0.302469,0.842435,0.350959,0.808389,1.827438,2.482496,1.595559,2.200101,2.434271,1.935958,2.379341,1.654176,1.918763,0.000000
0.575903,0.684889,0.266379,0.210472,0.128791,0.496631,0.495946,0.900976,0.555602,0.563712,1.889353,2.580229,2.274131,2.023520,1.565626,2.816227,1.675588,2.517953,2.150468,0.000000
0.448942,0.792176,0.443252,0.581787,0.490671,0.818972,0.767658,0.183682,0.702559,0.576219,2.653664,2.286858,2.947796,1.882102,2.438971,2.708017,2.510880,2.544233,2.081012,0.000000
0.894722,0.937272,0.395551,0.362202,0.594236,0.073202,0.738616,0.364046,0.676405,0.083690,2.714654,2.254761,2.965562,1.983690,1.603522,3.496078,2.130261,2.920684,2.364631,0.000000
0.353309,0.365763,0.736947,0.790900,0.525530,0.737402,0.839514,0.441628,0.977553,0.864548,2.704761,3.567467,2.895005,3.343089,3.196465,2.945181,4.387822,2.092383,2.443825,0.000000
0.652814,0.615281,0.690960,0.699613,0.844731,0.732674,0.181259,0.155411,0.368498,0.069197,2.841867,1.685595,2.390532,2.387346,2.746243,1.883323,2.073064,2.867857,2.611512,0.000000
0.950274,0.271813,0.372835,0.764192,0.141762,0.640670,0.477992,0.824120,0.325544,0.701378,2.800473,2.433721,2.794602,2.308932,2.386231,2.628225,2.293244,2.904491,3.183255,0.000000
0.959734,0.033436,0.481062,0.349467,0.294774,0.216337,0.389159,0.039358,0.939632,0.162146,2.123970,2.223234,2.124504,1.974219,1.455401,2.901581,2.408346,2.187231,1.989993,0.000000
0.019923,0.846455,0.197509,0.589824,0.258673,0.655783,0.857239,0.204536,0.201456,0.235552,2.275605,1.911487,2.913021,1.478591,1.785423,2.126738,2.140974,2.236413,1.624855,0.000000
0.224881,0.764688,0.582395,0.549857,0.967289,0.300895,0.984809,0.701204,0.122650,0.252228,2.278889,3.329187,2.838642,2.870324,2.636028,2.698265,2.722563,2.759365,2.716914,0.000000
0.405030,0.851315,0.368117,0.698523,0.111373,0.406551,0.529781,0.437863,0.772868,0.639760,2.365877,2.350696,2.383680,2.154656,2.138667,2.634953,2.432896,2.026738,1.710679,0.000000
0.733292,0.512133,0.572418,0.219545,0.793858,0.069803,0.527687,0.979436,0.533005,0.253632,2.062426,2.957836,1.804974,2.762395,1.891537,3.119799,1.908610,3.064432,2.899637,0.000000
0.165746,0.836151,0.380690,0.194815,0.350474,0.733444,0.273555,0.850816,0.111396,0.420943,2.277974,2.035510,2.455962,1.989191,1.648305,2.131356,1.494331,2.795476,2.369232,0.000000
0.093044,0.652076,0.461942,0.733164,0.877704,0.861719,0.170268,0.104129,0.791216,0.579740,2.810966,2.310276,2.354058,2.681530,3.266098,1.842015,2.308074,2.813699,2.726285,0.000000
0.319352,0.938869,0.118214,0.614265,0.872883,0.845687,0.620379,0.002745,0.582884,0.562482,2.699432,2.425259,2.964161,2.111902,3.028481,2.627370,1.902244,3.417180,2.467350,0.000000
0.180268,0.495518,0.388755,0.137973,0.409477,0.504335,0.498875,0.763942,0.973307,0.443366,1.714161,3.054675,1.834802,2.840548,1.458673,2.622225,2.552372,1.998351,2.060999,0.000000
0.279443,0.093559,0.230170,0.239480,0.423857,0.340777,0.354427,0.229216,0.645867,0.219774,1.175462,1.692400,1.387644,1.597260,1.371330,1.743877,1.484243,1.542962,1.455330,0.000000
0.518763,0.620030,0.854184,0.374156,0.036052,0.755064,0.907819,0.742355,0.244575,0.971508,2.764648,3.364349,3.823735,2.254345,3.095816,2.722081,3.622383,2.269216,2.253889,0.000000
0.103687,0.092146,0.521343,0.788113,0.142109,0.069528,0.091639,0.418622,0.555284,0.315312,1.853494,1.448042,1.082321,2.061919,1.964280,1.443514,2.081932,1.103766,1.743317,0.000000
0.190833,0.480164,0.122788,0.156168,0.181482,0.088172,0.849255,0.179111,0.643790,0.223562,1.499363,2.150860,1.846417,1.387665,1.212358,2.244364,1.960921,1.181399,1.214151,0.000000
0.311180,0.258792,0.788464,0.071804,0.802469,0.929937,0.229855,0.295805,0.192940,0.478143,2.631604,1.709574,2.054825,2.246243,2.899112,1.369367,1.894202,2.610776,2.753333,0.000000
0.642485,0.561068,0.227339,0.428806,0.076184,0.254182,0.245253,0.731672,0.300744,0.533434,1.805247,1.888771,1.880998,1.825110,1.717533,2.089877,1.449765,1.833984,1.938789,0.000000
0.422292,0.761908,0.636295,0.375267,0.296893,0.074263,0.087601,0.615947,0.637279,0.319834,2.233086,1.738577,1.733480,2.026178,1.667653,2.229778,1.812391,1.663358,1.743746,0.000000
0.936874,0.301010,0.013733,0.166605,0.750558,0.720933,0.990219,0.605608,0.281536,0.492873,2.297738,2.676497,3.624396,2.179853,2.027095,3.124065,2.059671,3.196268,3.314190,0.000000
0.395430,0.276954,0.136052,0.610407,0.754317,0.647505,0.625191,0.954288,0.530157,0.113614,1.708349,2.929247,1.938834,2.829764,2.166680,2.751803,1.796400,3.075618,2.903950,0.000000
0.058470,0.559646,0.535784,0.976515,0.661436,0.054798,0.556242,0.624820,0.339202,0.628547,2.777908,2.268354,1.562037,3.050896,2.743370,1.552944,2.936949,1.685822,2.950458,0.000000
0.210142,0.879659,0.866501,0.211142,0.706666,0.979439,0.822848,0.930164,0.678702,0.629330,3.560564,3.333776,3.319673,3.139618,3.425166,3.503202,2.853865,3.783165,3.371488,0.000000
0.337702,0.964036,0.577504,0.009280,0.673922,0.012648,0.484859,0.911076,0.479476,0.853190,2.301939,3.094046,2.487884,2.482337,2.154518,3.203240,2.367820,2.996782,2.378255,0.000000
0.821297,0.960169,0.552066,0.653043,0.210592,0.769092,0.468648,0.154282,0.384437,0.089572,3.267001,1.549747,3.293248,1.550255,2.032380,2.888677,2.058659,3.217461,2.227309,0.000000
0.769639,0.276854,0.197171,0.563680,0.702217,0.526562,0.469623,0.779126,0.349219,0.625497,1.841752,2.443070,2.203488,2.466505,2.343187,2.365285,1.755085,2.768539,2.826010,0.000000
0.012825,0.608429,0.086330,0.193069,0.268897,0.558345,0.301570,0.727744,0.408812,0.502183,1.720267,1.964510,1.968743,1.835183,1.519020,1.571244,1.259489,1.971814,1.974382,0.000000
0.116651,0.830509,0.642970,0.329431,0.924784,0.250736,0.196618,0.340355,0.540017,0.958568,2.283645,2.990625,2.752873,2.426261,3.211082,1.824403,2.607594,2.587865,2.215409,0.000000
0.840933,0.737964,0.090301,0.421050,0.393355,0.703092,0.085398,0.802432,0.000374,0.081512,2.485675,1.738756,2.842422,2.031810,1.660439,2.475024,1.172283,3.081772,2.818046,0.000000
0.454743,0.591821,0.799958,0.537535,0.097903,0.739008,0.392402,0.802688,0.329219,0.637681,2.704779,2.237756,2.312450,2.306932,2.575043,2.111286,2.278477,2.298529,2.303511,0.000000
0.118169,0.239920,0.143816,0.610962,0.247845,0.799499,0.103593,0.368316,0.979927,0.462890,1.897259,2.227078,1.880078,2.579955,2.167537,2.098736,2.332100,1.872668,2.026105,0.000000
0.212802,0.136659,0.916881,0.376904,0.210476,0.469369,0.261140,0.834086,0.639089,0.669360,2.079843,2.419022,1.636702,2.746731,2.563779,2.123091,2.345971,1.927352,1.991449,0.000000
0.311196,0.012455,0.663792,0.292820,0.365131,0.905538,0.944788,0.539781,0.819697,0.717035,2.153498,3.057735,2.922146,2.278534,2.658664,2.911331,3.215916,2.114819,2.427172,0.000000
0.560234,0.946911,0.116960,0.852786,0.353150,0.169224,0.261550,0.762251,0.602572,0.401714,2.636781,2.092900,2.256841,2.639007,2.058529,3.040091,1.911034,2.531067,2.441345,0.000000
0.285827,0.477848,0.294852,0.895908,0.487304,0.824350,0.992975,0.312240,0.277194,0.172109,2.747589,2.140124,3.048386,2.276941,2.429485,2.376157,3.002469,2.140273,2.693759,0.000000
0.915581,0.332099,0.587105,0.981914,0.177384,0.642605,0.498245,0.445299,0.133259,0.047848,3.437432,1.699083,2.582042,2.493553,2.218175,2.100386,2.782118,2.471263,3.357632,0.000000
0.452943,0.190194,0.585930,0.678366,0.654880,0.298833,0.019560,0.986450,0.051448,0.181633,1.872717,2.114318,1.428129,2.796556,2.112461,2.402736,1.899572,2.755994,2.627748,0.000000
0.832657,0.809618,0.772864,0.692106,0.459341,0.645722,0.934373,0.720446,0.862024,0.363335,3.312566,3.131849,3.647051,3.090894,2.390089,4.008761,3.470859,3.057760,2.840173,0.000000
0.878050,0.042581,0.070023,0.736195,0.814848,0.978671,0.581263,0.026320,0.373716,0.536965,2.885772,2.076524,2.816229,2.108810,3.463398,2.214103,1.897319,3.319602,3.438315,0.000000
0.768885,0.680765,0.264129,0.814658,0.777971,0.425813,0.131420,0.041845,0.263843,0.439953,2.592792,1.473985,2.360588,2.193877,2.497942,1.986984,1.860806,2.700383,2.432610,0.000000
0.805691,0.530447,0.839267,0.147381,0.445404,0.512129,0.543363,0.296897,0.766901,0.286739,2.646308,2.106843,2.405614,2.260780,1.849327,2.604018,2.409747,2.314996,2.051051,0.000000
0.081113,0.354628,0.912296,0.821136,0.020421,0.905565,0.437148,0.308661,0.351257,0.999182,3.413056,2.572489,3.064293,2.509907,4.121177,1.302718,3.659134,1.925133,2.425042,0.000000
0.139931,0.381322,0.257649,0.265095,0.322334,0.491337,0.399458,0.962918,0.904630,0.313393,1.524668,3.080104,1.667968,2.756288,1.429842,2.889809,2.051328,2.446959,2.187125,0.000000
0.411568,0.379728,0.285590,0.039852,0.608382,0.071149,0.508916,0.552360,0.691161,0.478918,1.473187,2.280141,1.377330,2.152653,1.501048,2.122062,1.754980,1.583202,1.951542,0.000000
0.098642,0.266396,0.177679,0.202492,0.941280,0.254476,0.701222,0.256613,0.210866,0.713359,1.310471,2.774322,1.752914,2.153078,2.547418,1.493584,1.937070,2.147593,2.159536,0.000000
0.016496,0.413956,0.519034,0.681046,0.353683,0.632610,0.762702,0.121614,0.587362,0.681697,2.159394,2.201619,2.289583,1.719280,2.363890,1.817539,2.702498,1.787097,1.646388,0.000000
0.905769,0.389363,0.186390,0.962339,0.340111,0.320148,0.059820,0.848042,0.845931,0.874504,2.935486,2.973747,2.726328,3.367243,2.771009,3.147743,3.099228,2.640531,3.494969,0.000000
0.465080,0.136427,0.236880,0.011369,0.265451,0.886771,0.238697,0.594181,0.962769,0.424601,1.832666,2.517984,2.023027,2.524583,1.761857,2.530297,2.153562,2.132240,2.408754,0.000000
0.431498,0.441852,0.315019,0.238646,0.764635,0.142822,0.943351,0.624799,0.904763,0.071066,1.570056,3.335766,2.210339,2.896260,1.700661,3.258826,2.824828,1.941161,2.247821,0.000000
0.589160,0.077568,0.275495,0.838965,0.376996,0.773674,0.733124,0.064212,0.138844,0.237356,2.173255,1.750713,2.273822,1.798812,2.231843,2.002490,2.406707,2.120340,2.205564,0.000000
0.879700,0.299988,0.373017,0.753549,0.628425,0.944844,0.860534,0.308936,0.949777,0.776169,3.190822,3.273687,3.545676,2.952709,3.376532,3.430557,3.677233,3.031449,3.389194,0.000000
0.465254,0.775453,0.020664,0.456050,0.901554,0.324526,0.989510,0.400766,0.650735,0.004711,1.903621,3.021287,2.985258,2.487731,2.192455,3.163765,2.211331,2.609968,2.314326,0.000000
0.565713,0.466839,0.911830,0.337356,0.603760,0.726826,0.580255,0.693644,0.526641,0.686882,2.673684,2.510291,2.392076,2.803821,2.923373,2.292104,2.550033,2.480473,2.548925,0.000000
0.136737,0.003740,0.726635,0.778704,0.465800,0.085304,0.883791,0.138707,0.775279,0.767799,2.004029,2.738474,1.964803,2.391711,2.748070,2.428483,3.607526,1.304882,1.642974,0.000000
0.688446,0.527064,0.207511,0.294812,0.883521,0.850144,0.941913,0.257140,0.118282,0.508441,2.272759,2.614892,3.275338,2.063953,2.688946,2.583148,2.187186,3.035344,2.879051,0.000000
0.851220,0.103792,0.675852,0.684307,0.338257,0.681264,0.574233,0.394433,0.716406,0.644117,2.543319,2.274055,2.528413,2.233720,2.493290,2.578023,2.686881,2.422118,2.500106,0.000000
0.385502,0.367290,0.640164,0.693178,0.185742,0.866073,0.609457,0.098729,0.050243,0.986445,2.681307,2.566423,3.130267,1.573816,3.327877,1.621181,3.291542,1.976071,1.964979,0.000000
0.372213,0.239390,0.854189,0.827215,0.261998,0.505582,0.072013,0.095731,0.521642,0.103302,2.607561,1.224470,1.614496,2.259215,2.421277,1.645567,2.464163,1.629085,1.700140,0.000000
0.361744,0.692508,0.917777,0.964827,0.164851,0.381918,0.515261,0.019706,0.723084,0.725708,3.460442,2.171198,2.180594,2.869561,3.213578,2.180661,3.556452,1.686417,1.955791,0.000000
0.212810,0.092851,0.542511,0.632978,0.386402,0.893418,0.826553,0.260044,0.282481,0.119000,2.278332,1.925531,2.378450,1.716321,2.360665,1.861879,2.481311,2.053625,2.226134,0.000000
0.902266,0.627707,0.756512,0.077554,0.728541,0.916873,0.764440,0.968855,0.368303,0.340439,3.505147,2.971756,3.391468,2.766280,2.555639,3.463199,2.361556,4.191092,3.933137,0.000000
0.528082,0.619616,0.935606,0.671127,0.467968,0.344629,0.153907,0.475257,0.271297,0.657627,2.852432,1.609221,1.999378,2.718863,2.977196,1.747677,2.450079,1.882533,1.949103,0.000000
0.226506,0.822172,0.281017,0.110691,0.123935,0.092554,0.324221,0.746157,0.612459,0.537254,1.903168,2.194050,1.835952,1.905330,1.407479,2.321339,1.556981,1.807751,1.764958,0.000000
0.200687,0.461361,0.764053,0.530521,0.379646,0.961916,0.287538,0.310867,0.875021,0.810808,3.050929,2.494220,2.540109,2.450940,3.406989,2.020363,2.941206,2.162340,2.388691,0.000000
0.010985,0.383787,0.968878,0.983315,0.756286,0.150753,0.366779,0.200695,0.108706,0.383967,3.273805,1.677495,1.324491,3.577360,3.444601,1.082092,3.075932,1.744744,2.695404,0.000000
0.415724,0.128618,0.473619,0.604989,0.698938,0.016641,0.867759,0.200922,0.298228,0.947616,1.586783,2.907814,2.436172,1.942610,2.894724,2.159758,3.256780,1.577604,1.800356,0.000000
0.943037,0.964314,0.513373,0.734759,0.672977,0.534830,0.070845,0.212779,0.097527,0.198824,3.452197,1.256649,3.303727,2.098101,2.192299,2.788813,1.916639,3.691541,2.823701,0.000000
0.216898,0.648098,0.729994,0.334397,0.889030,0.182289,0.540203,0.368421,0.716476,0.355789,2.219967,2.615126,1.703383,2.667003,2.447825,2.020642,2.264033,2.166081,2.171248,0.000000
0.464289,0.515978,0.429694,0.960236,0.311043,0.828529,0.155393,0.911050,0.423838,0.412067,3.078805,2.093285,2.207310,2.940104,2.584644,2.373172,2.381738,2.723881,3.439391,0.000000
0.830603,0.925330,0.845636,0.920507,0.526963,0.566306,0.583330,0.772020,0.867556,0.788185,3.918592,3.258883,3.415550,3.828603,3.257687,3.815380,3.843278,3.424419,3.368187,0.000000
0.807834,0.050007,0.913456,0.927415,0.439519,0.025398,0.262108,0.290882,0.435461,0.944483,3.026120,2.241445,2.311380,2.953659,3.600595,2.022627,3.591232,1.747854,2.596031,0.000000
0.444400,0.387017,0.678529,0.383196,0.645860,0.353906,0.056975,0.494907,0.025310,0.390986,1.936706,1.437675,1.600601,2.112138,2.022998,1.513901,1.761412,1.910931,2.003634,0.000000
0.300222,0.538528,0.884493,0.376894,0.381939,0.931464,0.943285,0.901280,0.419082,0.628990,3.129605,2.993844,3.138708,2.672885,3.141456,3.020311,2.997266,2.783211,2.871047,0.000000
0.983330,0.449714,0.917866,0.268697,0.215700,0.858143,0.299779,0.233168,0.037470,0.809137,3.773271,1.783302,3.366105,1.950568,3.108573,2.033024,2.455768,2.897079,2.848008,0.000000
0.843702,0.406759,0.894614,0.457040,0.124076,0.981340,0.341865,0.354249,0.875018,0.342112,3.657494,2.151049,2.765714,2.624374,3.126641,2.676197,2.633615,2.630264,2.841351,0.000000
0.114125,0.796904,0.465193,0.273152,0.097791,0.160220,0.097538,0.777521,0.918541,0.734799,2.034368,2.768600,2.011064,2.541110,1.860953,2.645627,2.440484,1.858725,1.792887,0.000000
0.257484,0.884385,0.341501,0.559874,0.593015,0.399386,0.083251,0.491972,0.733304,0.266526,2.203080,1.797995,2.199986,2.312939,1.863217,2.395388,1.741016,2.408682,1.966752,0.000000
0.966108,0.548198,0.336872,0.623278,0.694509,0.990746,0.466137,0.455750,0.935847,0.100319,3.708948,2.655151,3.240221,2.951603,2.935789,3.035854,2.514220,3.484796,3.875818,0.000000
0.362785,0.323357,0.033114,0.057968,0.516948,0.110662,0.040833,0.455933,0.938115,0.020985,1.331083,2.111223,1.262972,2.497869,1.196574,2.289660,1.761552,1.456279,1.741846,0.000000
0.796497,0.752144,0.425445,0.597542,0.522273,0.440234,0.350400,0.086689,0.104987,0.844609,2.504632,1.906819,2.956145,1.586874,2.502663,2.091314,2.270482,2.538352,1.923431,0.000000
0.401723,0.345762,0.000984,0.233631,0.325189,0.966223,0.878853,0.397630,0.861607,0.597624,2.240561,2.807786,2.823412,2.067238,2.467317,2.852840,2.388516,2.161034,2.432170,0.000000
0.013133,0.381128,0.213529,0.476136,0.138368,0.002531,0.618645,0.738815,0.921428,0.746528,1.534665,3.257451,1.526130,2.587198,2.038168,2.404922,2.678994,1.262908,1.782431,0.000000
0.668363,0.028902,0.642142,0.507022,0.000957,0.886056,0.985726,0.959426,0.212958,0.326107,2.321332,2.927190,3.133255,2.201007,2.329538,3.518814,2.755885,2.997557,2.888119,0.000000
0.908145,0.123670,0.597558,0.214764,0.988381,0.411314,0.761707,0.798105,0.849039,0.192798,2.136970,3.955344,2.512477,3.380747,2.356757,3.476715,2.630245,3.461234,3.525220,0.000000
0.938296,0.023542,0.396410,0.342179,0.603471,0.764609,0.560753,0.434639,0.308962,0.691694,2.289813,2.088098,2.848447,1.857783,2.326419,2.245766,1.982639,2.970374,3.025623,0.000000
0.936264,0.029091,0.212978,0.191992,0.764283,0.985936,0.115801,0.923574,0.946146,0.640761,2.745885,3.245123,2.915698,3.316588,2.982696,3.560602,2.160250,4.062771,4.234776,0.000000
0.052190,0.057050,0.212584,0.498300,0.531144,0.398533,0.449116,0.138926,0.681882,0.669864,1.251198,2.029086,1.577490,1.761394,2.108956,1.608115,1.886782,1.680852,1.515069,0.000000
0.591663,0.983744,0.329877,0.559092,0.406544,0.548465,0.897104,0.651993,0.980375,0.172563,2.430321,3.276463,3.371188,2.919720,1.717534,4.376809,3.215973,2.975227,2.159431,0.000000
0.584880,0.459696,0.655210,0.073037,0.753635,0.920722,0.657671,0.702756,0.742865,0.585973,2.676473,2.922497,2.588290,2.696402,2.690410,2.685624,2.432260,2.904826,3.168267,0.000000
0.677436,0.119627,0.945187,0.197926,0.289561,0.200561,0.600472,0.507214,0.275130,0.201780,2.165050,1.882258,1.656103,2.358921,2.061370,2.035853,2.316742,1.629070,1.810037,0.000000
0.634105,0.967210,0.734672,0.722392,0.346860,0.565462,0.485373,0.291002,0.679045,0.121812,3.088691,1.888405,2.811452,2.214936,2.128096,3.063181,2.491835,2.817978,1.950521,0.000000
0.049813,0.350716,0.790540,0.975154,0.922657,0.310187,0.047700,0.100998,0.853948,0.032783,2.912224,2.349278,1.433317,3.720122,3.155120,1.784559,3.174220,2.176746,2.863935,0.000000
0.838191,0.422776,0.423753,0.785355,0.466708,0.875387,0.187803,0.630036,0.065279,0.401493,3.087684,1.633153,2.654686,2.345927,2.594497,2.020148,1.969402,2.813306,3.311025,0.000000
0.923427,0.186064,0.896393,0.010943,0.228547,0.569695,0.670460,0.370244,0.013904,0.969568,2.766369,2.691882,3.450623,2.001231,2.668596,2.244017,3.229625,2.417507,2.334501,0.000000
0.833815,0.681145,0.556255,0.114663,0.621044,0.365688,0.398307,0.741557,0.354124,0.499213,2.412996,2.147117,2.465529,2.197743,1.705691,2.471429,1.784087,2.770594,2.659544,0.000000
0.661189,0.749806,0.664204,0.671427,0.664023,0.921036,0.563625,0.285047,0.836846,0.067558,3.339654,2.360046,2.873216,2.648371,2.826207,2.784148,2.695005,2.968977,2.834871,0.000000
0.584154,0.411357,0.071397,0.110640,0.125964,0.160998,0.710107,0.623876,0.577063,0.107574,1.486501,2.291656,1.783831,1.751989,1.124345,2.438500,1.641127,1.499345,1.760374,0.000000
0.803631,0.760086,0.408348,0.759675,0.372049,0.399497,0.227311,0.397252,0.140289,0.180154,2.725904,1.396063,2.499091,1.985828,1.881610,2.113658,1.899540,2.400587,2.269530,0.000000
0.520290,0.481877,0.028749,0.643507,0.157829,0.970409,0.504251,0.619149,0.904317,0.716885,2.674094,2.891353,2.597452,2.579315,3.021908,2.639231,2.418401,2.281068,2.741515,0.000000
0.604723,0.422814,0.695054,0.872980,0.418777,0.609238,0.418768,0.311453,0.249097,0.463102,2.789843,1.590102,2.061205,2.318184,2.478205,1.763132,2.582667,2.040643,2.353702,0.000000
0.908049,0.059460,0.955825,0.965472,0.653909,0.979976,0.587001,0.836044,0.643344,0.115159,4.412660,2.671980,2.850995,4.132692,3.996818,3.012762,3.310730,3.564776,4.723527,0.000000
0.754113,0.150179,0.675591,0.648961,0.346635,0.333550,0.301838,0.207451,0.152145,0.889349,2.136175,1.978990,2.349626,1.742194,2.694004,1.806690,2.665678,1.883453,1.803226,0.000000
0.167920,0.050981,0.892721,0.428626,0.985896,0.095866,0.127842,0.208032,0.155142,0.503643,1.926898,2.170637,1.135872,2.826345,3.275704,1.195952,2.052244,2.072988,2.196167,0.000000
0.547979,0.485060,0.469320,0.885252,0.941561,0.542622,0.686825,0.695774,0.071531,0.822746,2.535173,3.369519,2.541972,3.298853,3.492449,2.138297,3.093007,2.812123,3.375919,0.000000
0.073156,0.846072,0.019864,0.211264,0.576816,0.899883,0.023072,0.003974,0.050455,0.674478,2.511656,1.294023,2.755698,1.346126,2.448206,1.509262,1.236778,2.745415,2.065855,0.000000
0.281230,0.847063,0.388492,0.191709,0.554978,0.444067,0.184104,0.328223,0.012641,0.765766,2.045681,1.688347,2.448294,1.652119,1.989087,1.735329,1.773295,2.292949,1.730306,0.000000
0.515426,0.471125,0.802170,0.493779,0.381554,0.476733,0.445394,0.662973,0.144121,0.774041,2.323024,2.254975,2.152830,2.261527,2.587152,1.840952,2.479967,1.936592,2.016837,0.000000
0.054323,0.329874,0.771622,0.705859,0.309476,0.651480,0.776543,0.901199,0.605457,0.332668,2.457098,2.825735,2.128164,2.756580,2.318025,2.552679,2.819935,2.353689,2.448710,0.000000
0.389758,0.184570,0.174244,0.440934,0.056067,0.556441,0.912233,0.804465,0.272019,0.644280,1.405522,2.751831,2.453234,1.898972,1.910474,2.641921,2.265936,1.956881,2.019642,0.000000
0.813075,0.242340,0.113685,0.641342,0.848120,0.757814,0.309957,0.016531,0.962832,0.807579,2.204207,3.066983,2.706787,2.859069,3.153677,2.770736,2.726371,3.018086,2.716582,0.000000
0.558714,0.580992,0.132374,0.969249,0.236457,0.580715,0.103991,0.279607,0.690325,0.750570,2.677236,1.829252,2.331000,2.473212,2.612173,2.108697,2.527882,1.926686,2.484212,0.000000
0.807717,0.230490,0.502016,0.753581,0.979255,0.509042,0.373905,0.119013,0.296833,0.332035,2.321394,2.326867,2.112708,2.545549,2.900569,1.948951,2.084227,2.997788,2.878516,0.000000
0.453328,0.206093,0.237670,0.842073,0.366930,0.524121,0.324719,0.362779,0.874375,0.185042,1.954289,2.132639,1.671092,2.679785,1.968458,2.269791,2.452467,1.760008,2.107024,0.000000
0.030030,0.044826,0.280278,0.920677,0.616004,0.762909,0.848558,0.398648,0.909851,0.423124,2.242548,2.881430,2.296980,3.245545,2.598073,2.494119,3.436309,2.152468,2.883654,0.000000
0.449736,0.043990,0.237409,0.349945,0.929436,0.199632,0.974750,0.027211,0.328572,0.414447,1.163195,2.734049,2.207522,1.946327,2.328100,2.483844,2.263735,2.154452,1.945177,0.000000
0.266657,0.793581,0.865208,0.908123,0.224028,0.169918,0.062568,0.458992,0.859379,0.503495,3.293266,1.972751,1.851022,3.288374,2.733395,2.364561,3.151038,1.656050,2.136766,0.000000
0.039265,0.633160,0.161224,0.310941,0.377245,0.254883,0.017117,0.722014,0.738611,0.373853,1.693437,1.968543,1.663138,2.192121,1.506146,1.958332,1.430941,1.754184,1.883796,0.000000
0.459694,0.644192,0.477874,0.323556,0.525405,0.626614,0.883005,0.433628,0.902280,0.897220,2.081126,3.493660,3.328093,2.431245,2.422352,3.108573,3.537481,2.187349,2.003917,0.000000
0.516164,0.041746,0.606890,0.308331,0.096542,0.133336,0.239856,0.486894,0.677283,0.061372,1.476328,1.787623,1.275909,1.818273,1.448696,2.044876,1.836260,1.307542,1.572354,0.000000
0.422153,0.610457,0.356157,0.671174,0.882738,0.383115,0.119742,0.605324,0.543998,0.999135,2.074603,3.179683,2.826892,2.780205,3.381642,1.938841,2.717026,2.457721,2.608743,0.000000
0.816721,0.272215,0.685987,0.216801,0.653834,0.036289,0.743223,0.569054,0.081869,0.446546,2.116373,2.226848,1.978049,2.158697,1.917163,2.340321,2.288323,2.073731,2.442014,0.000000
0.474752,0.379989,0.967510,0.402383,0.976670,0.853863,0.675399,0.208632,0.289666,0.732790,2.936894,2.920247,2.524643,3.082478,4.201113,1.876567,2.779213,2.935995,2.846401,0.000000
0.587052,0.735762,0.152028,0.133725,0.280161,0.902677,0.997050,0.046035,0.887100,0.175034,2.494931,2.699933,3.634755,1.746282,1.786211,3.580797,2.698834,2.476538,1.978862,0.000000
0.850237,0.802701,0.419389,0.281567,0.024491,0.424747,0.146847,0.279763,0.488801,0.598370,2.477782,1.470100,2.760888,1.372746,1.684390,2.431704,1.619377,2.456858,1.881349,0.000000
0.631219,0.436877,0.993857,0.571856,0.734090,0.218911,0.237210,0.967021,0.563931,0.215986,2.714141,2.567037,1.664910,3.763713,2.990255,2.852966,2.296343,2.891356,2.736308,0.000000
0.819307,0.454560,0.723744,0.993468,0.531125,0.538608,0.827365,0.797712,0.787988,0.845297,3.412231,3.505805,3.195354,3.644460,3.177522,3.430931,4.203164,2.736388,3.654416,0.000000
0.718108,0.773205,0.682347,0.302003,0.914821,0.326100,0.775577,0.738289,0.742284,0.212293,2.468618,3.372407,2.656516,3.054238,2.333152,3.309079,2.538789,3.110079,2.878303,0.000000
0.415377,0.748351,0.264872,0.030243,0.607939,0.385904,0.234086,0.431008,0.156005,0.896409,1.853079,2.152384,2.599407,1.802521,2.071960,1.721759,1.965479,2.155669,1.887837,0.000000
0.768250,0.094723,0.685241,0.871577,0.984601,0.289607,0.406909,0.005411,0.817930,0.680554,2.501021,3.093991,1.925410,3.235597,3.511761,2.504641,3.093502,2.712554,2.850441,0.000000
0.018097,0.395110,0.994905,0.795575,0.486345,0.293696,0.255430,0.611674,0.593320,0.409627,2.895936,1.893805,1.465603,3.450462,3.060365,1.536403,2.665381,1.640229,2.192255,0.000000
0.978169,0.306796,0.572867,0.889068,0.673991,0.363934,0.710422,0.426185,0.164844,0.218623,3.250777,2.037902,2.649204,2.645642,2.357118,2.399601,2.782730,2.777042,3.399632,0.000000
0.654068,0.619818,0.175454,0.929929,0.709750,0.642220,0.612806,0.367432,0.994704,0.976499,2.744593,3.821371,3.335119,3.654501,3.351209,2.983337,4.238214,2.580066,3.014500,0.000000
0.632427,0.249299,0.102903,0.097490,0.782245,0.667887,0.510230,0.166853,0.213630,0.798711,1.560965,2.247682,2.375807,1.781781,2.347099,1.812633,1.771576,2.536733,2.236666,0.000000
0.787806,0.966982,0.028570,0.195139,0.442042,0.792799,0.226702,0.483325,0.552882,0.544282,2.673736,1.733947,3.267203,1.779596,1.890954,3.005163,1.226815,3.377844,2.562500,0.000000
0.813406,0.122851,0.731306,0.590950,0.061303,0.004761,0.805351,0.433151,0.514543,0.122180,2.220105,2.129421,1.978724,1.922545,1.892129,2.635732,2.622559,1.562168,1.946733,0.000000
0.962632,0.209653,0.633104,0.429231,0.188390,0.275377,0.330093,0.990611,0.880423,0.758377,2.521917,3.324874,2.474093,2.807743,2.173293,3.737116,2.680927,3.158759,2.920253,0.000000
0.917604,0.597504,0.408176,0.814517,0.991932,0.994030,0.875364,0.649964,0.596451,0.674346,3.931371,3.677104,3.850268,3.312167,4.243513,3.198740,2.997100,3.994033,4.683560,0.000000
0.837892,0.748300,0.331882,0.406172,0.687982,0.429550,0.096671,0.980816,0.008920,0.600365,2.372489,2.342717,2.655839,2.525170,2.119001,2.998947,1.538152,3.712359,3.037339,0.000000
0.785582,0.234502,0.491868,0.190058,0.881322,0.514438,0.762836,0.601104,0.563997,0.488446,1.852537,2.892192,2.420674,2.514670,2.207748,2.678848,2.194638,2.857482,2.895085,0.000000
0.883714,0.347616,0.792992,0.665227,0.293864,0.082095,0.653415,0.956945,0.503214,0.293598,2.809840,2.706208,2.077537,2.715381,2.172242,3.259578,2.554022,2.675670,2.784008,0.000000
0.412515,0.019461,0.406591,0.447506,0.374648,0.656490,0.102079,0.780344,0.493379,0.372530,1.472084,1.857757,1.734350,2.080691,1.788139,2.027807,1.555124,2.156405,2.250544,0.000000
0.835049,0.524865,0.680499,0.233470,0.571737,0.580770,0.666979,0.634296,0.790343,0.178348,2.520470,2.625096,2.636622,2.510011,1.732684,2.958108,2.447472,2.668505,2.644001,0.000000
0.632966,0.313917,0.198609,0.150539,0.586055,0.056249,0.353380,0.507204,0.196617,0.404578,1.458386,1.714163,1.434821,1.855879,1.517065,1.784982,1.353984,1.696582,2.011436,0.000000
0.708418,0.373841,0.996726,0.212747,0.513122,0.505066,0.125588,0.517260,0.392598,0.387807,2.620428,1.511849,2.009368,2.797680,2.518078,1.943422,2.054073,2.180446,2.161689,0.000000
0.180895,0.347539,0.980699,0.369463,0.933484,0.021683,0.154322,0.191010,0.244682,0.210738,2.359937,1.916244,1.149369,3.023570,3.152308,1.250841,2.057797,1.913837,2.070367,0.000000
0.310912,0.706602,0.206875,0.104180,0.860369,0.499637,0.734670,0.334631,0.571101,0.014723,1.815753,2.504354,2.320296,2.182754,1.774241,2.222284,1.808498,2.523409,2.208951,0.000000
0.347080,0.154865,0.958325,0.816022,0.770283,0.028370,0.071128,0.819795,0.509896,0.782298,2.621671,2.521471,1.387185,3.832395,3.728483,2.059194,2.915766,2.034370,2.789501,0.000000
0.992777,0.357158,0.882997,0.690799,0.448457,0.824732,0.916198,0.512967,0.148935,0.881726,3.893544,2.805189,4.168329,2.581006,3.547899,2.859083,3.656554,3.056122,3.403779,0.000000
0.909911,0.770533,0.844036,0.128042,0.217980,0.295583,0.303486,0.313858,0.644642,0.511956,3.116390,1.739071,2.686307,1.964523,1.910264,2.634747,2.118260,2.451999,2.072714,0.000000
0.075984,0.280153,0.362610,0.123933,0.064050,0.622791,0.728654,0.790546,0.804660,0.589694,1.563987,2.995541,2.054916,2.222049,1.582917,2.502636,2.353709,1.942263,2.036272,0.000000
0.864015,0.706726,0.593832,0.244826,0.223270,0.098198,0.593939,0.554532,0.968050,0.072851,2.555640,2.809208,2.367108,2.571097,1.385624,3.281516,2.811437,2.094950,2.163501,0.000000
0.523763,0.866480,0.569711,0.710045,0.920312,0.222195,0.990728,0.517303,0.808227,0.184034,2.590883,3.447635,3.080301,3.208982,2.629281,3.709465,3.255257,2.813578,2.630983,0.000000
0.522434,0.319251,0.070803,0.823574,0.824171,0.383547,0.652673,0.011167,0.164553,0.755228,1.943432,2.362841,2.055213,2.249769,2.962093,1.830855,2.380835,2.215785,2.200232,0.000000
0.702457,0.528919,0.859009,0.006766,0.483781,0.988173,0.177002,0.228800,0.721733,0.498258,3.391381,1.693435,2.646245,2.201901,2.854991,2.273036,2.147804,2.647732,2.671271,0.000000
0.846773,0.108445,0.907189,0.534308,0.226568,0.036015,0.457065,0.427876,0.925822,0.293625,2.519321,2.441739,1.700757,2.980899,2.309469,2.832937,2.956269,1.708984,2.036926,0.000000
0.611426,0.649409,0.282932,0.693472,0.185105,0.495540,0.943105,0.361649,0.465894,0.475408,2.208703,2.226320,2.961249,1.778333,1.962116,2.799934,2.578904,1.942425,1.817733,0.000000
0.188303,0.557386,0.233128,0.471878,0.794048,0.169147,0.240624,0.939374,0.774974,0.162598,1.717862,2.904854,1.489968,3.036349,2.002065,2.635291,1.676334,2.634320,2.599379,0.000000
0.004674,0.422697,0.992171,0.965875,0.950780,0.734334,0.874850,0.363936,0.377210,0.412702,3.598967,2.866943,2.510759,4.150707,4.178270,1.847576,3.695260,2.676624,3.504536,0.000000
0.204100,0.023241,0.604054,0.464527,0.433707,0.381027,0.529915,0.036990,0.781851,0.962866,1.509792,2.884102,2.296541,1.779429,2.614389,1.964198,3.136797,1.577631,1.303776,0.000000
0.681549,0.207879,0.811361,0.695110,0.994000,0.520002,0.290272,0.482347,0.950491,0.301054,2.422221,3.360206,1.889374,3.974052,3.239239,2.663958,3.015477,2.852599,2.989041,0.000000
0.955196,0.241509,0.896281,0.109135,0.013133,0.020600,0.861559,0.257134,0.119063,0.381206,2.841301,1.950482,2.509482,1.837196,1.899777,2.614087,2.661006,1.896818,2.089801,0.000000
0.922213,0.918417,0.278479,0.842425,0.110187,0.135115,0.299834,0.590347,0.472917,0.017593,3.261199,1.754128,2.771006,2.252035,1.850132,2.947707,1.989888,2.714753,2.752549,0.000000
0.105148,0.363031,0.826518,0.297477,0.483934,0.094680,0.085965,0.805882,0.676528,0.692108,2.072580,2.301048,1.386496,2.661589,2.356501,1.991558,2.231406,1.687308,2.043375,0.000000
0.373991,0.515203,0.296420,0.125747,0.373761,0.685536,0.897265,0.452258,0.204907,0.539797,1.833234,2.202602,2.697270,1.597995,1.628470,2.216486,2.188757,1.966918,1.933724,0.000000
0.110115,0.809542,0.124186,0.722866,0.938594,0.344941,0.862732,0.128884,0.181239,0.058934,2.216861,2.613741,2.555627,2.388675,2.558324,2.133070,2.246424,2.656765,2.248406,0.000000
0.203515,0.725131,0.346888,0.049162,0.169240,0.402402,0.880595,0.379402,0.532684,0.469997,1.872151,2.224626,2.560898,1.493701,1.299938,2.391327,2.214139,1.723816,1.474920,0.000000
0.974116,0.832838,0.513369,0.746535,0.073800,0.190943,0.702896,0.421416,0.735517,0.942777,3.390875,3.068408,3.797807,2.171238,2.705476,3.294598,3.428761,2.615127,2.566110,0.000000
0.987110,0.879111,0.465308,0.261728,0.074784,0.648625,0.893146,0.070053,0.047069,0.228983,3.227744,1.900910,4.020260,1.115392,1.476264,3.226894,2.283697,3.213323,2.299189,0.000000
0.704589,0.693138,0.314326,0.878615,0.936737,0.396247,0.475641,0.250352,0.401768,0.612759,2.668502,2.465405,2.364047,2.835211,3.095584,2.137533,2.370268,2.855320,2.960094,0.000000
0.083929,0.334708,0.901372,0.072123,0.017392,0.387801,0.966476,0.055349,0.991159,0.022558,2.170175,2.943250,2.372920,2.616131,1.741517,2.973297,3.792392,1.401245,1.114024,0.000000
0.433524,0.671359,0.048316,0.317070,0.770629,0.206013,0.818105,0.651225,0.034987,0.609125,1.722684,2.651693,2.270026,2.276972,2.146133,2.298545,1.887153,2.201638,2.292365,0.000000
0.267675,0.003426,0.790463,0.968498,0.566050,0.576203,0.907847,0.952055,0.061148,0.919284,2.648302,3.586761,2.931195,3.489529,3.448880,2.841224,4.237253,2.697979,3.321011,0.000000
0.872500,0.899341,0.886709,0.006605,0.776625,0.360558,0.462550,0.802881,0.961159,0.407327,3.208117,3.305165,2.890555,3.807643,2.265227,3.899152,2.948497,3.615702,3.032411,0.000000
0.541161,0.081164,0.128255,0.482532,0.159693,0.205553,0.188045,0.942491,0.382054,0.318163,1.258163,2.142452,1.375133,2.101685,1.588470,2.482838,1.294354,2.133261,2.088602,0.000000
0.045373,0.807606,0.448106,0.941960,0.797565,0.947877,0.564521,0.415742,0.471871,0.157184,3.651448,2.165764,2.701855,2.955289,3.279502,1.821370,2.626587,3.021902,3.645086,0.000000
0.450074,0.905611,0.822967,0.971799,0.852185,0.372763,0.120057,0.764484,0.610275,0.958968,3.538421,3.226919,3.095273,3.924666,3.976189,2.774933,3.685493,3.123888,3.450258,0.000000
0.334565,0.862027,0.479201,0.654553,0.616465,0.444453,0.557358,0.245603,0.372986,0.922902,2.415310,2.484076,2.991039,1.950692,2.810651,2.126463,2.802980,2.415010,1.846108,0.000000
0.920028,0.082784,0.536159,0.325765,0.778613,0.236543,0.137449,0.226825,0.408655,0.706871,2.067134,1.792970,2.198994,1.939829,2.380833,2.092275,1.850685,2.622188,2.566448,0.000000
0.520394,0.100228,0.782643,0.916378,0.738305,0.171061,0.328792,0.813051,0.258324,0.473869,2.521307,2.276877,1.357615,3.425769,2.918716,2.059669,2.711849,2.212479,3.082700,0.000000
0.324847,0.285606,0.383229,0.521358,0.623423,0.916672,0.121207,0.365894,0.149342,0.887678,2.283883,1.973487,2.583898,1.905026,3.220443,1.368755,2.160608,2.352819,2.574473,0.000000
0.322139,0.246599,0.253692,0.317898,0.940730,0.183821,0.910706,0.009641,0.614690,0.503605,1.347695,2.944136,1.998333,2.070557,2.408389,2.456220,2.267282,2.105921,1.914841,0.000000
0.666203,0.289966,0.642286,0.190238,0.563174,0.178271,0.659919,0.312908,0.843277,0.283004,1.841622,2.420565,1.749499,2.251950,1.619310,2.676346,2.517512,1.801183,1.832969,0.000000
0.652829,0.506558,0.689661,0.185122,0.468429,0.988058,0.461711,0.052921,0.122498,0.882969,3.060193,2.096734,3.105025,1.434935,3.235469,1.799623,2.517040,2.551555,2.418799,0.000000
0.566492,0.537832,0.870824,0.853415,0.714516,0.437761,0.919411,0.351125,0.888892,0.171395,3.012786,2.932135,2.623525,3.608302,2.838722,3.194014,3.893496,2.219099,2.501223,0.000000
0.513158,0.635767,0.102824,0.524366,0.017394,0.063870,0.779177,0.480562,0.584672,0.518106,1.826121,2.282038,2.009125,1.741911,1.792918,2.485254,1.994499,1.388311,1.590112,0.000000
0.371823,0.435322,0.481585,0.400415,0.940397,0.198071,0.717978,0.453173,0.008558,0.583083,1.740091,2.774391,1.772111,2.427623,2.626132,1.799816,2.176866,2.188848,2.374698,0.000000
0.700454,0.428700,0.635776,0.290394,0.688290,0.229916,0.956122,0.506804,0.719933,0.938167,2.028809,3.515267,3.319848,2.377551,2.660651,3.173267,3.542511,2.114538,2.235489,0.000000
0.384451,0.679048,0.794362,0.745461,0.278016,0.110224,0.481520,0.609006,0.889099,0.574601,2.732867,2.665909,1.744549,3.041742,2.495307,2.568530,3.105080,1.540732,1.939694,0.000000
0.428002,0.702692,0.086553,0.035373,0.433559,0.712737,0.678647,0.120200,0.946741,0.836951,1.982647,3.047677,2.907710,2.111609,2.001341,2.808414,2.798439,2.222954,1.703797,0.000000
0.156101,0.343510,0.662134,0.056011,0.175702,0.550357,0.079994,0.138280,0.748777,0.618433,1.873945,1.665372,1.762663,1.610945,1.686600,1.722428,2.050360,1.599007,1.336445,0.000000
0.875402,0.564820,0.985535,0.519629,0.060431,0.957182,0.988565,0.442600,0.526844,0.604840,4.029914,2.464526,3.983035,2.593341,3.632542,3.214912,3.277526,2.750439,2.948365,0.000000
0.713426,0.243741,0.854796,0.883295,0.569368,0.844594,0.518583,0.758499,0.872009,0.222474,3.357244,2.819266,2.339989,3.806408,3.081029,2.945142,3.319533,2.786479,3.481903,0.000000
0.296090,0.887619,0.095882,0.725764,0.920981,0.010982,0.237014,0.889118,0.038951,0.000854,2.281373,2.690208,1.827963,3.119619,2.507031,2.486838,1.534342,3.061527,2.946373,0.000000
0.981123,0.478062,0.076826,0.142082,0.384545,0.317244,0.439034,0.286706,0.562124,0.124299,2.406073,1.707503,2.527400,1.537297,1.217645,2.413458,1.328809,2.463719,2.393170,0.000000
0.753445,0.073154,0.518043,0.534989,0.021590,0.274403,0.364514,0.150884,0.556424,0.053758,1.743117,1.559562,1.725124,1.437638,1.611466,2.112006,1.857380,1.702690,1.538096,0.000000
0.644662,0.542927,0.060080,0.543295,0.703309,0.207710,0.095504,0.855777,0.916296,0.597103,1.820104,2.896374,1.846377,3.215711,2.248114,3.068649,2.002600,2.516146,2.579430,0.000000
0.157019,0.472347,0.883125,0.268661,0.638219,0.676858,0.939810,0.468001,0.140730,0.061242,2.481632,2.267526,2.683961,2.432277,2.282697,2.078390,2.785829,2.160282,2.187426,0.000000
0.219369,0.917014,0.919737,0.523300,0.589414,0.599036,0.791578,0.572295,0.363340,0.617964,3.035509,2.384036,2.933247,2.738574,2.902657,2.603110,2.841798,2.725530,2.176223,0.000000
0.998995,0.497329,0.528194,0.340588,0.034242,0.608065,0.743365,0.048504,0.534456,0.273961,2.947521,1.904015,3.159289,1.211889,1.576646,2.725845,2.169535,2.667401,2.275074,0.000000
0.227534,0.350884,0.558146,0.544014,0.853571,0.791800,0.120568,0.960573,0.469187,0.881293,2.217087,3.202885,2.458532,2.952786,3.350866,2.306119,2.359650,3.365130,3.235902,0.000000
0.326469,0.742792,0.317862,0.372844,0.697026,0.837716,0.904332,0.342817,0.024404,0.374408,2.391844,2.206051,3.100431,1.883738,2.274437,2.306571,2.207159,2.667508,2.435110,0.000000
0.470948,0.552915,0.316495,0.331328,0.259009,0.285586,0.379535,0.073903,0.340457,0.430539,1.719275,1.459984,1.731295,1.193972,1.546001,1.693235,1.535848,1.550587,1.217465,0.000000
0.026558,0.242926,0.360071,0.684883,0.787291,0.939678,0.043725,0.143365,0.950364,0.524326,2.473510,2.300683,2.038341,2.906252,3.197239,1.931101,2.534080,2.563066,2.743610,0.000000
0.628027,0.968348,0.667614,0.494737,0.660879,0.411368,0.533263,0.770268,0.044722,0.218924,2.661487,2.255031,2.678140,2.460752,2.041747,2.985138,2.075374,3.246262,2.461847,0.000000
0.168757,0.641705,0.046805,0.662806,0.778211,0.780107,0.682306,0.274285,0.233260,0.976431,2.305565,2.964655,3.301006,2.174036,3.376437,1.655281,2.713219,2.561645,2.483374,0.000000
0.942686,0.838347,0.661319,0.164942,0.368205,0.712162,0.976299,0.433072,0.931723,0.844562,3.281852,3.488229,4.590918,2.453233,2.302602,4.190650,3.829898,3.194658,2.719668,0.000000
0.908182,0.535303,0.421792,0.748584,0.272862,0.193794,0.387074,0.379907,0.286614,0.291253,2.751936,1.563657,2.253952,1.893949,1.885653,2.113109,2.000238,2.107337,2.376999,0.000000
0.717988,0.107672,0.570855,0.068118,0.920320,0.684707,0.361695,0.345945,0.477774,0.847008,1.844464,2.765358,2.519495,2.305978,2.821732,2.007912,2.241585,2.906914,2.779690,0.000000
0.189980,0.409239,0.493820,0.913558,0.297470,0.423258,0.444380,0.200649,0.506933,0.856203,2.447884,2.154655,2.096722,2.146988,2.746016,1.547814,3.024629,1.546977,2.002593,0.000000
0.630395,0.176282,0.078712,0.936743,0.995282,0.160479,0.129823,0.393899,0.993083,0.983485,2.104674,4.176557,2.362462,4.179083,3.890041,2.643040,3.818990,2.412031,3.267818,0.000000
0.813571,0.352691,0.157719,0.976486,0.012555,0.038691,0.215907,0.094322,0.133308,0.128065,2.665103,1.227441,1.703790,2.025995,1.993507,1.846943,2.135748,1.592830,2.420474,0.000000
0.437164,0.534280,0.917089,0.217833,0.728559,0.248736,0.658058,0.493653,0.764475,0.283197,2.405463,2.560230,1.807084,3.025058,2.393072,2.409474,2.628004,1.973884,2.076856,0.000000
0.584082,0.682028,0.509268,0.435301,0.508584,0.315861,0.448659,0.466944,0.652167,0.052398,2.101798,1.978110,2.020803,2.023240,1.640004,2.294831,1.911030,2.012353,1.889129,0.000000
0.976823,0.154175,0.252546,0.848526,0.169205,0.665744,0.467172,0.078904,0.520082,0.558784,2.914695,1.711704,2.723694,1.792659,2.300456,2.349394,2.217275,2.627011,2.752940,0.000000
0.370792,0.281602,0.637183,0.722137,0.216340,0.546729,0.735818,0.166995,0.094627,0.143635,2.160545,1.765453,1.970215,1.695492,1.966582,1.780689,2.555627,1.650930,1.592506,0.000000
0.900155,0.119447,0.645556,0.783520,0.769012,0.150937,0.397231,0.188648,0.905961,0.561037,2.608711,2.544421,1.975064,3.046805,2.726813,2.784890,2.993734,2.472135,2.735309,0.000000
0.827770,0.324719,0.833221,0.955654,0.064717,0.723952,0.030404,0.875777,0.696584,0.635394,3.555080,2.298388,2.500152,3.389795,3.040506,2.904904,3.033924,2.821639,3.525978,0.000000
0.373175,0.422068,0.560173,0.085558,0.460428,0.472042,0.394143,0.974183,0.707906,0.149129,1.793375,2.719116,1.726358,2.493094,1.327309,2.849591,1.894421,2.645148,2.310757,0.000000
0.167382,0.242803,0.291633,0.230222,0.794797,0.100679,0.472371,0.682612,0.175550,0.694928,1.340289,2.494119,1.376179,2.329576,2.222466,1.521563,1.760353,1.888754,2.316767,0.000000
0.260060,0.329801,0.846069,0.549953,0.998268,0.779288,0.147463,0.397608,0.438089,0.274092,2.581958,2.386645,1.907665,3.030853,3.419712,1.484083,2.055928,2.815183,2.922281,0.000000
0.370761,0.566810,0.747217,0.578642,0.556399,0.589270,0.586881,0.986904,0.123712,0.142974,2.446469,2.616496,2.080201,2.723397,2.154121,2.595344,2.285838,2.989244,2.584869,0.000000
0.562785,0.193758,0.742568,0.588949,0.946812,0.182488,0.361831,0.805374,0.110759,0.810776,2.007014,3.204819,1.765771,3.132038,3.399331,2.043414,2.509908,2.597433,2.879077,0.000000
0.696371,0.470546,0.304590,0.906259,0.221876,0.695606,0.487396,0.715777,0.585912,0.713300,2.705523,2.460285,2.495800,2.629793,2.597447,2.441004,2.614385,2.319435,2.948056,0.000000
0.371948,0.207478,0.357835,0.712244,0.794930,0.538096,0.981297,0.848517,0.131459,0.959218,1.787795,3.867561,3.371918,2.847911,3.196179,2.852920,3.528716,2.663169,2.838666,0.000000
0.132206,0.096374,0.533972,0.490072,0.135348,0.166352,0.171186,0.846762,0.261736,0.973312,1.500008,2.803614,2.052305,2.030886,2.521312,1.719835,2.579653,1.622387,1.898259,0.000000
0.709162,0.239679,0.589637,0.529790,0.580829,0.631577,0.647682,0.119508,0.107133,0.559855,2.074524,1.827543,2.276644,1.676975,2.260545,1.993332,2.256087,2.328909,2.003457,0.000000
0.423261,0.672741,0.524702,0.151171,0.063723,0.294355,0.200425,0.607169,0.931099,0.033019,1.972599,2.376294,1.824376,2.406050,1.230527,2.571960,2.268138,1.661589,1.668908,0.000000
0.807016,0.322938,0.254264,0.153560,0.606291,0.032071,0.638193,0.465896,0.839108,0.222906,1.733514,2.530461,1.828385,2.333928,1.430293,2.821675,2.083640,1.958076,2.257763,0.000000
0.115778,0.343850,0.130882,0.218334,0.526608,0.448116,0.499232,0.844152,0.151883,0.237902,1.411733,2.259030,1.630780,2.132446,1.439331,1.775866,1.393807,2.169613,2.212129,0.000000
0.724580,0.841461,0.420799,0.920890,0.931163,0.406084,0.921110,0.421229,0.279169,0.647943,3.026400,2.996607,3.328618,3.088510,3.190495,3.037371,3.228144,3.168171,3.293174,0.000000
0.245747,0.463421,0.814997,0.619145,0.061360,0.351074,0.218217,0.949125,0.297660,0.003540,2.381072,2.145430,1.582942,2.557650,2.065909,2.177625,2.102295,2.186028,2.090792,0.000000
0.743496,0.060926,0.333720,0.646038,0.905192,0.367804,0.329116,0.281594,0.647096,0.072137,1.687422,2.287119,1.794244,2.550078,2.412066,2.204166,1.825158,2.599955,2.568832,0.000000
0.976658,0.070459,0.604962,0.131986,0.512321,0.094980,0.599778,0.901860,0.107227,0.559714,2.327431,2.547801,2.215881,2.247793,1.713684,2.865457,2.065153,2.885690,3.075080,0.000000
0.409859,0.397715,0.081521,0.981897,0.390886,0.231885,0.846419,0.581840,0.635229,0.534175,2.365485,2.531828,2.015671,2.844127,2.327678,2.544329,2.929466,1.545230,2.688021,0.000000
0.986013,0.596288,0.136821,0.956084,0.612224,0.256100,0.207125,0.276941,0.836114,0.620100,3.425257,2.102206,2.663809,3.014483,2.571532,2.775252,2.610162,2.717592,3.412650,0.000000
0.329899,0.453663,0.354956,0.960897,0.004630,0.153988,0.690579,0.647858,0.154511,0.231459,2.471345,2.116857,1.623800,2.541302,2.030431,1.878489,2.722031,1.346401,2.482564,0.000000
0.093719,0.904697,0.266496,0.273289,0.610854,0.149748,0.915973,0.977057,0.013493,0.078915,1.996639,2.955708,2.672984,2.371955,1.512571,3.379808,2.125953,3.084048,2.355160,0.000000
0.128377,0.532289,0.963360,0.569246,0.273447,0.495972,0.422031,0.597240,0.037885,0.088064,2.705355,1.780369,1.813148,2.686215,2.488758,1.374942,2.325989,1.729126,1.854060,0.000000
0.193404,0.568700,0.956845,0.911355,0.702255,0.592272,0.243027,0.658648,0.782353,0.539320,3.364517,2.411102,1.972043,4.085454,3.459664,2.067518,3.150552,2.321225,2.989662,0.000000
0.958451,0.118675,0.530619,0.300040,0.430856,0.992274,0.821506,0.018459,0.875602,0.102830,3.205512,2.508112,3.342284,1.860967,2.431833,3.279565,2.747289,3.058571,3.027407,0.000000
0.347402,0.819987,0.843639,0.489711,0.863815,0.890920,0.094344,0.704423,0.385303,0.379316,3.284236,2.149413,2.613158,3.017431,3.346004,2.113637,1.999175,3.304564,3.200487,0.000000
0.063843,0.284977,0.142125,0.136614,0.815048,0.911674,0.637446,0.575609,0.681365,0.175200,1.998538,2.645723,2.158422,2.458055,2.338949,1.898776,1.698814,2.646021,2.997714,0.000000
0.086250,0.332113,0.893781,0.452652,0.439866,0.774117,0.129621,0.803569,0.069427,0.506417,2.582818,1.857915,1.918647,2.660189,2.710362,1.514246,2.069101,2.315461,2.480005,0.000000
0.260341,0.920322,0.196596,0.622936,0.020334,0.811518,0.185912,0.469342,0.648176,0.375305,2.635601,1.698354,2.684796,1.888291,2.117250,2.395659,1.607140,2.569747,2.102587,0.000000
0.150472,0.716862,0.859822,0.185509,0.620812,0.393038,0.751582,0.393507,0.472755,0.098664,2.486481,2.104398,2.229429,2.305190,1.990444,2.011809,2.454791,2.055371,1.840362,0.000000
0.179766,0.364446,0.637877,0.105511,0.572264,0.856573,0.706418,0.361525,0.594528,0.766574,2.311036,2.453952,2.508941,1.920727,2.507241,1.909263,2.557672,2.213686,2.318551,0.000000
0.273810,0.118632,0.881924,0.258318,0.117381,0.742166,0.119599,0.201567,0.335244,0.663359,2.218590,1.391568,1.905425,1.778740,2.530106,1.389583,2.111340,1.777003,1.630910,0.000000
0.746268,0.287849,0.225985,0.300177,0.955783,0.096245,0.454657,0.392871,0.220435,0.520572,1.597510,2.490775,1.675670,2.336390,2.446916,1.914642,1.533704,2.441599,2.619876,0.000000
0.439754,0.884239,0.496435,0.422505,0.125825,0.276888,0.406702,0.729653,0.212382,0.654911,2.228432,2.132668,2.291647,1.853092,1.915770,2.376140,1.921658,2.195911,1.817573,0.000000
0.124581,0.528059,0.437801,0.223794,0.918277,0.425673,0.136201,0.690541,0.914892,0.663046,1.763800,3.225045,1.834948,3.261680,2.488459,2.232577,2.301820,2.505613,2.611707,0.000000
0.239114,0.733629,0.928993,0.929853,0.836913,0.045656,0.604456,0.446789,0.761280,0.091580,3.401418,2.655928,1.731039,3.978992,3.269249,2.291869,3.354100,2.067226,2.845715,0.000000
0.368144,0.922554,0.087684,0.968289,0.172324,0.322609,0.847313,0.968562,0.358191,0.054040,2.855689,2.831541,2.739045,2.922577,1.979881,3.653096,2.719380,2.978965,2.901390,0.000000
0.788279,0.984830,0.401690,0.804162,0.565023,0.196291,0.406783,0.073727,0.549917,0.081510,2.972070,1.636150,2.683388,2.014920,2.017517,3.084443,2.137530,2.946053,2.122951,0.000000
0.908074,0.855395,0.541737,0.701309,0.357707,0.059338,0.854523,0.833706,0.015826,0.683940,3.111270,2.774261,3.222694,2.353247,2.300983,3.473386,2.835686,2.874249,2.811479,0.000000
0.371395,0.083305,0.526111,0.723501,0.554843,0.394150,0.925080,0.476336,0.084521,0.005182,1.770019,2.205164,2.184667,2.203266,1.980464,2.221685,2.760609,1.777800,2.062688,0.000000
0.043618,0.908121,0.625713,0.732879,0.218154,0.950907,0.184067,0.543303,0.831431,0.304178,3.510896,2.063050,2.779425,2.558309,2.766552,2.445877,2.459104,2.726021,2.662157,0.000000
0.107353,0.004701,0.573809,0.677942,0.926322,0.336420,0.109170,0.666999,0.647924,0.756839,1.658367,2.836204,1.586145,3.075100,3.158317,1.726385,2.339607,2.327745,2.706485,0.000000
